78.073
77.9001428571429
77.589
77.1672285714286
76.6569542857143
76.0758777142857
75.4381593142857
74.7551274514286
74.4457019611429
74.2175615689143
74.0489692551315
73.9280154041052
73.8451723232841
73.7928178586273
73.7648542869019
73.6738834295215
73.5325067436172
73.5402053948938
73.667164315915
73.695931452732
73.6461451621856
73.8255161297485
71.7778129037988
72.057650323039
72.3903202584312
72.882656206745
73.317324965396
73.6817599723168
73.9900079778534
73.9560063822828
74.0310051058262
74.130604084661
74.4306832677288
74.488346614183
74.4578772913464
74.3569018330771
74.6583214664617
74.7476571731694
75.0875257385355
75.9416205908284
76.5479821869484
76.9561571781302
77.2057828853613
77.3285691654319
77.3498839037741
77.2900214087336
77.1652171269869
76.7749737015895
76.6781789612716
76.6141431690173
76.5763145352138
76.5808516281711
76.6192813025368
76.6916250420295
76.7911000336236
76.9122800268989
76.8846240215191
77.1490992172153
77.0796793737722
77.2505434990178
76.9968347992142
77.0374678393714
77.2607742714971
77.3092194171977
77.3385755337582
77.5027604270065
77.7748083416052
78.0130466732842
78.2242373386274
78.4137898709019
78.5800318967215
78.7276255173772
78.6931004139018
78.8470803311214
78.4890642648971
78.3196514119177
78.3011211295342
78.4032969036273
78.6020375229019
78.7628300183215
78.9156140146572
79.0619912117258
79.2032429693806
79.3403943755045
79.4163155004036
78.6251524003229
77.1403219202583
76.0609242028733
75.305872695632
74.8102981565056
74.5223051918711
74.4003774868303
74.4113019894642
74.528508258238
74.7307399399238
75.000991951939
75.3256602282179
75.6938615159076
76.0968892127261
76.3432931883627
76.4643981870538
76.4852640041885
76.4259384760781
76.3024598717716
76.1276588065082
75.9117997724793
75.663094363438
75.3881118543868
75.0921076653276
74.7792861322621
74.5466289058097
74.3781031246477
74.2686158330515
74.2063593331079
74.1818874664863
73.9087099731891
73.7591679785513
73.676934382841
73.6937475062728
73.7897980050183
73.9334384040146
74.0154173898784
74.048067245236
74.0412537961888
74.2702030369511
74.4625624295608
74.4318499436487
74.441279954919
74.6014239639352
74.8003391711481
74.7554713369185
74.9741770695348
75.1493416556279
75.3312733245023
75.5027186596018
75.6657749276815
75.5146199421452
75.6942959537161
75.8182367629729
75.8975894103783
76.2398715283027
76.1626972226421
76.3171577781137
76.228926222491
76.2097409779928
76.3017927823942
76.5242342259154
76.4831873807323
76.3867499045859
76.3543999236687
76.4155199389349
76.697015951148
76.9582127609184
77.0674702087347
77.0551761669878
77.1197409335902
77.3869927468722
77.4974941974977
77.4825953579982
77.7202762863986
77.9318210291189
78.1224568232951
78.4959654586361
78.3767723669089
78.5082178935271
78.4583743148217
78.4482994518574
78.4700395614859
78.4756316491887
78.468305319351
78.7304442554808
78.6849554043846
78.7136643235077
78.8017314588062
78.8978851670449
79.0005081336359
79.1014065069088
79.158125205527
79.1795001644216
79.1576001315373
79.1871801052298
79.2579440841839
79.3299552673471
79.4029642138777
79.3958804620112
79.3247225514272
79.202305313869
79.0388806147316
78.8426499463307
78.6201745025191
78.3767032383789
78.1164353179759
77.8427300725625
77.5582749671409
77.2652199737127
76.9652850698793
76.6598462377216
76.3500042629046
76.03663977396
75.7204572737135
75.4020203644253
75.0817799279039
74.7600966695958
74.4372591538585
74.1134982321777
73.7889985857422
73.5287988685937
73.320039094875
73.3614312759
73.34374502072
73.425396016576
73.5331168132608
73.5666934506086
73.5913547604869
73.6656171417229
73.779560380045
73.925248304036
73.8457986432288
73.814038914583
73.8136311316664
74.0369049053331
72.2145239242665
72.8000191394132
73.2256153115306
73.6694922492245
73.8045937993796
73.9952750395037
74.1196200316029
74.1728960252824
74.4963168202259
74.7114534561807
74.9907627649446
75.0222102119557
75.0791681695645
75.3519345356516
75.4689476285213
75.697558102817
75.9104464822536
76.5289571858029
76.8178657486423
76.8430925989139
76.7302740791311
76.6762192633049
76.1683754106439
76.2055003285151
76.3680002628121
76.5771002102497
76.8234801681998
76.9099841345598
77.0989873076478
76.9921898461183
77.2235518768946
77.2300415015157
75.2650332012126
75.89622656097
76.318381248776
76.8209049990208
76.9919239992167
77.3429391993733
77.4717513594987
77.7736010875989
78.0277808700792
78.2438246960633
78.2418597568507
78.4718878054805
78.6965102443844
78.8952081955075
78.820766556406
79.0454132451248
79.2039305960999
79.2784778102132
79.2858489148373
79.2394791318698
79.2669833054959
79.2944066443967
79.3217653155174
79.3490722524139
79.3763378019311
79.4035702415449
79.4307761932359
79.4579609545887
79.485128763671
79.5122830109368
79.5394264087494
78.2892411269996
76.0171929015997
76.2507543212797
76.7914034570238
77.1189381502344
77.2759812894183
77.2966311853808
77.2081664867662
77.0324101124899
76.7868203976842
76.485364010455
76.1392142852871
75.7573098897682
75.3468017579684
74.9134106371439
74.4617131250998
73.9953705000798
73.7190964000639
73.5948771200511
73.5923016960409
73.6082413568327
73.6389930854662
73.6484944683729
73.6409955746984
73.6198964597587
73.5879171678069
73.5472337342456
73.4995869873965
73.5336695899172
73.6331356719337
73.784908537547
73.9785268300376
73.1534214640301
71.5133371712241
72.0028697369792
72.4687957895834
72.9158366316667
73.9298693053334
74.2346954442667
74.3935563554134
74.5694450843307
74.7589560674646
74.8151648539717
74.7647318831773
74.8943855065419
75.1681084052335
75.1396867241868
75.0737493793495
75.3557995034796
75.7802396027837
75.9873916822269
76.1873133457815
76.1488506766252
76.4740805413002
76.3928644330402
76.5094915464321
77.0565932371457
77.3503945897166
77.4415556717733
77.3706045374186
77.1699636299349
76.8655709039479
76.7619567231583
76.8189653785267
76.8687723028213
76.5078178422571
76.3858542738057
76.4550834190445
76.6772667352356
76.4219633881885
75.7846707105508
74.8417865684407
73.6544292547525
74.511543403802
75.2480347230416
76.0128277784333
76.6068622227466
76.9684897781973
77.2611918225579
77.5221534580463
77.757722766437
78.1855782131496
78.5175625705197
78.7728500564158
78.9667800451326
79.1116240361061
79.2171992288849
79.2913593831079
79.3403875064863
79.3693100051891
79.4330480041513
79.524638403321
79.6169107226568
78.9825285781255
77.7668228625004
76.0860582900003
74.0332466320002
71.6827973056002
69.9349628444802
68.6692202755841
67.7891512204673
67.2176209763738
66.8929217810991
66.7656874248793
66.7964249399034
66.9535399519227
67.2117569615382
67.5508555692306
67.9546594553844
68.4102275643076
68.9072070514461
69.4373156411568
69.9939275129255
70.5717420103404
70.8865936082723
71.1617748866178
71.4052199092943
71.6232759274354
71.8210207419483
72.0025165935587
72.1710132748469
72.3265606198776
72.4717484959021
72.6086487967217
72.7389190373773
72.8881352299019
73.2325081839215
73.3222065471372
73.8217652377098
71.8334121901678
72.2149297521343
72.5654438017074
72.8911550413659
73.1539240330927
73.6045392264742
73.8647313811794
73.9725851049435
74.3094680839548
74.5925744671638
74.7396595737311
74.7779276589849
74.8321421271879
74.9275137017503
75.0162109614003
75.0309687691202
75.3321750152962
75.5269400122369
75.7671520097896
75.7787216078317
75.7997772862653
75.8284218290123
75.8631374632098
76.1481099705678
76.3858879764543
76.7483103811634
76.8974483049307
77.0375586439446
76.9938469151557
76.9698775321245
76.8985020256996
75.9749016205597
74.3695212964478
74.9460170371582
75.2650136297266
75.6002775704479
75.9485553896917
76.3072443117534
76.6201954494027
76.8965563595222
77.3282450876177
76.9851960700942
77.2359568560754
77.6093654848603
77.8504257212216
77.9856072436439
78.0360857949151
78.3848686359321
78.3842949087457
78.3752359269966
78.3986554082639
78.4480576599445
78.5182461279556
78.6226969023645
78.7545575218916
78.9090460175133
79.0615368140106
79.2124294512085
79.3357435609668
79.4369948487734
79.5142958790188
79.572436703215
78.9860160292387
77.8839461567243
76.3693569253794
77.0278855403035
77.4422250989095
77.6612134124609
77.7239207299688
77.6616032506417
77.4992659338467
77.2569127470774
76.9505468643285
76.5929708247962
76.1944266598369
75.7631079945362
75.3055697289623
74.8270557831699
74.4488446265359
74.1508757012287
73.917100560983
73.7346804487864
73.5933443590291
73.4848754872233
73.4027003897786
73.3415603118229
73.2972482494583
73.2663985995667
73.2463188796533
73.2348551037227
73.2302840829782
73.3400272663825
73.541221813106
73.4895774504848
73.4784619603879
73.4997695683103
73.5268156546482
73.5716525237186
73.6449220189749
73.7409376151799
74.0375500921439
74.2896400737151
74.4938120589721
74.6596496471777
75.0217197177422
74.7419757741937
74.754080619355
74.999664495484
75.1489315963872
75.3411452771098
75.5058162216878
75.6484529773503
75.6255623818802
75.7214499055042
75.9123599244033
75.9794879395227
75.9475903516181
75.9416722812945
75.9565378250356
76.0198302600285
76.0718642080228
76.1248913664182
76.1787130931346
76.2605704745077
76.3196563796061
76.5891251036849
76.7694334162813
76.8784133996917
76.9303307197534
77.0698645758027
77.3188916606422
77.3117133285137
77.302770662811
77.3194165302488
77.392533224199
77.6696265793592
77.8063012634874
77.8306410107899
77.9799128086319
78.2291302469056
78.2503041975244
78.0252433580196
78.0607946864156
78.0656357491325
78.174508599306
78.4662068794448
78.5537655035559
78.6556124028447
78.7440899222758
78.4896719378206
78.6761375502565
78.8281100402052
78.9524880321642
79.0750904257313
79.1962723405851
79.3189178724681
79.4427342979745
79.5324763272685
79.5949588395926
79.6356337383407
79.6588625462281
79.668134481427
79.6662409184749
79.6554149570022
79.6374430767129
79.6137544613703
79.2736435690962
78.680394855277
77.8846358842216
76.9268687073773
75.8394949659018
74.9638959727215
74.2577167781772
73.6870734225417
73.2248587380334
72.9048869904267
72.6987095923414
72.5835676738731
72.5412541390985
72.5572033112788
72.6197626490231
72.7196101192184
72.8383880953748
72.9723104762998
73.1183483810399
73.2740787048319
73.4284629638655
73.5795703710924
73.4576562968739
73.3697250374992
73.3555800299993
73.3840640239995
73.4936512191996
73.6681209753597
73.7150967802877
73.7536774242302
73.7855419393842
73.8120335515073
74.0590268412059
72.2824214729647
72.4591371783718
73.0013097426974
73.3620477941579
73.8226382353264
74.2387105882611
74.3741684706089
74.4982347764871
74.6131878211897
74.7131502569517
74.8555202055614
74.9838161644491
75.3192529315593
75.6096023452475
75.102281876198
75.2228255009584
75.4040604007667
75.5324483206134
75.7115586564907
75.8456469251926
76.1389175401541
76.2429340321232
76.5001472256986
76.5283177805589
76.9578542244471
77.2382833795577
77.3994267036462
76.9759413629169
76.8193530903335
76.8762824722668
76.4638259778135
76.4404607822508
76.4656686258006
76.5297349006405
76.6609879205124
76.8459903364099
77.0273922691279
77.1963138153024
77.1654510522419
77.0899608417935
77.3357686734348
77.5046149387479
77.7254919509983
77.7097935607986
77.8990348486389
78.0713278789111
78.2300623031289
78.0284498425031
78.2293598740025
78.428087899202
78.6212703193616
78.6963162554893
78.6768530043914
78.6820824035131
78.9080659228105
78.8864527382484
78.8915621905987
79.005249752479
79.0866998019832
79.1423598415866
79.1748878732693
79.2426102986154
79.3384882388923
79.4191239244472
79.4875658062244
79.5462526449795
79.6133021159836
79.6870416927869
79.7239333542295
79.7313466833836
79.7151773467069
79.6801418773655
79.529968047347
79.2876835287867
78.971710459393
78.5967865493326
78.1747019667388
77.7148888461183
77.2248928950765
76.7107506796975
76.1772914528489
75.6283786168246
75.0671028934597
74.6278823147678
74.2959658518142
74.0498926814514
73.8724941451611
73.7500353161289
73.6715282529031
73.6281826023225
73.612966081858
73.6202528654864
73.6455422923891
73.6852338339113
73.623987067129
73.6987896537032
73.7852317229626
73.8815853783701
73.9856683026961
74.0921346421569
74.2005077137255
74.3085061709804
74.4162049367843
74.5165639494275
74.410051159542
74.5644409276336
74.5119527421069
74.4389621936855
72.6503697549484
73.2460958039587
73.341276643167
73.7874213145336
74.1949370516269
74.3511496413015
74.9113197130412
75.020855770433
75.2574846163464
75.1347876930771
75.3426301544617
75.3447041235694
75.8259632988555
76.0104706390844
75.9575765112675
76.127461209014
76.3325689672112
76.471255173769
76.4356041390152
76.6198833112122
76.5923066489697
76.6358453191758
76.4178762553406
76.6793010042725
76.734640803418
76.7391126427344
76.7028901141875
76.82571209135
77.10016967308
77.071535738464
76.6830285907712
76.909822872617
75.0588582980936
75.3906866384749
75.8685493107799
76.5294394486239
77.0265515588991
77.2768412471193
77.5008729976955
77.8852983981564
78.2440387185251
78.2570309748201
78.3760247798561
78.5842198238849
78.7329758591079
78.8341806872863
78.8973445498291
78.9880756398633
79.1890605118906
79.2466484095125
79.32411872761
79.314094982088
79.4442759856704
79.5297207885363
79.5793766308291
79.2652813046632
78.6601850437306
77.8222880349845
76.7981504279876
75.6250203423901
74.3326962739121
72.9450170191297
71.4810536153037
69.956062892243
68.3822503137944
67.5878288224641
67.4169202008284
67.7448218749485
68.4717717856731
69.5179602856813
70.8195396571165
72.3254317256932
73.3871203805546
74.0934463044437
74.5154820435549
74.7100856348439
74.7227435078752
74.5898448063001
74.3405008450401
73.9980006760321
73.7700005408257
73.6146004326606
73.5055803461285
73.4336642769028
73.4893314215222
73.6470651372178
73.6022521097742
73.5819016878194
73.5811213502555
73.6419970802044
73.7521976641635
73.9018581313308
74.0830865050647
74.1182692040517
74.3666153632414
74.3838922905931
74.2005138324745
74.2728110659796
74.3676488527837
74.649719082227
74.9123752657816
75.1595002126253
75.3010001701002
75.3912001360802
75.5205601088641
75.6812480870913
75.8647984696731
76.0251387757385
76.1669110205908
76.3145288164726
76.4424230531781
76.5545384425425
76.675830754034
76.6270646032272
76.5944516825818
76.5607613460654
76.6780090768523
76.8652072614819
77.0448658091855
77.2184926473484
77.4127941178787
77.5157686276363
77.5456815687757
77.5171452550206
77.5047162040165
77.4353729632132
77.3204983705705
77.3959986964564
75.6741989571652
76.1001591657321
76.4832273325857
76.8319818660686
77.1363854928549
77.3841083942839
77.6992867154271
78.0684293723417
78.2179434978734
78.3331547982987
78.431123838639
78.5408990709112
78.5795859233956
78.5614020720498
78.4977216576399
78.6973773261119
78.8622618608895
78.9993294887116
79.1141435909693
79.2111548727754
79.2939238982204
79.379205785243
79.4664979615277
79.5553983692222
79.6083853620444
79.6326416229689
79.6339132983751
79.0629639720334
78.0342378442934
76.6392902754347
74.9513655536811
73.0290591096116
70.9192472876893
72.6551978301514
73.9473725498354
74.8845266112969
75.5376641461804
75.9635884598015
76.2077421964126
76.3064794714158
76.2888835771326
76.1782211474204
75.9931054893649
75.7484272486348
75.456098941765
75.1256505819834
74.7647061798724
74.3793649438979
74.1447919551184
74.0308335640947
74.0133668512757
74.0730934810206
74.0811247848165
74.0477998278532
73.9813898622826
73.888511889826
74.0642095118608
74.2287676094887
74.2694140875909
74.2109312700728
74.3703450160582
74.5012760128466
74.4989208102773
74.3899366482218
72.6097493185775
72.837799454862
73.2376395638896
73.5527116511117
73.8459693208893
74.1979754567115
74.6073803653692
74.9327042922953
74.9953634338363
75.305890747069
75.3187125976552
75.6229700781242
75.7545760624994
75.7942608499995
75.7806086799996
76.0552869439997
76.3048295551997
76.4521303108265
76.5176375819945
76.5177100655956
76.5091680524765
76.5463344419812
76.637067553585
76.689454042868
76.7543632342944
76.8316905874355
76.9249524699484
77.0309619759587
76.778369580767
76.2388956646136
75.4699165316909
74.5173332253527
73.4178665802822
74.3298932642257
75.0685146113806
75.7085616891045
76.2697493512836
76.7678494810269
77.2154795848215
76.8933836678572
77.4777069342858
77.6917655474286
77.9528124379429
78.3270499503543
78.4884399602835
78.6373519682268
78.7762815745814
78.9072252596651
79.0317802077321
79.1552241661857
79.3067793329486
79.2465034663588
79.0167627730871
78.6514502184697
78.1776801747757
77.6171441398206
76.9871953118565
76.3017162494852
75.5718129995882
74.8063703996705
74.0124963197364
73.4527970557892
73.0804376446313
72.8579501157051
72.755360092564
72.6687325184957
72.5948749036854
72.5312332562817
72.4757643828031
72.4268337284647
72.3831336494384
72.3436180306619
72.3074499800851
72.273959984068
72.4819679872544
72.5730743898036
72.5706595118428
72.6332076094743
72.7477260875794
72.9038208700635
73.0931766960508
73.3091413568407
73.4930130854725
73.651210468378
73.5883683747024
73.680694699762
73.8915557598096
73.7774446078477
73.7611556862781
73.8231245490225
74.045299639218
74.1030397113744
74.1325317690995
74.1394254152796
74.1363403322237
74.205472265779
74.4107778126232
74.6391222500986
74.8858978000789
75.1411182400631
75.3460945920505
75.5050756736404
75.6526605389123
75.6891284311298
75.6467027449039
75.8281621959231
75.7249297567385
75.6569438053908
75.8511550443126
75.9099240354501
75.9721392283601
76.1611113826881
76.3136891061505
76.3972512849204
76.4256010279363
76.890880822349
76.5091046578792
76.7564837263034
77.0130869810427
77.2770695848342
76.9826556678673
77.2383245342939
77.1742596274351
77.4360077019481
77.4664061615585
77.6707249292468
77.7039799433974
77.7361839547179
77.6756471637744
77.5409177310195
77.5755341848156
77.7584273478525
78.059941878282
77.7305535026256
77.8047428021005
78.2017942416804
78.3028353933443
78.4398683146755
78.5196946517404
78.6451557213923
78.7488912437805
78.8352463283577
78.9076970626862
78.9690243168156
79.0214527867858
79.0667622294287
79.1063764502096
79.141434493501
79.1728475948008
79.2013447425073
79.2275091273392
79.2518073018714
78.9768058414971
78.4623646731977
77.7563717385582
76.8971373908465
75.9153099126772
75.1402622158561
74.5306383441134
74.0533535324336
73.681939968804
73.3952234036147
73.1762644371775
73.011511549742
72.8901235255079
72.8034273918349
72.7444847706107
72.7077449593457
72.688767396048
72.6839996311242
72.6905997048993
72.8250797639195
72.9288638111356
73.1006910489085
73.2541528391268
73.3975722713014
73.5329578170411
73.6619162536329
73.7857330029063
73.9137864023251
74.0342291218601
74.148583297488
74.2650666379904
74.3496533103924
74.4671226483139
74.5882981186511
74.6950384949209
74.7902307959367
74.8287846367494
74.8258277093995
74.5974621675196
74.8287697340157
75.0311157872126
75.2102926297701
75.3436341038161
75.4961072830529
75.4012858264423
75.3858286611538
75.3004629289231
73.5247703431385
74.1564162745108
74.5419330196086
74.7781464156869
74.9665171325495
75.4070137060396
75.5644109648317
75.8919287718654
75.9837430174923
76.1287944139938
76.2474355311951
76.486348424956
76.2808787399648
76.2973029919719
76.4326423935775
76.095513914862
76.4852111318896
76.6379689055117
77.1365751244094
77.0624600995275
77.052468079622
77.0937744636976
76.7536195709581
76.9688956567665
77.2363831920799
77.5456398869972
77.8883119095978
78.1784495276782
78.4383596221426
78.6742876977141
78.8558301581713
78.939864126537
76.7048913012296
77.2607130409837
77.505170432787
77.6825363462296
78.0860290769837
78.3612232615869
78.5337786092695
78.6976228874156
78.8544983099325
79.036798647946
78.9966389183568
78.9836611346854
78.9924289077484
79.0185931261987
79.058674500959
79.1098896007672
79.1700116806138
79.237259344491
79.3102074755928
79.3877159804742
79.4688727843794
79.5529482275035
79.6393585820028
79.5694868656023
79.3745894924818
79.0796715939855
78.7047372751884
78.2657898201507
77.7756318561206
77.2445054848965
76.6806043879172
76.0904835103337
75.479386808267
74.8515094466136
74.4410742239576
74.2045927124994
74.1072741699995
73.8510193359996
73.6641583259426
73.5328123750398
73.4458784714604
73.3944742057397
73.3714936503061
73.371252063102
73.3892016504816
73.4267613203853
73.5080090563082
73.5254072450466
73.8129257960373
74.0587406368298
74.2294925094639
74.3401940075711
74.4028552060569
74.4270841648455
74.4595673318764
74.4986538655011
74.7455230924009
74.8684184739207
74.8921347791366
74.9219078233093
74.9565262586474
75.2288210069179
75.2610568055344
75.1012454444275
74.787796355542
74.9440370844336
75.2055296675469
75.5512237340375
75.84677898723
76.102223189784
76.3255785518272
76.5232628414618
76.6970102731694
76.8516082185355
77.0298865748284
76.9471092598627
77.0834874078902
77.2809899263122
77.3544919410497
77.3287935528398
77.4101348422718
77.5771078738175
77.604186299054
77.5193490392432
77.7334792313946
77.7623833851156
77.8283067080925
78.077645366474
78.0323162931792
78.0325530345434
78.0692424276347
78.1697939421078
78.2852351536862
78.533588122949
78.7990704983592
78.7402563986874
74.9978051189499
73.2512440951599
73.1013952761279
74.2289162209023
75.2055329767219
76.0614263813775
76.533941105102
77.1073528840816
77.405948973932
77.4846925124789
77.3875540099831
77.7724432079865
77.9179545663892
77.8719636531114
77.6727709224891
77.3510167379913
76.931213390393
76.4329707123144
75.8719765698515
75.2607812558812
74.609425004705
73.925940003764
73.2167520030112
72.487001602409
71.7408012819272
70.9814410255417
70.2115528204334
69.4332422563467
68.6481938050774
67.8577550440619
67.0630040352495
66.2648032281996
65.4638425825597
65.2481940660478
65.5007952528382
66.1279962022706
67.0548769618165
68.2215015694532
69.3848012555626
70.1318410044501
70.76007280356
71.2932582428481
71.8413065942784
72.4012452754228
72.6901962203382
73.0253569762706
73.3974855810165
73.4791884648132
73.7809507718505
73.8073606174804
73.8352884939844
74.1036307951875
74.14150463615
74.21260370892
74.310282967136
74.4292263737088
74.5469810989671
74.6637848791736
74.7798279033389
74.6584623226711
74.7907698581369
75.0252158865095
75.2855727092076
75.4976581673661
73.6559265338929
74.0149412271143
74.4483529816915
74.9412823853532
75.3678259082825
75.766260726626
76.1081085813008
76.4046868650407
76.4255494920325
76.638439593626
76.8777516749008
76.8354013399207
76.9515210719365
77.1944168575492
76.9537334860394
77.1919867888315
77.4465894310652
77.3612715448522
77.5912172358817
77.8039737887054
77.7999790309643
78.0055832247715
78.0292665798172
78.1198132638537
78.263850611083
78.3112804888664
78.3470243910931
78.3248195128745
78.3626556102996
78.6561244882397
78.2428995905918
77.2643196724734
75.8334557379787
75.3116979237163
75.5172250056397
76.3045800045118
76.9528640036094
77.4898912028875
77.93791296231
78.327530369848
78.6458242958784
78.8970880081313
79.0947275493622
79.2494677537755
79.3698884887347
79.4628536481306
79.5338543470759
79.5872834776607
79.499671226573
79.2992258701473
79.0085140294512
78.6455890013387
78.2248934232932
77.7579814053013
77.2540962353521
76.7206325438372
76.1635060350698
75.6643048280558
75.2114438624447
74.9170050899558
74.7493040719646
74.6829932575717
74.6977946060574
74.6711856848459
74.6114485478767
74.5252088383014
74.4177670706411
74.5382136565129
74.8625709252103
75.1276567401682
74.9887253921346
75.1165803137077
75.0056642509661
75.1687314007729
75.0885851206183
75.2632680964947
75.3816144771957
75.5232915817566
75.4900332654053
75.6278266123242
75.6018612898594
75.6701890318875
75.81395122551
76.041560980408
76.2500487843264
76.4196390274611
76.3693112219689
76.3490489775751
76.3528391820601
76.3725713456481
76.4050570765185
76.6690456612148
76.6806365289718
76.8345092231775
77.102207378542
77.5191659028336
77.7376327222669
77.7973061778135
77.6756449422508
77.8431159538006
77.9914927630405
78.1245942104324
78.2882753683459
78.2370202946768
78.1618162357414
78.3676529885931
78.3517223908745
78.0813779126996
78.1801023301597
78.4324818641278
78.4935854913022
78.6338683930418
78.7275947144334
78.7840757715467
78.8493106172374
78.9215484937899
78.9993887950319
79.0817110360256
79.2259688288204
79.318241729723
79.3689267171118
79.3863413736894
79.4448730989515
79.4158284791612
79.316722783329
79.1615682266632
78.9615745813306
78.7257096650645
78.4611477320516
78.1736281856413
77.867742548513
77.5471640388104
77.2148312310483
76.8730949848387
76.5238359878709
76.1685587902968
75.8084670322374
75.4445236257899
75.077498900632
74.7080091205056
74.3365472964044
73.9635078371236
73.5892062696988
73.3576793014734
73.2403720126073
73.2144404672287
73.2616095166401
73.3672590418835
73.5196929477925
73.709554358234
73.5576434865872
73.6285147892698
73.5254118314158
73.4233294651327
73.5982635721061
73.5346108576849
73.5278886861479
73.5561109489183
73.5944887591347
73.8439910073077
74.0762928058462
74.294834244677
74.3268673957416
74.2096939165933
74.4447551332746
74.5980041066197
74.8008032852958
74.9710426282366
75.1379341025893
75.3021472820714
75.3837844923238
75.3993609271924
75.3620887417539
75.5274709934031
75.7283767947225
73.737501435778
74.2556011486224
74.5646809188979
75.0219447351184
75.4217557880947
75.5446046304758
75.8676837043806
76.0983469635045
76.1472775708036
76.4244220566429
76.4523376453143
76.3706701162515
76.3885360930012
76.6874288744009
76.7521430995208
77.0229144796166
77.0615315836933
77.3414252669546
77.3713402135637
77.412872170851
77.4242977366808
77.6932381893446
77.9203905514757
78.0909124411806
78.0801299529445
78.0512039623556
78.0077631698845
78.3004105359076
78.3249284287261
78.5837427429809
78.5907941943847
78.7932353555078
75.0163882844062
75.777910627525
76.43412850202
76.977902801616
77.4317222412928
77.8135777930343
78.1378622344274
78.4188897875419
78.6653118300336
78.8692494640269
79.0391995712215
79.0940996569772
79.0569597255817
78.9461877804654
78.7765102243723
78.5597081794978
78.3052065435983
78.0205452348786
77.7117561879029
77.3836649503223
77.0401319602579
76.6842455682063
76.3184764545651
75.944801163652
75.5648009309216
75.1797407447373
74.7906325957899
74.3982860766319
74.0033488613055
73.6063390890444
73.2076712712355
72.0516370169884
70.2897096135907
70.7281676908726
71.0957627241266
71.4066673221585
71.6722195720125
71.9014899433243
72.1017348118023
72.2787592780133
72.4372074224106
72.5867659379285
72.7506127503428
73.0608902002743
73.3534121602194
73.6317297281755
73.8603837825404
74.0639070260323
74.2397256208259
74.3933804966607
74.5483043973286
74.7042435178629
74.8373948142903
74.7375158514322
74.8542126811458
74.8726701449166
74.8125361159333
74.8200788927467
74.8817631141973
74.9867604913579
75.1264083930863
75.1065267144691
75.2173213715753
75.4326570972602
73.4455256778082
74.0448205422465
74.5538564337972
74.8030851470378
75.1582681176302
75.1828144941042
75.3880515952834
75.7378412762267
75.7294730209814
75.9213784167851
76.2531027334281
76.5946821867425
76.649345749394
77.1660765995152
77.3608612796122
77.5420890236897
77.1104712189518
77.3669769751614
77.6251815801292
77.8380452641033
78.0146362112827
77.9959089690261
77.9623271752209
77.9730617401767
78.2092493921414
78.4210995137131
78.6134796109705
78.7473836887764
78.8641069510211
79.0466855608169
79.2255484486535
78.8518387589228
76.5242710071383
77.0624168057106
77.1231334445685
77.3295067556548
77.5085054045239
77.6656043236191
77.8051834588953
77.9307467671162
78.035647413693
78.1240179309544
78.1991643447635
78.2637314758108
78.1706994663629
77.9515881445189
77.631613372758
77.2309478410636
76.7657297014223
76.2488694754235
75.6906955803388
75.0994707499854
74.4818051714169
73.8429869942763
73.1872467382782
72.517968819194
71.8378607696409
71.1490886157127
70.4533851782845
69.7521367140561
69.0464522283878
68.3372189255674
67.6251465690253
66.910802969506
66.1946423756048
66.0467539004838
66.3534831203871
67.0239064963097
67.9852851970477
69.1794281576382
69.9493425261106
70.6026740208885
71.3233392167108
71.8076713733686
72.2666370986949
72.7053096789559
73.1036477431647
73.1977181945318
73.5369745556254
73.8267796445004
74.1098237156003
74.3508589724802
74.4544871779842
74.4481897423874
74.3175517939099
74.3648414351279
74.4176731481023
74.4721385184819
74.3561108147855
74.7102886518284
74.9162309214627
75.0035847371702
75.0308677897361
75.0700942317889
75.1188753854311
75.1753003083449
73.4436402466759
74.1505121973408
74.4898097578726
75.2266478062981
75.6341182450385
75.7602945960308
75.8773356768246
75.9870685414597
76.0960548331678
75.9072438665342
76.2943950932274
76.4197160745819
76.4427728596655
76.5500682877324
76.7247546301859
76.9533537041488
77.225082963319
77.2916663706552
77.3625330965242
77.6426264772194
77.6783011817755
77.6563409454204
77.5882727563363
77.7122182050691
78.0295745640553
78.3168596512442
78.5372877209954
78.7042301767963
78.745684141437
78.6867473131496
78.6231978505197
77.7099582804158
76.1169666243326
75.4837732994661
75.6184186395729
76.3673349116583
77.0014679293267
77.5437743434613
77.9338194747691
78.2020555798153
78.3728444638522
78.456602843809
78.4707368205018
78.4291712745832
78.3430461105757
78.2212732520969
78.0709822380412
77.8978766995238
77.7065195414373
77.5005610876953
77.282921597429
77.0559372779432
76.8214770950818
76.58103622152
76.3358107953978
76.0867577272274
75.8346425454183
75.5800776726983
75.3235530472495
75.0654606196178
74.8061139502397
74.5457638874645
74.2846111099716
74.1042888879773
73.8190311103818
73.7726248883055
73.7106999106444
73.6363599285155
73.5520879428124
73.4598703542499
73.4036962834
73.36595702672
73.372165621376
73.4871324971008
73.6891059976806
73.8691514648112
74.0316545051823
74.1801236041458
74.3048988833167
74.4107191066533
74.3675752853227
74.3627602282582
74.3886081826065
74.4242865460852
74.4378292368682
74.6362633894946
74.6726107115957
74.9106885692765
74.8311508554212
74.881320684337
75.1416565474696
75.2059252379757
75.4395401903805
75.4576321523044
75.7179057218436
75.9009245774748
76.0653396619799
76.2984717295839
76.5865773836671
76.5016619069337
76.655529525547
76.8296236204376
76.8653988963501
76.7905191170801
76.677015293664
76.6457122349312
76.680169787945
76.742735830356
76.7555886642848
76.7286709314278
76.8471367451423
77.1659093961138
77.4703275168911
77.7140620135129
77.6608496108103
77.3668796886482
76.8803037509186
77.2732430007349
77.4211944005879
77.5953555204703
77.9618844163763
78.066307533101
78.1604460264808
78.4885568211847
78.7166454569477
78.9569163655582
79.0997997591132
79.1647731406239
79.1674185124991
79.1992348099993
79.2543878479995
79.3036102783996
79.3480882227197
79.4134039115091
79.4953897958739
79.5907118366991
79.5890583582482
79.5098244643763
79.3685262381677
79.1775765460898
78.9469056813163
78.6844578783863
78.3965885249313
78.0883819310561
77.7639055448449
77.4264133247648
77.0785084375896
76.7222734167384
76.3593742889463
75.9911438756015
75.6186484338145
75.2427409692738
74.8641038865302
74.4832831092241
74.1914264873793
73.9702411899035
73.8055929519228
73.6861743615382
73.6029394892306
73.5486515913845
73.5175212731076
73.5049170184861
73.5071336147889
73.5212068918311
73.5447655134649
73.5759124107719
73.6131299286175
73.598103942894
73.5412831543152
73.7516265234522
73.6449012187618
73.6357209750094
73.6595767800075
73.711661424006
73.8589291392048
74.0823433113639
74.3666746490911
74.3541397192729
74.5303117754183
74.5258494203347
74.6083795362677
74.7605036290142
74.9008029032113
75.0512423225691
75.4663938580553
75.5359150864442
75.4619320691554
75.6579456553243
75.5633565242595
75.8056852194076
75.7923481755261
75.8012785404209
75.8898894990034
76.042244932536
76.2455959460288
76.4642767568231
76.6408214054585
76.8080571243668
76.9292456994934
74.8713965595948
75.4827172476758
76.1427737981407
76.5006190385125
76.81469523081
77.073556184648
77.3378449477184
77.5356759581747
77.5447407665398
77.4287926132318
77.6914340905855
77.7011472724684
77.9385178179747
77.9929142543798
77.9009314035038
78.1633451228031
78.1362760982425
78.020420878594
78.3339367028752
78.5865493623001
78.8396394898401
79.0199115918721
78.9689292734977
79.0181434187981
79.0883147350385
79.1752517880308
79.2756014304247
79.3866811443397
79.5063449154718
79.5836759323774
79.627140745902
77.6780125967216
74.1348100773773
71.869505204759
70.6265184495215
70.2013861881886
70.4305375219794
71.1831157318693
72.3544354426383
73.8607483541106
74.9283986832885
75.6414300577419
76.0707662684158
76.2731463480659
76.2939615228972
76.1695247738733
75.9288864857653
75.59528696639
75.1873184620009
74.7198547696007
74.3714838156806
74.1183870525445
73.9415096420356
73.7657077136285
73.5907661709028
73.4165129367222
73.2428103493778
73.1256482795022
73.0537186236018
73.0179748988814
73.0111799191052
73.0275439352841
73.0624351482273
73.1121481185819
71.3587184948655
72.7907747958924
72.9490198367139
73.0594158693711
73.3919326954969
73.5053461563975
73.828876925118
73.9047015400944
74.0646612320756
74.2919289856604
74.3501431885283
74.3335145508227
74.4340116406582
74.6282093125265
74.8484674500212
75.089573960017
75.2554591680136
75.4397673344109
75.4070138675287
75.382761094023
75.3653088752184
75.3532971001747
75.3456376801398
75.2297101441118
75.5633681152894
75.7497944922316
75.8184355937853
76.0253484750282
76.2836787800226
76.3123430240181
75.7506077525478
74.7165528687049
73.3046422949639
74.2129138359711
74.8057310687769
75.3401848550215
75.8279478840172
76.2783583072138
76.698886645771
76.7779093166168
77.3175274532935
77.5804219626348
77.7753375701078
77.7970700560863
78.033056044869
78.3680448358952
78.3984358687162
78.441348694973
78.7212789559784
78.8418231647827
78.9604585318262
79.0775668254609
79.0108534603688
78.994782768295
79.019226214636
79.0415809717088
79.0622647773671
79.0816118218937
79.0998894575149
79.1173115660119
79.1340492528096
79.1502394022477
79.1659915217981
78.9337932174385
78.7260345739508
78.3048276591607
78.1800621273285
78.1660497018628
78.2406397614903
78.3133118091922
78.1262494473538
78.431999557883
78.5391996463064
78.4395597170451
78.5772477736361
78.6761982189089
78.8215585751271
78.9410468601017
79.0764374880814
79.2267499904651
79.3271999923721
78.7221599938977
78.9413279951181
79.0588623960945
79.0950899168756
79.1415919335005
79.1963135468004
79.2576108374403
79.3241686699523
79.3949349359618
79.4831479487695
79.5057183590156
79.464503258641
79.37225974977
79.2391935141017
79.0734690969956
78.8816181347394
78.6688659363629
78.4393927490903
78.1965427707009
77.9429913594178
77.68087880182
77.4119173271703
77.1374767188791
76.8586528036747
76.5763222429398
76.3717077943518
76.2292662354814
76.1365629883852
76.0836503907081
75.9550203125665
75.7658162500532
75.8266530000426
75.6571224000341
75.5726979200273
75.5563583360218
75.5593866688174
75.577909335054
75.6088274680432
75.6496619744345
75.8843295795476
76.0097636636381
76.0478109309105
76.3012487447284
76.5189989957827
76.8699991966262
77.0327993573009
77.1837471781485
77.3252131271341
77.4590935786304
77.5869056321351
77.7098629672465
77.8289365276434
77.9449030682686
78.0583839930764
78.1698764252304
78.2797780632612
78.3884070659936
78.4960179604872
78.6028143683898
78.7140514947118
78.7089411957695
78.6107529566156
78.5794023652925
78.777721892234
78.8929775137872
78.3926820110297
77.3999456088238
76.632356487059
76.0448851896472
75.6015081517178
75.2734065213742
75.0375252170994
74.8754201736795
74.7192861389436
74.5679289111549
74.4203931289239
74.2759145031391
74.3285316025113
74.2486252820091
74.2258335589406
74.2487335138191
74.3081868110553
74.3968827821776
74.5089728924087
74.639778313927
74.8374226511416
74.8910381209133
74.8294304967306
75.0195443973845
75.1998355179076
75.3722684143261
75.5384147314609
75.4113317851687
75.4191320948016
75.5348390091746
75.7368712073397
75.9108636325384
76.0624242393641
76.1960393914913
76.3152981798597
76.4230718772211
76.5216575017769
76.8767260014215
77.0507808011372
77.0800246409098
77.1078197127278
76.5730557701822
76.4886446161458
76.7645156929166
76.9205125543333
76.9806100434667
77.2512880347733
77.2444304278187
77.3076243422549
77.4268594738039
77.5909275790432
77.7908620632345
78.0194896505876
78.1671917204701
78.3219533763761
78.2403627011009
78.4498901608807
78.5885121287046
78.6704097029637
78.7069277623709
78.7071422098967
78.6967137679174
78.9535710143339
79.0652568114671
79.0608054491737
79.144644359339
79.2991154874712
79.343692389977
79.3003539119816
79.1866831295853
79.0167465036682
78.8017972029346
78.5508377623477
78.2710702098781
77.9682561679025
77.647004934322
77.3110039474576
76.9632031579661
76.6059625263729
76.2411700210983
75.8703360168787
75.4946688135029
75.1151350508023
74.7325080406419
74.4288564325135
74.1883851460108
73.9984581168086
73.8489664934469
73.7318231947575
73.640558555806
73.5699968446448
73.5159974757159
73.4752479805727
73.4450983844582
73.4234287075665
73.4085429660532
73.4044343728426
73.4089474982741
73.3821579986193
73.3303263988954
73.2584611191163
73.1705688952931
73.0698551162345
72.9588840929876
72.9454672743901
73.0100938195121
73.1371550556097
73.3141640444877
73.5311312355902
73.7943049884721
74.0270439907777
74.3009351926222
74.6077481540977
74.8390985232782
75.0100788186226
75.132763054898
75.2168104439184
75.3577483551348
75.5441986841078
74.3594589472863
72.077767157829
72.4546137262632
72.8061909810106
73.1375527848084
73.2286422278468
73.2683137822774
73.2668510258219
73.2324808206575
73.171784656526
73.1867777252208
73.2623221801767
73.3863077441413
73.5490461953131
73.5252369562505
73.6411895650004
73.7519516520003
73.8834613216002
74.0315690572802
74.4008552458242
74.6054841966593
74.6783873573275
74.7052432191953
74.6952612420229
74.6558089936184
74.8236471948947
74.9604177559158
75.0723342047326
75.1556673637861
75.1061338910289
75.2249071128231
75.4333256902585
75.6078605522068
73.5610884417654
73.9148707534123
74.4666966027299
75.1329572821839
75.8907658257471
76.1816126605977
76.0988901284782
76.2776121027825
76.665489682226
76.6651917457808
76.5759533966247
76.7266627172997
77.0693301738398
77.2489974724052
77.2982646445908
77.2432117156727
77.6223693725381
77.7741621646972
77.7440630650911
77.5684504520729
76.9331603616583
77.2663282893266
77.7662626314613
77.764010105169
77.8101080841352
77.8948864673082
77.9061091738466
78.1434873390773
78.3727898712618
78.0424318970094
78.2753455176075
78.529076414086
76.7798611312688
77.3948889050151
77.8374444573454
78.142022232543
78.3362177860344
78.5171742288275
78.687539383062
78.7211715064496
78.6454172051597
78.4821537641278
78.2488830113022
77.9596064090418
77.6255251272334
77.2556001017867
76.8570000814294
76.4354600651435
75.9955680521148
75.6230544416919
75.5908435533535
75.8308748426828
75.6228998741462
75.488319899317
75.4124559194536
75.3835647355629
75.2700517884503
75.0888414307602
74.9733731446082
74.9104985156866
74.8831988125493
74.8843590500394
74.9082872400315
75.0968297920252
75.2228638336202
75.2988910668961
75.4068461868503
75.5403436161469
75.6942748929175
75.656419914334
75.7500359314672
75.9488287451738
76.160662996139
76.1575303969112
76.367824317529
75.5628594540232
73.9456875632186
74.6363500505748
75.1922800404599
75.6404240323679
76.0312392258943
76.3761913807155
76.7199531045724
77.0083624836579
77.2314899869263
77.4637919895411
77.6198335916329
77.8044668733063
77.688573498645
77.862458798916
78.0235670391328
77.8952536313063
77.930002905045
78.189202324036
78.4074285258955
78.5928761540497
78.7521009232398
78.9170807385918
79.0711645908735
79.2165316726988
79.2794920048257
79.2765269371939
79.2208215497551
79.1498572398041
79.0666857918433
78.9737486334746
78.8729989067797
76.9244991254238
73.497799300339
70.9303698750538
69.0503567696083
67.7202767200345
66.830143115158
66.2919666660395
66.0353559415272
66.0039977967
66.1528417156209
66.4458472855402
66.8541821762582
67.3547805236153
67.9291896362836
68.5626473612008
69.2433439759171
69.9618317024728
70.7105523185
71.4834592461044
72.2757152229705
73.0834504392459
73.9035690470489
74.7335943680739
75.5715450596765
76.4158360477412
77.089518838193
77.6267150705544
78.0547220564435
78.3953776451548
78.4649021161239
78.4599216928991
78.7273373543193
78.7583698834554
78.6002959067644
78.3812367254115
78.1133893803292
77.8065115042634
77.4684092034107
77.1053273627286
76.7222618901828
76.3232095121463
75.911367609717
75.4892940877736
75.0590352702189
74.6222282161751
74.1801825729401
74.5527460583521
75.5769968466817
76.0641474773454
76.1216179818763
75.835344385501
75.2740755084008
74.6158604067207
74.1424311825194
73.8168306603012
73.6094930996696
73.4967659083071
73.45972701236
73.4832387527451
73.5551910021961
73.6362028017569
73.7244622414055
73.8185197931244
73.9172158344995
74.0101726675996
74.0985381340797
74.2002305072638
74.534184405811
74.3307475246488
74.0077980197191
74.4564384157753
74.5851507326202
74.0575205860962
74.2888164688769
74.5102531751016
74.6120025400812
74.618002032065
74.713701625652
74.8811613005216
75.1005290404173
75.3034232323338
75.2795385858671
75.2674308686937
75.4793446949549
75.6306257559639
75.7334006047712
75.7973704838169
75.8302963870536
75.9208371096428
76.1422696877143
76.3894157501714
76.3785326001371
76.5498260801097
76.5650608640878
76.7894486912702
76.9091589530162
76.945127162413
76.9669017299304
77.1837213839443
77.3993771071555
77.5815016857244
77.5350013485795
77.5518010788636
77.5922408630909
77.8319926904727
77.9213941523782
77.8613153219026
78.079452257522
78.2563618060177
78.4874894448141
78.6039915558513
78.5897932446811
78.7226345957449
78.8975076765959
79.1060061412767
79.1550049130214
79.1876039304171
79.2070831443337
79.2160665154669
79.2744532123736
79.3035625698988
79.3290900559191
79.3517520447353
79.3721216357882
79.3906573086306
79.4077258469045
79.4236206775236
79.4385765420189
79.4527812336151
79.4663849868921
79.4795079895137
79.4922463916109
79.5046771132887
79.516861690631
79.5288493525048
79.5406794820038
79.3914864427459
79.1134748684825
78.7324084662145
78.2688982015431
77.7394328469487
77.1572034204161
76.5327627363329
75.7936101890663
74.8378881512531
73.7089105210025
72.441328416802
71.0628627334416
69.5956901867533
70.4311521494026
71.1004217195221
71.6367373756177
72.1750565671608
72.714978587062
73.2561828696496
73.5095462957197
73.7502370365757
74.0347896292606
74.3544317034085
74.3989453627268
74.5333562901814
74.6580850321452
74.8010680257161
74.8788544205729
74.9474835364583
75.0359868291667
75.5057894633333
75.2764315706667
75.3919452565333
75.4959562052267
75.4225649641813
75.6492519713451
75.8998015770761
76.0457412616609
76.1079930093287
76.203794407463
75.9688355259704
76.1382684207763
76.213214736621
76.5315717892968
74.3956574314375
74.89352594515
75.34902075612
75.776816604896
76.1330532839168
76.4794426271335
76.5861541017068
76.6821232813654
76.9882986250923
77.2404389000739
77.4553511200591
77.6256808960473
77.7879447168378
77.7297557734703
77.7332046187762
77.748163695021
77.9937309560168
78.2379847648134
77.4383878118507
77.2239102494806
77.4775281995845
77.8648225596676
78.0652580477341
78.1688064381873
78.3218451505498
78.5144761204399
78.7387808963519
78.8851247170815
78.9690997736652
79.0031798189322
78.9973438551457
79.1254750841166
75.3977800672933
76.2438240538346
76.839343453594
77.2344431839279
77.4692071787212
77.5757025850823
77.5795831206974
77.5013717597158
77.3574868814569
77.161063189376
76.9226084462377
76.6505288622533
76.3515494055921
76.0310500507895
75.6933347774737
75.3418467693474
74.9793405733727
74.6080198271192
74.2296474406427
73.8456337419879
73.4571069935903
73.1645744837611
72.9488373647867
72.794536558496
72.6893848023524
72.6235522863264
72.5891751623944
72.5799623521378
72.5908809928213
72.6179047942571
72.7151238354057
72.8150990683245
70.8746792546596
71.6661434037277
73.2199147229822
73.2909317783857
74.4133454227086
75.3964763381669
76.2681810705335
76.4109448564268
75.9705558851415
75.8543447081132
75.9974757664905
75.8903806131924
75.7109044905539
75.4731235924432
75.3116988739545
75.6051590991636
75.7067272793309
75.4911818234647
76.0197454587718
75.8301963670174
75.942557093614
76.0376456748912
75.9233165399129
75.9753532319303
76.1604825855443
76.1121860684354
76.2749488547483
76.2185590837987
76.1984472670389
76.2073578136312
76.2394862509049
76.290189000724
76.1629512005792
76.4935609604633
76.6000487683707
76.9064390146965
77.3659512117572
77.5476609694058
77.5071287755246
77.6155030204197
77.6274024163358
77.6425219330686
77.6312175464549
77.6517740371639
77.6978192297312
77.8320553837849
78.0038443070279
78.2832754456224
78.4489536898312
78.5236296185317
78.5255036948253
78.4800029558603
78.3966023646882
78.5310818917506
78.6413655134005
78.7322924107204
78.8288339285763
78.929867142861
79.0558937142888
79.2019149714311
79.2253319771449
79.1506655817159
78.3887991320394
77.0771726389648
75.3257381111719
73.9751476317946
72.94523239115
72.1718573414914
71.6037144446217
71.1997572699831
70.9271486731293
70.7596189385035
70.6761522936599
70.6599361206422
70.6975203250852
70.7781448314967
70.8932015794831
71.0358041207294
71.2004432965835
71.3827117801239
71.5790837098134
71.7867383964222
72.0034192885663
72.2273211451388
72.4569997732539
72.6912998186031
72.9292969977396
73.170251883906
73.4135729356962
73.6587869199856
73.9055152502742
74.1534550573622
74.4023640458898
74.4650912367118
74.2772729893695
73.2647183914956
71.5923747131964
70.8636997705572
70.8899598164457
71.5201678531566
72.3789342825253
72.9493474260202
73.2430779408162
73.547862352653
73.8614898821224
74.0916919056979
74.2551535245583
74.5475228196467
74.8224182557173
75.0740346045739
75.3070276836591
75.7542221469273
76.0254777175418
76.1559821740335
76.2429857392268
75.9593885913814
76.1953108731051
76.3112486984841
76.2973989587873
76.3695191670298
76.5104153336239
76.7063322668991
76.8680658135193
77.0104526508154
77.1663621206524
77.0226896965219
77.2099517572175
77.409761405774
75.5160091246192
75.8902072996954
76.1941658397563
76.419332671805
76.839066137444
77.2328529099552
77.3004823279642
77.6461858623714
77.9479486898971
78.0837589519177
78.1589071615341
78.1855257292273
77.7682205833819
77.7451764667055
77.7188411733644
77.6898729386915
77.7386983509532
77.8467586807626
78.0022069446101
78.0205655556881
78.0463524445505
78.0780819556404
78.1712655645123
78.4262124516098
74.6421699612879
75.4665359690303
76.2391287752242
76.9703030201794
77.4354424161435
77.7910539329148
78.0590431463319
78.1592345170655
78.4723876136524
78.7131100909219
78.8958880727375
78.44611045819
77.460188366552
76.0453506932416
74.9106805545933
74.0159444436747
73.2777555549397
74.6208044439518
73.8622435551614
75.0131948441291
74.1979558753033
73.9413647002427
73.4004917601941
72.9761934081553
74.2223547265242
74.4602837812194
73.8916270249755
73.5416016199804
73.3664812959843
73.1660850367875
72.94546802943
72.393074423544
71.5752595388352
71.9288076310682
72.4052461048545
72.687730217217
72.8150508404403
72.8182406723522
72.8397925378818
72.9371840303054
73.0952472242443
73.3018477793955
73.5472782235164
73.5384225788131
73.7629380630505
73.9480504504404
74.1016403603523
74.0859122882819
74.0831298306255
74.1743038645004
74.3406430916003
74.5671144732803
74.2926915786242
74.3365532628994
74.3290426103195
74.4264340882556
74.7283472706045
74.9078778164836
74.6485022531869
74.5935018025495
74.7020014420396
75.0754011536317
75.3930209229054
75.6660167383243
73.2784133906594
73.7047307125275
74.0587179033554
74.354840989351
74.6046727914808
74.934671566518
75.328803919881
75.7742431359048
76.1119945087239
76.4597956069791
76.6328364855833
76.5092691884666
76.3839153507733
76.2571322806186
76.2163058244949
76.4250446595959
76.8334357276768
77.2922485821414
77.7913988657131
77.8227190925705
77.8925752740564
77.9212602192451
77.9876081753961
77.9588865403169
78.1209092322535
78.3707273858028
78.5533819086423
78.5363055269138
78.3594444215311
78.3355555372248
78.4340444297799
78.3946355438239
74.5785084350591
73.5524067480473
74.7583253984378
75.7171269854169
76.4782349216669
77.0811879373335
76.6498503498668
75.3910802798935
74.5468642239148
73.7312913791318
73.0566331033055
72.8711064826444
72.6226851861155
72.5641481488924
72.4287185191139
72.2317748152912
71.9856198522329
71.8042958817863
71.6748367054291
71.5868693643433
71.5320954914746
71.5323763931797
71.5767011145438
71.643360891635
73.104488713308
73.0383909706464
73.2495127765171
73.0082102212137
72.857768176971
72.9624145415768
72.8897316332614
72.0527853066091
70.6044282452873
71.4245425962299
71.7156340769839
71.9785072615871
72.2488058092697
72.3664446474158
72.5931557179326
72.8097245743461
73.1547796594769
73.2790237275815
73.4266189820652
73.5106951856522
73.8609561485218
74.1413649188174
74.3878919350539
74.4677135480432
74.4141708384345
74.6587366707476
74.8836893365981
75.0929514692785
75.0791611754228
75.0303289403382
75.1456631522706
75.1245305218165
75.4082244174532
75.4301795339626
75.46654362717
75.453434901736
75.5215479213888
76.1894383371111
76.5684506696889
76.7163605357511
76.2454884286009
75.7909907428807
75.3495925943046
75.6102740754437
76.0426192603549
76.1942954082839
76.3352363266272
76.5689890613017
76.6067912490414
76.4878329992331
76.8744663993865
77.2705731195092
77.7378584956074
77.9408867964859
77.9263094371887
78.075847549751
78.1941780398008
78.2875424318406
78.2991339454725
78.245307156378
78.4864457251024
78.6459565800819
78.8363652640656
78.8362922112525
78.866633769002
78.8699070152016
78.9051256121613
78.843500489729
78.9544003917832
79.0227203134266
79.0569762507413
78.152281000593
76.4964248004744
75.2187969832367
74.2437518723036
73.5107729264143
72.97144691256
72.5870432443338
72.3265774526099
72.1652619620879
72.0036595696703
71.8418276557363
71.679812124589
71.5176496996712
71.969719759737
72.9131758077896
74.2497406462317
74.5985925169853
74.1572740135883
73.8300192108706
73.5940153686965
73.4542122949572
73.1729698359658
73.7297758687726
73.7934206950181
73.4877365560145
73.1955892448116
73.1120713958493
73.1954571166794
73.0911656933435
72.9889325546748
72.8883460437399
72.8884768349919
72.9691814679935
73.0331451743948
73.2861161395159
73.1936929116127
73.7433543292902
73.9448834634321
74.1149067707457
74.2277254165966
74.3662803332773
74.5254242666218
74.6570394132975
74.766631530638
74.9005052245104
74.7684041796083
74.6719233436866
74.7572386749493
74.9879909399595
75.1591927519676
75.2040542015741
75.1478433612592
75.1856746890074
75.2049397512059
75.2313518009647
75.3484814407718
75.7785851526174
76.059418122094
76.2208344976752
76.2867175981401
76.2761740785121
76.3031392628097
76.5123114102478
76.5286491281982
76.5421193025586
76.3758954420469
76.3145163536375
76.60541308291
77.115330466328
77.1168643730624
77.3350914984499
76.8820731987599
76.994958559008
77.5605668472064
77.5172534777651
77.6424027822121
77.9023222257697
77.9352577806157
78.2974062244926
78.4825249795941
78.6648199836753
78.8448559869402
78.9872847895522
79.1178278316417
79.0560622653134
79.2234498122507
79.3025598498006
79.3110478798405
79.3248383038724
79.3428706430979
79.3642965144783
79.3884372115827
79.4967497692661
79.0965498154129
78.2895398523303
77.1570818818643
75.7642655054914
74.7725124043931
74.1016099235145
73.1142879388116
73.2545303510493
74.2968242808394
75.3282594246716
74.3667075397372
71.8107660317898
71.6678128254319
71.9692502603455
73.4422002082764
73.2241601666211
72.9051281332969
72.8369025066375
74.21952200531
73.914617604248
73.6522940833984
73.3926352667187
73.135108213375
73.1068865707
73.16250925656
73.219807405248
73.3078459241984
73.2072767393587
73.127621391487
73.8480971131896
73.8842776905517
73.9268221524413
73.7866577219531
73.6829261775625
73.60834094205
73.82447275364
73.977578202912
74.0802625623296
74.2336100498637
74.3750880398909
74.1340704319128
74.1464563455302
74.1291650764242
74.0061320611393
74.1106056489115
74.3970845191292
74.5717676153033
74.6570140922427
74.6188112737941
74.8682490190353
75.3477992152283
75.5465393721826
75.5206314977461
75.5037051981969
75.7319641585575
75.856571326846
75.8756570614768
75.9897256491815
76.1501805193452
75.9227444154761
75.3681955323809
75.7879564259047
76.5019651407238
76.733572112579
76.5708576900632
76.8190861520506
77.2530689216405
77.4661884706457
77.5026174431832
77.3976939545466
77.4733551636373
77.1746841309098
77.2531473047279
77.3289178437823
77.3421342750258
73.6581074200207
74.7552859360165
75.6278287488132
76.3356629990506
76.2497303992405
76.5915843193924
76.2004674555139
76.4661739644111
76.7768391715289
77.1234713372231
77.4421270697785
77.7384016558228
78.0167713246583
78.2808170597266
77.8116536477813
77.809622918225
78.18129833458
77.998238667664
78.2789909341312
78.3155038584161
78.1566253089551
77.8414335804974
77.4011913088424
76.8609086026295
76.2405935487702
75.556252616794
74.8206909823241
74.0441527858593
73.6555222286874
73.3712177829499
73.83837422636
74.906699381088
72.1727595048704
71.0386076038963
71.1842860831171
71.3444288664937
71.6401430931949
71.6305144745559
71.7658115796447
72.0620492637158
72.0084394109726
72.3101515287781
72.5311212230225
72.687496978418
72.9105975827344
72.8448780661875
72.81980245295
72.82724196236
72.848993569888
72.8465948559104
73.1162758847283
73.6036207077827
73.8650965662262
73.8170772529809
73.8430618023848
73.8496494419078
74.0993195535262
74.2799223094877
74.4052711809235
74.4864169447388
74.395533555791
74.3882268446328
74.4477814757063
73.818025180565
72.636820144452
72.5178561155616
73.2486848924493
73.3703479139594
73.7651783311675
74.378542664934
74.6418341319472
75.0778673055578
75.2444938444462
75.377395075557
75.5085160604456
75.6156128483565
75.6966902786852
75.8463522229481
76.1062817783585
76.4544254226868
76.8731403381495
76.6249122705196
76.5752298164157
76.6843838531325
76.830957082506
77.0074656660048
77.2079225328039
77.4275380262431
77.4450304209945
77.4752243367956
77.4892794694365
77.4904235755492
77.4747388604394
77.6253910883515
77.9239128706812
77.921930296545
74.023344237236
73.0217753897888
74.337820311831
75.1556562494648
76.0331249995719
76.8022999996575
77.434039999726
77.7406319997808
78.0335055998247
78.2628044798597
78.4412435838878
78.5789948671102
78.8173958936882
79.0381167149505
79.2226933719604
77.5323546975684
76.2596837580547
75.2436803397771
74.4330109384883
73.7866087507907
73.2716203339659
72.8617629338394
72.5360103470715
72.2775416109905
72.0728999554591
71.9113199643673
71.7841893048272
71.6846181105284
71.6070944884227
73.2000755907382
73.0358604725906
73.4276883780724
71.104150702458
71.2203205619664
71.3002564495731
71.3512051596585
71.4270641277268
71.5228513021814
71.9242810417451
72.0166248333961
71.9190998667169
72.1020798933735
72.2632639146988
72.6168111317591
72.8560489054073
72.9462391243258
72.9171912994607
72.9903530395685
73.1718824316548
73.4401059453239
73.6436847562591
73.6857478050073
73.8469982440058
73.8845985952047
73.9210788761637
73.926663100931
73.9724304807448
74.0503443845958
74.4872755076767
74.4934204061414
74.9633363249131
74.8604690599305
74.8787752479444
74.9542201983555
73.2323761586844
73.6217009269475
73.983360741558
74.4990885932464
74.5348708745971
74.9732966996777
75.2231373597422
75.3221098877938
75.590487910235
75.535790328188
75.6262322625504
75.9747858100403
76.2694286480323
76.3663429184258
76.4318743347407
76.4722994677925
76.553239574234
76.8731916593872
76.7561533275098
77.0601226620078
77.0868981296063
77.170518503685
77.299614802948
77.3238918423584
77.4137134738867
77.5153707791094
77.5752966232875
77.65243729863
77.789149838904
77.8929198711232
78.2023358968986
78.2890687175189
76.3030549740151
76.9048439792121
77.2648751833697
77.6031001466957
75.8124801173566
76.3923840938853
76.9831072751082
77.4524858200866
77.8863886560693
78.1345109248554
78.3680087398843
78.6032069919075
78.835565593526
78.3792524748208
77.3720019798566
75.9240015838853
74.7092012671083
73.7885610136866
73.1032488109493
72.5995990487594
72.4256792390076
72.097943391206
73.6235547129648
74.1052437703719
73.7517950162975
73.930336013038
74.5344688104304
73.9507750483443
73.5110200386755
73.1864160309404
73.0183328247523
72.7830662598018
72.4659196745081
72.0832690729399
71.6482152583519
72.4271722066815
72.4611377653452
72.5343102122762
72.5774481698209
72.5965585358568
72.5964468286854
72.6687574629483
73.4178059703587
74.7082447762869
74.6789958210296
74.4773966568237
74.4687173254589
74.7017738603671
74.6630190882937
74.723215270635
74.674672216508
74.5391377732064
74.3621102185651
74.1518881748521
73.6389105398817
73.5385284319053
73.5549227455243
73.6647381964194
73.9057905571355
74.3024324457084
74.5885459565668
74.7236367652534
74.8278427455361
74.9073408630955
74.9670726904764
75.1030581523812
75.6782465219049
75.7211972175239
75.8133577740192
75.9072862192153
75.9919623087056
76.0692365136312
76.1405892109049
76.1718713687239
76.6600970949792
76.7096776759833
76.8263421407867
76.9966737126293
77.1951389701035
77.4161111760828
77.4166889408662
77.435751152693
77.8868009221544
77.9930407377235
77.8308325901788
77.8466660721431
77.9688328577145
78.1760662861716
78.2250530289373
78.4074424231498
78.5672539385199
78.7090031508159
78.6766025206527
78.8828820165222
78.8733056132177
78.9076444905742
78.9771155924593
78.9422924739675
79.022833979174
78.9950671833392
78.8456537466714
78.9865229973371
79.1434183978697
77.0567347182957
75.5193877746366
74.4215102197093
75.3978081757674
75.997346540614
76.2954772324912
76.3524817859929
76.2165854287944
75.9263683430355
75.5126946744284
75.0002557395427
74.4088045916342
74.1682436733073
75.1931949386459
75.3069559509167
74.6917647607334
73.9684118085867
73.4625294468694
73.1306235574955
72.8808988459964
72.6858190767971
72.5344552614377
72.4641642091502
72.4577313673201
72.8309850938561
72.9613880750849
72.8975104600679
72.6098083680543
72.5560466944435
72.7862373555548
73.0547898844438
72.9282319075551
70.9737855260441
71.4890284208352
72.1010227366682
72.4098181893346
72.6756545514676
73.1693236411741
73.5714589129393
73.8495671303514
73.8882537042812
73.9880029634249
74.2848023707399
74.339041896592
74.1398335172736
74.2390668138189
74.1828534510551
74.5090827608441
74.8034662086753
75.0763729669402
75.1858983735522
75.1647186988417
75.0389749590734
74.8295799672587
74.553263973807
74.8144111790456
75.0167289432365
75.4235831545892
75.6084665236714
75.7725732189371
75.9200585751497
76.0542468601197
76.1777974880958
76.4298379904766
76.6875703923813
76.9498563139051
77.157685051124
77.1405480408992
77.2408384327194
77.4350707461755
77.4838565969404
77.5848852775523
77.6173082220419
77.5948465776335
77.8570772621068
77.7944618096855
77.7794694477484
77.8025755581987
77.841860446559
77.8754883572472
78.0204573524644
78.2544992153049
78.5597993722439
78.5740394977951
78.6678315982361
77.7212652785889
75.9424122228711
76.6613297782969
77.1370638226375
77.57725105811
77.9543341798214
78.2809340105238
78.567147208419
78.4163177667352
78.7072542133882
78.6612700373772
78.3457493632351
77.8145994905881
77.1109462591371
76.269290340643
75.3172322725144
74.3655858180116
74.5094686544092
75.5297749235274
75.4966199388219
74.6206959510575
73.939756760846
73.3502054086768
73.9965643269415
73.5258514615532
73.1870811692426
73.008464935394
72.9579719483152
72.7733775586522
72.5979020469218
73.9347216375374
73.6455773100299
73.2914618480239
73.3599694784192
73.2309755827353
73.3641804661883
73.2931443729506
73.0781154983605
73.0908923986884
73.1095139189507
73.2642111351606
73.2431689081285
73.2775351265028
73.4511281012022
73.7361024809618
73.9934819847694
74.8081855878155
74.6759484702524
74.349358776202
74.7080870209616
74.8202696167693
74.7940156934154
75.2138125547323
75.1300500437859
75.2522400350287
75.231592028023
75.2134736224184
75.4211788979347
75.7501431183478
75.7043144946782
75.3426515957426
75.9691212765941
76.0278970212753
76.0085176170202
76.0147140936162
76.041371274893
76.0076970199144
75.5127576159315
75.7000060927452
75.7744048741962
75.7585238993569
75.8482191194855
76.0111752955884
76.0093402364708
76.2326721891766
75.7489377513413
76.269350201073
76.4824801608584
76.6443841286867
76.8089073029494
77.1815258423595
77.2670206738876
77.3364165391101
77.5618332312881
77.9120665850305
78.1035532680244
78.1680426144195
78.1514340915356
78.2271472732285
78.4281178185828
78.0858942548662
78.040815403893
78.2334523231144
78.3591618584915
78.4313294867932
78.5358635894346
78.6367575382143
78.7347393639048
78.8303914911238
78.9713131928991
79.0632505543193
79.1590004434554
79.2578003547643
79.3590402838115
77.4904322270492
76.0457457816394
74.9401966253115
74.0797573002492
73.3882058401994
72.8819646721595
74.2157717377276
73.7520173901821
73.2386139121457
72.8501911297165
72.5617529037732
72.3174689896853
72.1085085250815
71.9278068200652
71.8618454560522
71.8880763648418
72.0766610918734
72.0987288734987
72.234183098799
72.4603464790392
72.7590771832314
73.1790617465851
73.6960493972681
73.9076395178145
73.8749116142516
74.2843292914013
75.047463433121
75.4164707464968
75.4701765971975
75.609341277758
75.9296730222064
76.0151384177651
72.1793107342121
73.0646485873697
73.9755188698958
74.5836150959166
75.1160920767333
75.5678736613866
75.9428989291093
76.2849191432875
76.74713531463
76.962508251704
77.1268066013632
77.2550452810905
77.3879362248724
77.524548979898
77.6677391839184
77.8161913471347
78.0577530777078
78.3738024621662
78.655041969733
78.6856335757864
78.7141068606291
78.7198854885033
76.6887083908026
76.7809667126421
76.9254400367804
77.1116853627576
77.3313482902061
77.6768786321649
77.9049029057319
78.0095223245855
78.0700178596684
78.4010142877347
74.6000114301878
75.4932091441502
76.2093673153202
75.2374938522562
74.3211950818049
73.8067560654439
73.4948048523552
72.9424438818841
72.5358551055073
72.2458840844059
72.3931072675247
72.3048858140197
72.0283086512158
71.9416469209726
73.3781175367781
74.4938940294225
75.392715223538
76.1183721788304
75.9880977430643
76.1316781944515
76.4943425555612
77.0322740444489
77.4694192355591
77.8222353884473
78.1075883107579
78.3263706486063
78.491896518885
78.3836600722509
78.0564137720864
77.5539595890977
76.9113390998496
76.156585565594
75.3121255953323
74.3959004762658
75.4857203810127
72.5783763048101
71.3655010438481
71.5082008350785
71.4779606680628
71.3093685344502
71.4454948275602
71.5211958620482
71.5485566896385
71.5866453517108
72.3171162813687
72.2704930250949
72.239394420076
72.4353155360608
72.1382524288486
72.3928019430789
72.2120415544631
72.2214332435705
72.3127465948564
72.5303972758851
72.8491178207081
72.8940942565665
73.1646754052532
73.1677403242026
73.1987922593621
73.2522338074896
73.5075870459917
73.9244696367934
73.9975757094347
74.0334605675478
74.0395684540382
74.2120547632306
73.2654438105845
71.4235550484676
72.2078440387741
72.6180752310193
73.1752601848154
73.5182081478523
73.7563665182819
74.0120932146255
73.8748745717004
74.3200996573603
74.4772797258883
74.4482237807106
74.4375790245685
74.4416632196548
74.7775305757239
75.0146244605791
75.1726995684633
75.3511596547706
75.4479277238165
75.5457421790532
75.9159937432426
76.0471949945941
76.2495559956753
76.3254447965402
76.3161558372322
76.5443246697857
76.5428597358286
76.8556877886629
77.1053502309303
76.8420801847442
76.9542641477954
77.1614113182363
77.4445290545891
73.7122232436713
74.753378594937
75.2251028759496
75.6118823007597
76.0993058406078
76.5412446724862
76.898295737989
77.1874365903912
77.453049272313
77.6998394178504
77.9254715342803
78.0457772274243
78.2672217819394
78.4827774255515
78.6760219404412
78.859217552353
79.0343740418824
79.2030992335059
79.2900793868047
77.2856635094438
75.799330807555
74.6329313127107
73.7224783835019
73.0167827068015
72.4748928321079
72.0640475990196
71.7580380792157
71.5358971300392
71.3808510373647
71.2794808298918
72.7225846639134
72.6094677311307
70.3287741849046
70.5348193479237
70.562255478339
70.9598043826712
71.3088435061369
71.3380748049096
71.4524598439276
71.5959678751421
71.6747743001137
71.833619440091
71.7452955520728
72.0686364416582
72.5143091533266
72.8139473226613
72.996757858129
73.1192062865032
73.0289650292026
72.9385720233621
73.0306576186897
74.0411260949517
74.0565008759614
73.8376007007691
73.7280805606153
73.9586644484922
73.9351315587938
73.982705247035
74.224164197628
74.2883313581024
74.426465086482
74.4109720691856
74.4145776553485
74.4348621242788
72.571089699423
73.1714717595384
73.7041774076307
74.1261419261046
74.2975135408837
74.6246108327069
74.7614886661655
75.0773909329324
75.148112746346
75.2186901970768
75.2899521576614
75.0533617261291
75.1334893809033
75.5169915047227
75.6189932037781
75.8613945630225
76.143715650418
76.1799725203344
76.2731780162675
76.544542413014
76.5932339304112
76.611387144329
76.6861097154632
76.7182877723706
76.7724302178965
76.8533441743172
76.9650753394537
77.163060271563
77.0720482172504
76.9184385738003
77.2799508590403
77.3505606872322
75.4242485497858
75.8917988398286
76.1418390718629
76.4094712574903
76.8179770059923
77.1151816047938
77.4985452838351
77.9508362270681
78.1526689816545
78.3083351853236
78.4120681482589
78.4994545186071
78.6162636148857
78.7566108919086
78.9018887135268
79.0169109708215
79.1251287766572
79.2279030213257
79.1487224170606
79.0710979336485
78.9947183469188
78.919334677535
78.844747742028
78.7707981936224
77.3104385548979
75.9009508439184
75.0589606751347
74.3402685401077
73.7202148320862
74.805371865669
74.1002974925352
73.4958379940281
73.0292703952225
72.925816316178
72.6278530529424
72.4530824423539
72.3292659538832
72.4766127631065
72.5598902104852
72.6395121683882
72.5076097347106
72.8502877877685
72.9314302302148
72.8251441841718
74.2353153473374
74.15485227787
73.880881822296
73.8781054578368
73.7622843662694
73.8846274930156
73.7889019944125
73.49352159553
73.3332839430906
73.2811604878059
73.3155283902447
73.7922227121958
74.0411781697566
74.2529425358053
74.0315540286442
74.2616432229154
74.3551145783323
74.3392916626659
74.3518333301327
74.3954666641062
74.4355733312849
74.5664586650279
74.8015669320224
74.8018535456179
75.0584828364943
75.3197862691954
75.3470290153564
75.2852232122851
75.3569785698281
75.4465828558625
75.73546628469
75.571573027752
75.8926584222016
76.3705267377613
76.503621390209
76.5104971121672
76.5251976897338
76.547358151787
76.5942865214296
77.0650292171437
77.027223373715
77.208578698972
77.3940629591776
77.4427503673421
77.3820002938737
77.3932002350989
77.3549601880791
77.4289681504633
77.6897745203707
77.3248196162965
77.4806556930372
77.6241245544298
77.7852996435438
77.9240397148351
78.0534317718681
77.9679454174944
77.9959563339956
78.0424650671965
78.1037720537572
78.1438176430057
78.2233207810713
78.3343899581904
78.4707119665523
78.5867695732418
78.6866156585935
78.8270925268748
79.0142740214998
79.1996192171999
79.2148953737599
79.0941162990079
78.6636530392063
77.9854424313651
77.1090339450921
76.0740671560737
74.9122537248589
74.0714029798871
74.9901223839097
75.0325979071278
74.3740783257022
73.7797626605618
73.2368101284494
72.9900481027595
72.9802384822076
73.1599907857661
73.0907926286129
72.8224341028903
72.7903472823123
72.7305444925165
72.6485689273465
72.5488551418772
72.5044841135018
70.4095872908014
71.0000698326412
71.3472558661129
71.8434046928903
72.2381237543123
72.5876990034498
72.8483592027599
72.8540873622079
72.9506698897663
73.0505359118131
73.1568287294504
73.2434629835603
73.1535703868483
73.3390563094786
73.3792450475829
73.7099960380663
74.0455968304531
74.2582774643625
74.25102197149
74.468017577192
74.4904140617536
74.7379312494029
74.9209449995223
74.8909559996178
74.9391647996943
74.9680318397554
74.9814254718043
75.2115403774435
75.4458323019548
75.7038658415638
75.6200926732511
75.8550741386009
73.7258593108807
74.1890874487046
74.7754699589637
75.0663759671709
75.1951007737367
75.4372806189894
75.6082244951915
76.1997795961532
76.2588236769226
76.3280589415381
76.3894471532304
76.5853577225844
76.8888861780675
76.653908942454
75.6963271539632
75.3558617231706
75.8410893785365
76.1400715028292
76.4562572022633
76.7018057618107
77.3336446094485
77.6945156875588
77.7922125500471
77.9055700400377
77.8981893653635
77.7942181589574
77.612974527166
77.8403796217328
77.8909036973862
78.055922957909
78.2367383663272
78.4239906930618
74.6827925544494
73.6174340435595
74.7947472348476
74.9673977878781
75.9091182303025
76.682294584242
77.3206356673936
77.8511085339149
78.2615368271319
78.5759294617055
78.8134935693644
78.9895948554915
79.1165258843932
79.2041207075146
79.2602465660117
79.2911972528094
77.8225578022475
76.620046241798
76.0750369934384
75.3484295947507
74.6657436758006
74.0181949406405
73.5267559525124
73.1602047620099
72.8935638096079
72.8078510476864
72.8668808381491
72.6931046705193
72.4933837364154
72.2729069891323
72.3241255913059
72.3883004730447
70.4744403784358
71.7583523027486
72.1808818421989
72.5173054737591
72.8174443790073
73.0835555032058
73.3224444025647
73.3601555220517
73.4003244176414
73.6454595341131
73.5947676272905
73.5940141018324
73.4176112814659
73.5312890251728
73.6470312201382
73.7369249761106
73.8061399808885
73.9355119847108
74.0612095877686
74.1583676702149
74.2678941361719
74.6029153089375
74.59733224715
74.63666579772
74.688932638176
74.8661461105408
75.1433168884327
75.1490535107461
75.1478428085969
75.3890742468775
75.530659397502
75.5925275180016
73.6108220144013
74.3868576115211
74.7980860892168
75.0394688713735
75.5065750970988
75.815760077679
75.9986080621432
76.1048864497146
76.1499091597717
76.1669273278173
76.4813418622539
76.7902734898031
76.8786187918425
77.016695033474
77.1471560267792
77.2693248214234
77.3848598571387
77.879487885711
77.9013903085688
78.150312246855
78.393049797484
78.3354398379872
78.4363518703898
78.6640814963118
78.7152651970495
78.9290121576396
78.9218097261117
78.8958477808893
78.9378782247115
78.9951692464359
79.064668730482
79.1439349843856
74.9521479875085
73.7000183900068
74.7996147120055
75.7912917696044
76.5907334156835
77.2363867325468
77.7590093860374
78.18320750883
77.9046993403973
77.0640261389845
75.7736209111876
74.7558967289501
73.9665173831601
73.3598139065281
73.1024511252224
73.276960900178
73.1364687201424
72.7439749761139
72.4469799808911
72.3342839847129
72.3690271877703
72.2428217502163
72.562657400173
72.3953259201384
73.0168607361107
72.8138885888886
73.1099108711109
73.1261286968887
72.897702957511
72.9121623660088
72.686329892807
72.4636639142456
72.4254311313965
72.5347449051172
72.4715959240938
72.483676739275
72.50664139142
72.538313113136
73.4586504905088
73.5245203924071
73.7276163139257
73.9832930511405
73.9354344409124
74.1735475527299
74.158438042184
74.0271504337472
73.8573203469977
73.7798562775982
73.7246850220786
73.9137480176629
73.5951984141303
73.7123587313042
74.0544869850434
74.2957895880347
74.3732316704278
74.3519853363422
74.4193882690738
74.498510615259
74.6848084922072
74.7314467937658
75.1077574350126
75.1216059480101
75.2052847584081
75.1274278067265
75.2133422453812
75.304873796305
75.494199037044
75.7617592296352
75.8508073837081
75.9444459069665
75.8681567255732
76.1969253804586
76.2275403043669
76.3693322434935
76.6000657947948
76.8368526358358
76.8340821086687
76.8584656869349
76.912972549548
76.9569780396384
77.0069824317107
77.0617859453686
77.3204287562949
77.5453430050359
77.3932744040287
77.477219523223
77.5167756185784
77.4906204948627
77.6324963958902
78.0059971167121
78.0801976933697
78.0993581546958
78.3902865237566
78.6118292190053
78.6062633752043
78.5618107001634
78.7948485601307
79.0018788481046
78.9879030784837
78.731722462787
78.8569779702296
78.9979823761837
79.1177059009469
79.2204047207576
79.309483776606
79.3876670212848
79.4571336170279
79.4809068936223
79.4751755148978
79.4458404119183
79.3976223295346
79.3342978636277
78.9365582909022
78.2712866327217
77.3919893061774
76.3414714449419
75.1539771559535
74.5591817247628
73.9071453798103
73.4035829705149
73.0187997097453
72.7290397677962
70.322031814237
71.8580254513896
72.8963203611117
73.5364562888893
73.5802650311115
73.1470120248892
74.4222096199113
73.9671676959291
73.6649341567433
73.4613473253946
73.2366778603157
73.3679422882526
73.4271538306021
73.1671230644816
73.4702984515853
73.4148387612683
73.3714710090146
73.3857768072117
73.3482214457694
73.4689771566155
73.8879817252924
73.7111853802339
73.9539483041872
74.1865586433497
74.4060469146798
74.5918375317438
74.7506700253951
74.7019360203161
74.9021488162528
74.8635190530023
75.0908152424018
75.2676521939215
73.1971217551372
73.4962974041098
73.8948379232878
74.1490703386303
74.6358562709042
74.8498850167234
75.1956080133787
75.646686410703
75.7139491285624
75.7343593028499
75.8132874422799
75.8926299538239
76.0051039630592
76.1440831704473
76.2352665363579
76.3803465624196
76.5685439166024
76.7912351332819
76.6131881066255
76.3195504853004
76.5178403882403
76.6600723105923
76.8073578484738
76.9586862787791
77.0605490230232
77.0700392184186
77.0056313747349
77.0849050997879
77.2791240798303
77.4448992638643
77.5881194110914
77.7132955288731
73.8594364230985
75.0329491384788
75.917459310783
76.5707674486264
76.9932139589012
77.4091711671209
77.7287369336967
77.7405895469574
77.8460716375659
78.0264573100527
77.5395658480422
77.9620526784338
78.319242142747
78.6241937141976
78.8947549713581
78.7770439770865
78.3487151816692
77.6718921453353
76.7962737162683
75.7616189730146
74.9496951784117
74.3159561427294
73.8247649141835
73.4476119313468
73.1616895450774
73.014951636062
72.9795613088496
73.0332490470797
72.9522992376637
72.763639390131
71.9867115121048
70.7391692096839
69.1151353677471
69.6721082941977
69.8856866353581
69.1965493082865
67.7852394466292
67.4443915573034
67.9599132458427
69.1605305966742
70.2424244773393
71.2293395818715
72.4184716654972
71.1751773323977
71.7287418659182
72.4305934927346
72.8788747941877
73.2236998353501
73.4974265349468
73.7142745612908
73.8856196490326
74.3502957192261
74.5436365753809
74.7905092603047
74.9499074082438
75.039325926595
75.072460741276
75.0845685930208
75.2650548744167
75.4218438995333
75.5724751196267
75.6939800957013
75.8019840765611
75.8991872612489
76.0025498089991
76.3028398471993
75.7818718777594
76.0002975022076
76.199838001766
76.3842704014128
76.6328163211303
76.7548530569042
76.7756824455234
76.8261459564187
77.099916765135
73.095533412108
74.1922267296864
74.8921813837491
75.5283451069993
75.8812760855994
76.5024208684795
77.0485366947836
77.2866293558269
77.4595034846615
77.6332027877292
77.7591622301834
77.9885297841467
78.1932238273174
77.9725790618539
77.4116632494831
76.5785305995865
75.5276244796692
74.3024995837354
75.3215996669883
76.1710797335906
76.8848637868725
77.190291029498
77.1690328235984
76.8864262588787
76.394741007103
75.7357928056824
74.9430342445459
74.0432273956367
73.5767819165094
73.0126255332075
72.777900426566
72.5875203412528
70.2192162730022
70.3995730184018
70.5294584147214
70.6671000651105
70.8109467187551
70.9597573750041
72.6914059000032
72.7115247200026
72.3604197760021
72.2667358208017
72.2411886566413
72.0425509253131
72.0884407402505
72.1987525922004
72.2630020737603
72.5344016590083
72.5507213272066
73.0133770617653
72.8857016494122
72.8487613195298
72.8788090556238
72.9080472444991
73.3788377955993
73.5928702364794
74.5508961891835
74.3869169513468
74.2607335610775
73.997786848862
73.9166294790896
74.1585035832717
74.1218028666173
74.0856422932939
72.3245138346351
72.6462110677081
72.8632688541665
72.9966150833332
73.5470920666665
73.7506736533332
73.9903389226666
74.3584711381333
74.5619769105066
74.8955815284053
75.0726652227242
75.1557321781794
75.2273857425435
75.4877085940348
75.4745668752279
75.4750535001823
75.5800428001458
75.6158342401167
75.5690673920933
74.9284539136747
74.9825631309398
75.0378505047518
75.2098804038014
75.6369043230412
75.9181234584329
76.0222987667463
76.4564390133971
76.6323512107177
76.7558809685741
77.2917047748593
77.5059638198875
76.81707105591
75.405656844728
76.1181254757824
76.4331003806259
76.9348803045007
77.2142042436006
77.3155633948805
77.5232507159044
77.6194005727235
77.7607204581788
77.961976366543
78.2407810932344
78.3130248745876
78.4328198996701
78.4618559197361
78.6076847357888
78.7218144552977
78.8105848975715
78.8790679180572
79.0156543344458
79.1391234675566
79.2940987740453
78.5237790192362
77.013223215389
77.3451785723112
75.898742857849
74.7517942862792
73.8444354290233
73.1287483432187
72.5663986745749
72.12671893966
71.785175151728
71.5221401213824
71.3219120971059
71.3087296776847
71.5029837421478
71.4967869937182
71.5348295949746
71.5540636759797
71.6154509407837
71.861560752627
71.9030486021016
71.9156388816813
71.923711105345
72.051868884276
72.2760951074208
72.3572760859367
72.3520208687493
72.3862166949995
72.4519733559996
72.7421786847997
72.5835429478397
72.6346343582718
72.6772074866174
72.712965989294
72.7590727914352
72.8134582331481
72.9485665865185
73.3084532692148
73.4289626153719
73.5289700922975
73.620576073838
68.7224608590704
69.9759686872563
70.8673749498051
71.9908999598441
72.2899199678752
72.7323359743002
72.8820687794402
73.2972550235521
73.8320040188417
74.2928032150734
74.5008425720587
74.907274057647
75.0318192461176
75.1304553968941
75.2097643175153
74.7308114540122
74.8690491632098
75.0305726639012
75.2107247977876
75.4057798382301
75.4572238705841
75.8395790964672
76.1322632771738
76.256210621739
76.7325684973912
76.703454797913
76.6651638383304
76.6933310706643
76.7482648565315
76.7612118852252
76.8725695081801
76.9894556065441
77.0565644852353
77.2138515881882
77.2176812705506
77.0553450164405
77.1662760131524
77.2996208105219
77.4286966484175
77.608157318734
77.7595258549872
77.8868206839898
78.2452565471918
78.4468052377535
78.7222441902028
78.9721953521622
79.1171562817298
79.1781250253838
79.1719000203071
79.1673200162457
79.1640560129965
79.1618448103972
79.1604758483178
79.1597806786542
79.1596245429234
79.1769496343387
79.208259707471
79.2507577659768
79.3022062127814
79.3237316368918
79.3213186428468
79.2997549142774
79.2628705980886
79.2137298118042
79.1547838494434
77.7256270795547
76.4303016636438
75.407941330915
74.603953064732
73.9439624517856
75.0259699614285
74.3369759691428
73.7911807753142
73.7359446202514
73.6016890295345
73.4042178902942
73.1561743122354
72.9813394497883
72.8650715598307
73.0054572478645
72.9293657982916
72.8540926386333
72.5434741109067
72.6239792887253
72.8228834309803
73.1165067447842
73.0694053958274
73.3425243166619
73.4344194533295
73.4815355626636
74.5118284501309
74.3434627601047
74.2445702080838
74.393856166467
74.3060849331736
74.2272679465389
74.4570143572311
74.3686114857849
75.4584891886279
75.7528913509024
75.4109130807219
75.2443304645775
75.068864371662
74.8862914973296
74.5624331978637
74.380146558291
72.5981172466328
73.3030937973062
73.743275037845
74.119020030276
74.3824160242208
74.5859328193766
74.7215462555013
75.2266370044011
75.4501096035208
75.8450876828167
76.1984701462534
76.2717761170027
75.8732208936022
76.1527767148817
76.2920213719054
76.3910170975243
76.9182136780195
76.9591709424156
76.9929367539325
77.222949403146
76.9753595225168
77.1200876180134
77.3033700944107
77.5174960755286
77.5221968604229
77.7957574883383
77.8264059906707
77.9209247925365
77.8143398340292
78.2256718672234
78.5227374937787
78.6749233283563
78.7112053293517
78.6547642634814
78.8566114107851
78.8282891286281
78.8535313029025
78.921625042322
78.8582333671909
78.6896533604194
78.4369226883355
78.3842048173351
78.4914971872014
78.7267977497611
78.9486381998089
77.3579105598471
75.9417284478777
74.8623827583022
71.7825062066417
71.3946049653134
71.2772839722507
71.1504271778006
70.9055417422405
71.1176333937924
71.0965067150339
71.2027053720271
71.4107642976217
71.4164114380974
71.5049291504779
71.6597433203823
71.7323946563059
71.7473157250447
71.7412525800357
71.7730020640286
71.8400016512229
73.1006013209783
73.1252810567827
73.3632248454261
73.2041798763409
74.3075439010727
73.9912351208582
73.7113880966866
73.4239104773493
73.2085283818794
73.3810227055035
73.3734181644028
73.4133345315223
73.3866676252178
73.4421341001743
73.7075072801394
71.7472058241115
72.0031646592892
72.3911317274314
72.8847053819451
73.1675643055561
73.5694514444449
73.5513611555559
73.7684889244447
73.8747911395558
74.2344329116446
74.5863463293157
74.8582770634526
75.0692216507621
75.2313773206097
75.9607018564877
76.6707614851902
77.3136091881522
77.6222873505217
77.8442298804174
76.0839839043339
73.6723871234671
70.7397096987737
72.283567759019
73.0536542072152
73.9433233657722
74.4712586926177
74.8231069540942
75.0340855632754
75.5844684506203
75.8709747604963
76.124979808397
76.3529838467176
76.5363870773741
76.6033096618993
76.7776477295194
76.9535181836155
76.9066145468924
73.054891637514
73.7219133100112
74.6027306480089
75.3999845184072
76.1483876147257
76.5567100917806
76.9355680734245
77.2627544587396
77.5486035669917
77.7886828535933
77.9945462828747
78.1452370262997
78.3471896210398
78.5309516968318
78.7247613574655
78.8467090859724
78.9111672687779
79.0867338150223
79.2415870520179
79.3269696416143
79.3567757132914
78.4317205706332
76.7427764565065
75.4690211652052
74.4750169321642
73.8028135457314
73.3880508365851
73.0492406692681
72.5305925354145
72.2222740283316
72.2034192226653
72.1159353781322
70.1445483025058
70.4086386420046
71.0161109136037
71.3874220642163
71.5698043180397
71.6010434544318
71.6790347635454
71.8742278108363
71.9203822486691
72.0005057989353
72.0586046391482
72.2146837113186
72.2801469690549
72.3585175752439
72.4418140601951
72.7258512481561
72.6642809985249
72.7118247988199
73.0190598390559
73.0658478712448
73.3446782969958
73.3833426375967
73.3524741100773
73.9309792880619
73.8995834304495
73.9984667443596
74.2015733954877
74.4022587163902
75.1830069731121
75.0290055784897
75.3486044627918
75.3466835702334
73.2353468561867
73.7462774849494
74.0062219879595
74.2655775903676
74.6100620722941
74.9264496578353
75.2203597262682
75.4962877810146
75.4918302248117
75.6225641798493
75.8614513438795
76.2747610751036
76.3472088600829
76.2231670880663
76.1547336704531
76.0585869363624
76.03426954909
76.109415639272
76.8605325114176
77.1780260091341
73.1248208073072
74.4634566458458
75.3279653166766
76.1601722533413
76.9207378026731
77.3355902421385
77.4738721937108
77.9146977549686
76.6539582039749
75.6871665631799
74.7317332505439
74.1841866004352
73.6531492803481
73.1353194242785
72.8241222060895
72.6782310982049
72.6645848785639
72.5596679028512
72.3817343222809
73.8011874578248
74.8553499662598
75.7368799730079
76.4223039784063
76.082643182725
74.92291454618
73.820931636944
75.0079453095552
75.9799562476442
76.7799649981154
77.4193219984923
77.9301575987938
78.3381760790351
78.6639408632281
77.9841526905825
76.499922152466
75.3291091505442
74.4090301775782
73.6895384277769
73.1305164565072
72.6998703080629
72.3719248178789
72.1261398543031
73.6667118834425
73.227169506754
72.8903356054032
72.5602684843226
72.6054147874581
72.3055318299665
72.2132254639732
72.1393803711785
72.1573042969428
72.3460434375543
72.5670347500434
72.7444278000347
72.6625422400278
72.6322337920222
72.4645870336178
72.7648696268942
72.7982957015154
72.8100365612123
72.9020292489699
73.1916233991759
73.2406987193407
73.5005589754726
73.5420471803781
73.7990377443025
73.834230195442
73.8863841563536
73.9185073250829
73.9850058600663
74.235204688053
73.9833637504424
74.315891000354
74.3443128002832
74.6073835735599
75.0581735255146
75.6591388204117
76.3599110563293
76.7149288450635
76.3313430760508
76.7590744608406
77.1080595686725
77.368247654938
77.6251981239504
77.8767584991603
78.1037067993283
78.3109654394626
78.4968723515701
78.6656978812561
78.7765583050049
78.8130466440039
78.6415373152031
78.3036298521625
75.83210388173
76.240283105384
76.5117264843072
76.6737811874458
76.9952249499566
77.1219799599653
77.5971839679722
77.5999471743778
77.8171577395022
77.8119261916018
77.9297409532814
77.5367927626252
77.6726342101001
77.7859073680801
77.8389258944641
78.1297407155713
78.169592572457
78.2434740579656
77.6386792463725
76.490943397098
75.5965547176784
74.9904437741427
74.3703550193142
73.9708840154514
73.6515072123611
73.6248057698889
73.4034446159111
73.2083556927289
73.0736845541831
73.0409476433465
73.4578914480105
74.2345798250751
75.2990638600601
75.9054796594766
76.1454408704385
76.0922384106365
75.8045050142235
75.3291468685216
74.7036889233888
73.958151138711
73.3777209109688
74.540976728775
75.09418138302
75.159345106416
74.9550760851328
74.6937608681063
74.386808694485
74.043346955588
73.6706775644704
73.3671420515763
73.3325136412611
73.3080109130089
73.0056087304071
72.8302869843257
72.8449295874606
73.0115436699684
72.8670349359748
72.9046279487798
72.9095023590238
72.8882018872191
72.9013115097753
72.9419492078202
73.0046093662562
73.0848874930049
73.2623099944039
73.6248479955232
74.8522783964185
74.9138227171348
72.5188581737079
72.9702865389663
73.370029231173
73.5918233849384
73.7618587079508
74.1390869663606
74.6820695730885
74.7120556584708
74.3382445267766
74.6683956214213
74.645716497137
74.7737731977096
74.9036185581677
75.0287948465342
75.1502358772273
75.0147887017819
75.1026309614255
75.3295047691404
75.6676038153123
76.0946830522498
76.1269464417999
76.2063571534399
76.2602857227519
76.5288285782015
76.5626628625612
76.607730290049
76.6617842320392
77.0948273856314
77.3677619085051
77.5126095268041
77.4504876214433
77.3863900971546
73.3881120777237
74.223689662179
74.5795517297432
75.2384413837945
75.7693531070356
76.2428824856285
76.5693059885028
77.1218447908023
77.3690758326418
77.5878606661134
77.9828885328908
77.5227108263126
77.9887686610501
78.3636149288401
78.5090919430721
78.6024735544577
78.7375788435662
78.8494630748529
78.9703704598823
79.1022963679059
79.2300370943247
79.3622296754598
79.4643837403678
79.5263069922943
79.5693789271688
79.5973698084017
79.6132958467213
78.4534366773771
77.5567493419017
78.0255994735213
77.4400795788171
76.8038636630537
76.5054909304429
76.2747927443544
75.9484341954835
75.6181473563868
75.3541178851094
75.2556943080876
75.3753554464701
75.430284357176
75.4334274857409
75.3951419885927
75.4865135908742
75.6816108726993
75.6594886981595
75.6453909585276
75.6827127668221
75.7197702134577
75.7908161707661
76.0340529366129
76.4146423492903
76.9051138794323
77.4332911035458
77.8735328828367
78.2434263062693
78.5545410450155
78.8212328360124
77.0575862688099
76.1081190150479
75.8099952120383
76.0329461696307
76.6727569357045
76.3682055485636
75.3081644388509
74.6699315510807
74.3691452408646
74.3383161926917
74.5234529541533
74.8813623633227
75.3774898906581
74.5661919125265
73.9586535300212
73.514122824017
73.8471982592136
74.8023586073709
75.6606868858967
76.3517495087174
76.9235996069739
77.4000796855791
77.8002637484633
78.1394109987706
78.4297287990165
77.9719830392132
78.3733864313706
76.6209091450965
76.1641273160772
76.7439018528617
75.4207214822894
74.4427771858315
73.6408217486652
73.2118573989322
72.7220859191458
72.2834687353166
72.7339749882533
73.8957799906026
71.3618239924821
65.8716591939857
63.5988273551886
63.8998618841508
66.0556895073207
67.6289516058565
68.3995612846852
69.3304490277482
70.2127592221986
70.9022073777589
71.3993659022071
72.2030927217657
72.7234741774126
73.49457934193
73.861463473544
73.6399707788352
74.2869766230682
74.6357812984546
74.7180250387636
74.9932200310109
75.2881760248087
75.465340819847
75.6822726558776
75.8892181247021
75.6413744997617
75.8876995998093
76.1081596798475
76.301127743878
76.4630021951024
76.6000017560819
76.7704014048655
76.9299211238924
77.064336899114
77.1798695192912
77.2888956154329
73.3965164923464
74.3358131938771
75.1028505551017
75.6422804440814
75.8922243552651
76.1765794842121
76.4884635873697
76.7267708698957
77.1208166959166
77.4792533567333
77.7898026853866
78.0344421483093
78.2401537186474
78.414722974918
78.2905783799344
78.5506627039475
78.756330163158
78.9156641305264
79.0379313044211
79.1305450435369
79.2400360348295
78.0334288278636
78.0975430622909
76.7774344498327
75.4955475598662
74.840788047893
74.6877304383144
74.9360343506515
75.5054274805212
76.017341984417
76.6624735875336
76.9729788700269
77.1129830960215
77.4087864768172
77.8292291814537
77.980083345163
77.9152666761304
78.1070133409043
78.1762106727235
78.1473685381788
78.416294830543
78.6136358644344
74.7821086915475
75.732086953238
76.5230695625904
77.1587556500724
77.6702045200579
78.0822636160463
78.4148108928371
76.7582487142697
76.0745323047491
76.1690925104659
76.8862740083727
75.8428192066982
74.8204553653586
74.8914642922869
75.8371714338295
74.8743371470636
74.1806697176509
73.7023357741207
73.3962686192966
73.2280148954373
73.0832119163498
73.1895695330799
73.3206556264639
73.0219245011711
72.5495396009369
72.3379316807495
72.3349453445996
72.2865562756797
72.5190450205438
72.586236016435
73.411788813148
73.2688310505184
71.1516648404148
71.5019318723318
71.7273454978655
72.1934097316257
72.8519944519672
73.6645955615738
74.043876449259
74.5471011594072
74.9946809275258
75.3157447420206
73.6375957936165
74.3106766348932
74.8629413079146
75.4261530463317
75.9981224370653
76.2834979496523
76.6705983597218
76.7772786877775
76.797022950222
76.9764183601776
77.1897346881421
77.3557877505137
77.5006302004109
77.6291041603288
77.555283328263
77.9638266626104
78.0698613300883
78.1950890640707
77.7992712512565
78.0340170010052
77.9992136008042
77.9402708806434
77.8620167045147
78.1556133636118
78.4184906908894
78.6881925527115
78.4203540421692
78.3254832337354
78.0075865869883
73.8034692695907
74.6639754156725
75.354180332538
75.7545442660304
76.2610354128243
76.4858283302595
76.6988626642076
76.6962901313661
77.1156321050929
77.2869056840743
77.4531245472594
77.5786996378076
77.6281597102461
77.7635277681968
77.7228222145575
77.869657771646
77.9357262173168
78.1221809738534
76.4895447790828
76.8536358232662
77.065908658613
77.3093269268904
77.8162615415123
78.1450092332099
78.4774073865679
78.4116259092543
78.0273007274035
77.3881405819228
76.5451124655382
75.5389899724306
74.4023919779445
73.5047135823556
71.0703708658845
70.9318966927076
72.4709173541661
73.7145338833328
74.7218271066663
73.760261685333
73.0126093482664
72.4360874786131
71.9033699828905
71.4056959863124
71.3153567890499
72.34848543124
72.225388344992
71.9549106759936
72.0685285407949
72.2050228326359
72.3304182661087
72.366834612887
72.3320676903096
72.0498541522477
72.1518833217982
72.2067066574385
72.2919653259508
72.4015722607607
72.4054578086085
72.5447662468868
72.6936129975095
72.8292903980076
73.1106323184061
72.8139058547249
72.0547246837799
70.9255797470239
69.5004637976191
70.3645710380953
71.0750568304763
71.545645464381
72.0371163715048
72.7020930972038
73.0728744777631
73.3656995822105
73.6395596657684
73.7944477326147
74.2225581860918
74.3348465488734
74.4536105724321
74.5775551246123
74.7056440996899
74.8563152797519
75.1648522238015
75.3331817790412
75.389345423233
75.1694763385864
74.9691810708691
75.0747448566953
74.4619958853562
74.785796708285
74.716837366628
75.0646698933024
75.3721359146419
75.4197087317135
75.5820669853708
75.8362535882967
76.0636028706373
76.2462822965099
76.3292258372079
76.4506806697663
76.6029445358131
76.7659556286505
77.1593645029204
77.3770916023363
77.454273281869
77.5152186254952
77.6035749003962
77.696059920317
77.7722479362536
77.8967983490029
78.0456386792023
78.1403109433618
78.2288487546895
78.5044790037516
78.5545832030013
78.614866562401
78.6832932499208
78.7386345999367
78.8433076799493
78.4747794772928
77.7276902485009
76.6777521988007
76.0576017590406
75.3162814072325
74.768025125786
74.3892201006288
74.054176080503
73.5535408644024
73.1238993581886
72.7510528198842
72.4236422559074
72.1325804713926
71.8705977104474
71.6318781683579
71.4511025346863
71.7145820277491
72.3334656221993
73.2366724977594
74.3673379982075
71.773870398566
71.7540963188528
73.1042770550823
72.8212216440658
74.1583773152527
74.4591018522021
73.9306814817617
73.5175451854094
73.6354361483275
74.178148918662
74.3665191349296
74.6070153079437
74.6158122463549
74.635449797084
74.3061598376672
74.3477278701338
74.471782296107
74.6136258368856
74.9371006695085
74.7524805356068
74.8987844284854
74.8086275427884
75.1555020342307
75.6048016273846
75.8134413019077
76.0209530415261
76.1703624332209
76.3734899465767
76.7487919572614
76.8596335658091
77.0095068526473
77.1044054821178
77.3971243856943
77.4728995085554
77.5509196068443
77.3955356854755
77.0534285483804
76.5235428387043
76.2712342709634
76.1019874167708
76.1667899334166
76.0614319467333
75.9933455573866
75.9550764459093
75.9268611567275
75.935288925382
76.0838311403056
76.3076649122445
76.2466819297956
75.9578455438365
75.4867264350692
74.8697811480554
75.2440249184443
75.4025199347554
75.3884159478043
73.4655327582435
74.4202262065948
75.1954809652758
75.8271847722207
76.2868811511099
76.6089715875546
76.8209772700437
77.0161818160349
77.197945452828
77.3539563622624
77.4579650898099
77.5915720718479
77.9274576574783
78.2183661259827
78.1654929007861
78.2081943206289
78.3169554565032
78.4077643652025
78.492611492162
78.5412891937296
77.8132313549837
77.823985083987
78.1101880671896
78.0017504537517
78.0258003630013
78.1558402904011
78.3706722323209
78.6533377858567
78.2625702286853
77.3330561829483
76.4738449463586
75.8098759570869
75.2877007656695
74.9961606125356
74.8891284900285
74.8149027920228
74.7669222336182
74.5949377868946
74.4675502295157
74.3162401836125
74.50159214689
74.444073717512
74.6166589740096
74.5931271792077
74.5938350766995
74.6139347280263
74.649547782421
74.6652382259368
74.5873905807494
74.8755124645996
74.9834099716796
74.9471279773437
75.022502381875
75.1466019055
75.2518815244
75.34250521952
75.390404175616
75.0733233404928
74.5900586723942
74.9092469379154
74.7729975503323
75.0117980402659
75.5166384322127
75.7179107457702
75.9020285966161
76.0724228772929
76.1465383018343
76.2580306414675
76.399424513174
76.4859396105392
76.6267516884313
76.7786013507451
76.8838810805961
76.3077048644769
76.1437638915815
76.3096111132652
76.7112888906122
76.9782311124897
77.1797848899918
77.3808279119934
77.2030623295948
77.4366498636758
77.6535198909407
77.8496159127525
77.995492730202
78.1335941841616
78.0392753473293
78.2070202778634
78.1238162222907
78.4116529778326
78.5309223822661
78.6810379058129
78.8558303246503
78.9998642597202
79.0456914077762
79.203753126221
79.3362025009768
77.4671620007814
76.1563296006251
76.7372636805001
76.5944109444001
75.8725287555201
74.6874230044161
73.8076717368662
73.1722040561596
72.7321632449277
72.2891305959422
72.2499044767537
71.949323581403
71.7156588651224
71.5355270920979
71.3088216736783
72.8750573389427
74.0376458711541
74.9833166969233
75.7278533575387
76.4028826860309
76.8492061488247
77.1125649190598
77.3964519352479
77.6967615481983
77.8522092385586
77.7303673908469
77.9666939126775
78.290955130142
78.6097641041136
78.4434112832909
77.8889290266327
77.0239432213062
75.9105545770449
74.598443661636
73.6220549293088
72.914243943447
72.4212951547576
72.1002361238061
72.0187888990449
71.9002311192359
71.7519848953887
71.881387916311
71.7319103330488
71.598328266439
71.5468626131512
71.561090090521
73.1344720724168
72.7903776579334
72.8155021263468
72.8722017010774
72.5669613608619
72.7505690886896
72.6570552709516
72.7618442167613
72.7540753734091
72.7000602987272
72.7026482389818
72.7376185911854
72.7984948729484
72.8470958983587
72.885876718687
73.0701013749496
73.3038810999597
73.3231048799677
73.3730839039742
73.4134671231794
73.5097736985435
73.8204189588348
74.0691351670679
73.8719081336543
73.8477265069234
73.9619812055388
74.032384964431
74.1389079715448
74.1343263772359
74.2093611017887
74.348088881431
74.4378711051448
74.2726968841158
74.4413575072927
74.6106860058341
74.7395488046673
74.7186390437339
74.6459112349871
74.8955289879897
75.3081565237251
75.8511918856467
76.4985535085174
75.0214428068139
75.8591542454511
74.5353233963609
71.4822587170887
73.084006973671
74.3756055789368
75.4394844631494
75.9177875705196
76.1200300564156
76.4676240451325
76.706699236106
76.7969593888848
76.8917675111079
76.9902140088863
76.922171207109
77.0431369656872
77.1993095725498
77.3142476580398
77.4321981264319
77.5525585011455
77.5958468009164
77.7408774407331
77.8377019525865
76.8966615620692
75.1253292496554
74.7681633997243
75.5423307197794
76.2154645758236
76.7593716606589
77.2598973285271
77.6481845294883
77.946680956924
78.1733447655392
78.4028758124314
78.3999006499451
78.3817205199561
78.5277764159649
78.7110211327719
78.6900169062175
76.980413524974
75.2324508199792
73.4538006559834
71.6506005247867
69.8277604198294
67.9892083358635
68.5515666686908
68.8694533349527
69.1820626679621
69.4904501343697
69.7409601074958
69.9451680859966
70.2187344687973
70.2443875750378
70.3415100600303
70.4958080480242
70.7590464384194
70.9454371507355
71.1605497205884
71.2491397764707
71.2365118211766
71.3579094569413
71.586527565553
