73.563
73.2726
73.17198
73.223184
74.2903472
74.02967776
73.907542208
73.8962337664
73.97358701312
73.776669610496
73.8485356883968
73.5564285507175
73.562342840574
73.6816742724592
71.7297394179674
72.3453915343739
72.7067132274991
72.9107705819993
73.1376164655994
73.7982931724795
73.8158345379836
74.1788676303869
74.2764941043095
73.8569952834476
74.1041962267581
74.2649569814065
74.3493655851252
74.5402924681001
74.6108339744801
74.9752671795841
74.9216137436673
75.2670909949338
75.3988727959471
75.4928982367577
75.4864185894061
75.3995348715249
75.5656278972199
75.708702317776
75.7865618542208
75.8514494833766
75.9059595867013
76.059167669361
76.1631341354888
76.2997073083911
76.6117658467129
75.8156126773703
72.1086901418962
73.175952113517
73.7455616908136
74.4724493526509
75.1153594821207
75.6510875856966
75.7312700685573
76.1288160548458
76.4842528438766
76.8060022751013
77.3194018200811
77.5229214560649
77.6183371648519
77.7564697318815
78.0121757855052
78.3619406284042
78.4515525027233
78.4562420021787
78.4943936017429
77.7915148813944
77.3116119051155
76.9026895240924
76.6037516192739
76.5998012954191
76.4156410363353
76.4823128290682
76.3750502632546
76.5160402106037
76.6304321684829
76.5521457347864
76.5082165878291
76.4917732702633
76.4523186162106
76.3944548929685
76.4564972477081
76.6144644648332
76.8491715718665
72.8773372574932
73.6922698059946
74.3732158447957
75.1003726758365
75.5614981406692
75.8919985125354
76.2687988100283
76.6898390480227
76.9622712384181
76.7838169907345
76.9660535925876
76.2126428740701
76.0507142992561
76.3619714394049
76.7301771515239
77.0393417212191
77.3782733769753
77.6736187015802
77.9340949612642
78.1556759690114
78.3587407752091
78.5437926201673
78.7144340961338
78.3716972769071
77.6182578215257
76.5362562572205
75.1914050057764
74.1471240046211
73.2930992036969
73.5449793629575
74.681583490366
73.7117667922928
71.0568134338343
71.3858507470674
71.5043305976539
71.4543644781232
71.2696415824985
70.9771132659988
71.3018906127991
71.2743124902393
71.1772499921914
71.3967999937531
72.9494399950025
73.042151996002
72.9335215968016
72.6638172774413
72.512253821953
72.2108030575624
72.2138424460499
72.20347395684
72.202379165472
72.2303033323776
72.2964426659021
72.3513541327217
72.4396833061773
72.1411466449419
72.2877173159535
72.4153738527628
72.6623990822102
73.0049192657682
73.2549354126146
73.8153483300917
73.9562786640733
73.3332229312587
71.4207783450069
71.9300226760055
72.3226181408044
72.6448945126436
72.8789156101149
73.1070324880919
73.3304259904735
73.3435407923788
73.7336326339031
73.8907061071225
73.877564885698
73.9094519085584
73.9505615268467
73.9990492214774
74.1742393771819
74.4099915017455
74.2747932013964
74.3480345611171
74.5770276488937
74.990422119115
75.2824043619587
75.4772568229003
75.5944054583202
75.7387243666562
75.8649794933249
75.9767835946599
76.037426875728
76.1359415005824
76.2439532004659
76.1326625603727
75.8459300482982
76.0641440386386
72.4729152309108
73.4257321847287
74.1609857477829
74.7731885982264
75.3075508785811
75.7626407028649
76.1217125622919
76.6537700498335
77.1186160398668
77.4109928318935
77.5653942655148
77.5969154124118
77.7477323299295
77.7959858639436
77.8649886911549
78.0051909529239
77.9003527623391
77.5994822098713
77.871185767897
78.1223486143176
78.2848788914541
78.4450031131633
78.6032024905306
76.7815619924245
77.1422495939396
77.4984996751517
77.8511997401214
78.1598597920971
78.4332878336777
77.7506802669422
76.3032442135537
74.243945370843
71.6951562966744
70.6700250373395
70.8638200298716
71.0384560238973
70.9557648191178
71.3546118552943
71.5032894842354
71.4518315873883
71.3926652699107
72.6945322159285
72.3656257727428
72.0519006181943
71.9321204945554
71.6666963956444
71.6377571165155
71.4822056932124
71.2929645545699
71.3198716436559
71.5196973149248
71.7013578519398
71.8396862815518
71.9983490252415
72.3974792201932
72.4855833761546
72.5766667009237
72.6277333607389
72.8753866885911
72.9071093508729
73.1476874806984
73.3543499845587
73.7008799876469
73.6799039901176
71.7047231920941
71.1194785536753
71.6461828429402
72.3155462743522
72.6866370194817
73.0061096155854
73.2842876924683
73.4866301539747
73.6629041231797
73.7579232985438
73.787938638835
73.808350911068
74.0328807288544
74.1893045830835
74.3416436664668
74.5431149331735
74.7062919465388
75.068233557231
75.1753868457848
75.2683094766279
75.3498475813023
75.4539780650418
75.5761824520335
75.6815459616268
74.9120367693014
74.7726294154411
75.1373035323529
75.3748428258823
75.6408742607059
75.8590994085647
76.0390795268518
76.1210636214814
74.3036508971852
73.8625207177481
74.5224165741985
75.0421332593588
75.4933066074871
75.8966452859896
75.9813162287917
76.0424529830334
76.2129623864267
76.3691699091414
76.4475359273131
76.5906287418505
76.7203029934804
76.8794423947843
77.2015539158275
77.572443132662
77.8001545061296
78.0395236049037
78.2202188839229
78.5589751071384
78.5979800857107
78.6969840685686
78.8317872548548
78.9502298038839
78.9449838431071
78.8407870744857
78.9688296595886
79.1648637276708
77.2764909821367
77.7465927857094
77.5761408952341
76.8932460495207
75.8003968396165
74.9458174716932
74.2818539773546
73.7703831818837
73.3809065455069
73.0890252364055
72.8752201891244
72.4853761512996
73.4445009210397
73.6415007368317
73.2288005894654
73.0996404715723
72.8139123772579
72.4706299018063
72.081303921445
72.049843137156
72.0500745097248
72.0698596077799
72.1038876862239
72.1627101489791
72.30183478585
72.5052011620133
72.7599609296107
72.9355687436885
72.9430549949508
72.9667106626273
73.0033018634352
73.0502414907482
73.0849931925985
73.1213945540788
73.2181156432631
73.2816925146105
73.3735540116884
73.4468432093507
73.4844745674806
73.7969796539845
74.4659837231876
75.42018697855
75.29134958284
75.194879666272
75.1243037330176
75.0616429864141
74.8609143891313
74.710531511305
74.603625209044
74.4939001672352
74.3935201337882
74.3299161070306
74.2957328856244
74.8017863084996
74.9272290467997
75.0701832374397
75.2271465899518
75.3785172719614
75.4256138175691
75.5168910540553
75.8061128432443
75.7078902745954
75.8101122196763
75.9564897757411
76.1215918205929
76.1428734564743
76.2612987651794
76.3696390121436
76.5201112097149
76.9086889677719
76.9333511742175
77.015480939374
77.1275847514992
77.2194678011994
77.3157742409595
77.4218193927676
77.5190555142141
77.8360444113713
78.041635529097
78.1581084232776
78.2032867386221
78.2980293908977
78.4316235127182
78.4738988101745
78.4413190481396
78.2510552385117
78.3772441908094
78.2881953526475
78.448556282118
78.5182450256944
78.4105960205555
78.6130768164444
76.9068614531555
77.3486891625244
77.8221513300196
78.2261210640156
78.5067468512125
78.68869748097
78.791707984776
78.8315663878208
78.30058644359
77.3129358215387
75.9599486572309
74.9113589257848
74.2910871406278
73.7107697125023
73.1624157700018
70.7619326160014
69.5842794261345
69.3848902075743
69.9681121660594
70.2756897328475
70.529351786278
71.6096814290224
71.6489451432179
71.6884561145744
71.7281648916595
71.7847319133276
72.0487855306621
72.1598284245297
72.1484627396237
72.230570191699
72.3034561533592
72.4065649226874
72.7134519381499
72.7999615505199
72.8303692404159
72.8784953923328
72.9407963138662
73.017437051093
73.0807496408744
73.2061997126995
73.3233597701596
73.4338878161277
73.5391102529022
73.6222882023217
73.7131638951907
73.8101977828192
73.9121582262554
71.9153265810043
72.6590612648035
73.2818490118428
73.5930792094742
73.9121633675794
74.2375306940635
74.4274245552508
74.5089396442007
74.6375517153605
74.9910413722884
75.0924330978308
75.1923464782646
75.3966771826117
75.6845417460894
76.1358333968715
76.0062667174972
75.9892133739978
76.2563706991982
76.4767965593586
76.6598372474869
76.6280697979895
76.4574558383916
76.4398646707133
76.5446917365706
76.6349533892565
76.6355627114052
76.5644501691242
76.7163601352993
76.8652881082395
77.0804304865916
77.3485443892733
77.4552355114186
73.5521884091349
74.4409507273079
74.8305605818463
75.2867484654771
75.7961987723817
76.2469590179053
76.4677672143243
76.7116137714594
76.9738910171675
77.250912813734
77.5335302509872
77.7808242007898
77.9998593606318
77.9704874885055
78.2753899908044
78.4467119926435
78.5748695941148
78.6684956752919
78.8257965402335
79.0340372321868
79.2012297857494
78.9489838285996
77.2053870628797
76.0554810788751
75.380527720243
75.0855364619087
75.0945148838126
75.3466690499073
75.7933638113544
76.3956910490835
75.7712861726001
74.1654956047468
71.7745964837974
73.4114771870379
72.9099817496304
72.6245853997043
72.6056683197634
73.9995346558107
74.3300277246486
73.8098221797189
73.3522577437751
73.0782061950201
72.9758649560161
73.0108919648129
72.8183135718503
72.6900508574802
72.6660406859842
72.6656325487874
72.6715060390299
72.7358048312239
72.8074438649791
73.0875550919833
73.1364440735867
73.1641552588693
73.2145242070955
73.0584193656764
73.3665354925411
73.4440283940329
73.5260227152263
73.6116181721811
73.6988945377448
73.7909156301959
73.8867325041567
74.0151860033254
72.0121488026603
72.5325190421282
72.9319152337026
73.2345321869621
73.5059257495697
73.7523405996557
73.9978724797246
74.2426979837797
74.3973583870237
74.793086709619
75.0272693676952
75.1322154941562
75.1337723953249
75.17741791626
75.070734333008
74.8437874664064
74.8100299731251
74.7364239785001
74.9929391828001
75.1316513462401
75.1761210769921
75.2598968615937
75.3751174892749
75.4826939914199
75.570055193136
75.6412441545088
75.743195323607
75.8599562588856
75.9703650071085
76.0704920056868
76.1794936045494
76.2955948836396
72.2010759069117
73.1460607255293
73.6430485804235
74.3892388643388
74.945991091471
75.4097928731768
75.4744342985415
75.7195474388332
76.1090379510665
76.4450303608532
76.6734242886826
76.8853394309461
77.1356715447569
77.3689372358055
77.5531497886444
77.7091198309155
77.6306958647324
77.7905566917859
77.8129453534287
77.725356282743
75.7344850261944
76.2041880209555
76.3767504167644
76.9916003334116
77.4860802667292
77.8042642133834
78.0571113707067
78.2576890965654
78.4353512772523
76.6534810218019
75.1857848174415
74.3640278539532
71.3940222831626
70.97281782653
70.850254261224
70.7142034089792
70.4875627271834
70.4704501817467
70.5451601453974
70.6037281163179
70.6753824930543
70.8593059944435
70.9894447955548
70.9403558364438
70.843084669155
71.151867735324
71.0860941882592
71.1966753506074
71.2597402804859
71.4462922243887
71.731633779511
71.5871070236088
71.561085618887
71.7392684951096
71.6916147960877
71.8630918368702
71.8286734694962
72.0131387755969
72.1633110204776
72.290048816382
72.3958390531056
72.5034712424845
72.3767769939876
71.4033215951901
69.7524572761521
70.3279658209217
71.0017726567373
71.5322181253899
71.9649745003119
72.3661796002495
72.8259436801996
72.9101549441597
73.1633239553278
73.2300591642622
73.5070473314098
73.9124378651278
74.0795502921023
74.4026402336818
74.0505121869455
74.2446097495564
73.9468877996451
74.2407102397161
74.4523681917729
74.6764945534183
74.8163956427346
74.9923165141877
74.8954532113502
75.0971625690801
75.4535300552641
75.3664240442113
75.263639235369
75.1483113882952
75.3086491106362
75.548919288509
75.7508354308072
75.9220683446457
74.0690546757166
74.3574437405733
75.3759549924586
75.2363639939669
75.5646911951735
75.9161529561388
76.222722364911
76.2985778919288
76.4506623135431
76.7381298508345
76.7721038806676
76.9116831045341
76.8529464836272
77.0865571869018
77.2812457495214
77.4987965996172
75.7302372796937
76.300389823755
76.772711859004
77.1819694872032
77.2345755897626
77.2978604718101
77.458288377448
77.7566307019584
75.8657045615668
74.5053636492534
75.1872909194027
74.0320327355222
73.1790261884178
74.4694209507342
73.4927367605874
72.8305894084699
72.2860715267759
71.9380572214207
71.7472457771366
71.4775966217093
71.0796772973674
71.0227418378939
70.9723934703152
71.1571147762521
71.0706918210017
70.8817534568014
70.6620027654411
70.7986022123529
70.9162817698823
70.9788254159058
71.143993666058
71.3912615995131
71.7042092796105
71.7497674236884
72.5374139389507
72.4185311511606
72.3664249209285
72.3111399367428
72.3311119493942
72.4254895595154
72.5241916476123
72.6087533180898
72.7222026544719
72.7071621235775
72.720929698862
72.7721437590896
72.7821150072717
72.8052920058174
72.8952336046539
72.9973868837231
73.1489095069785
73.0973276055828
73.2464620844662
73.330969667573
73.4761757340584
73.6076405872467
73.7281124697974
73.8344899758379
73.5737919806703
73.7410335845363
73.701426867629
73.9031414941032
74.1245131952826
74.0378105562261
74.2480484449809
74.6698387559847
74.8284710047878
74.9401768038302
75.0877414430642
74.9491931544514
75.0993545235611
75.2292836188489
75.3982268950791
75.5095815160633
75.8530652128506
75.8660521702805
75.9472417362244
76.0305933889795
75.6808747111836
75.3030997689469
75.7532798151575
75.609223852126
75.7907790817008
76.4518232653607
76.4306586122885
76.5769268898308
76.2115415118647
72.5000332094917
73.5546265675934
74.3911012540747
75.0876810032598
75.6387448026078
76.3305958420863
76.700476673669
77.0007813389352
77.2590250711482
77.3094200569185
77.7403360455348
77.9652688364279
78.1338150691423
78.2698520553138
76.4110816442511
74.9724653154009
74.0846722523207
73.6375378018566
73.5144302414852
73.8131441931882
73.8384153545506
73.6449322836405
73.5571458269124
73.5539166615299
73.9723333292239
73.9474666633791
73.7383733307033
73.6813986645627
73.7461189316501
73.8312951453201
73.9382361162561
74.0436888930049
74.1479511144039
74.3363608915231
74.5920887132185
74.6222709705748
74.4720167764598
74.5836134211679
73.4374240702676
71.2850059228808
68.3276047383046
69.6882837906437
70.959627032515
71.960701626012
72.7455613008096
73.3574490406477
73.8065592325181
74.2616473860145
74.5982179088116
74.8399743270493
75.1513794616395
75.6951035693116
75.8794828554493
76.0331862843594
75.9899490274875
75.96655922199
76.093247377592
76.2659979020736
76.2869983216589
76.1865986573271
76.2908789258617
76.3155031406894
76.0852025125515
76.0009620100412
76.033569608033
76.2203556864264
76.5304845491411
76.8347876393129
77.1202301114503
77.3905840891603
77.4103672713282
77.2296938170626
73.5333550536501
72.4771840429201
73.533147234336
74.5119177874688
75.4289342299751
73.9803473839801
72.780477907184
73.7763823257472
72.9277058605978
72.2313646884782
73.7426917507826
74.5507534006261
75.2473027205009
75.8546421764007
76.6557137411206
76.2344709928965
74.8353767943172
73.7517014354537
73.034961148363
72.2851689186904
71.5089351349523
71.1625481079619
71.1332384863695
71.0116907890956
70.8163526312765
70.8057821050212
70.943025684017
71.0514205472136
71.1635364377709
71.0784291502167
71.2247433201734
72.6657946561387
70.274035724911
70.3644285799288
70.756142863943
71.0651142911544
72.7406914329235
72.6951531463388
72.6783225170711
73.0537580136569
73.7430064109255
74.1798051287404
74.5398441029923
74.7424752823939
74.8191802259151
75.1401441807321
75.4243153445857
75.6615522756686
75.8612418205348
75.8597934564279
75.8826347651423
76.0432078121139
76.3139662496911
74.5473729997529
74.9880983998023
75.4344787198418
75.6475829758735
75.9764663806988
76.074373104559
76.2106984836472
76.5043587869178
76.6206870295342
76.9275496236274
77.0810396989019
77.3758317591215
76.9680654072972
76.6600523258378
76.4528418606702
76.1294734885362
75.937578790829
75.8508630326632
75.6840904261306
75.7508723409044
75.8568978727236
75.9629182981788
76.0689346385431
76.1749477108345
76.0591581686676
76.2165265349341
76.3080212279473
76.3928169823578
76.5260535858862
72.478242868709
73.1437942949672
73.7143687693071
74.2089616821123
74.6427693456899
75.2682154765519
73.5919723812415
74.3291779049932
74.8807423239946
75.2749938591957
75.6885950873565
76.1208760698852
76.5681008559082
75.7976806847266
76.3553445477813
76.598675638225
74.89434051058
73.530472408464
74.6781779267712
75.570542341417
76.3145338731336
76.9398270985069
77.3960616788055
77.6454493430444
76.9134594744355
75.3963675795484
76.1120940636388
74.706075250911
73.7994602007288
73.092768160583
72.7408145284664
72.2712516227731
69.6934012982185
68.7630210385748
69.1506168308599
69.4756934646879
69.9781547717503
70.2249238174003
70.3707390539202
70.5211912431362
70.5057529945089
70.5098023956072
70.6840419164857
70.8562335331886
71.2501868265509
71.2135494612407
71.3834395689926
71.5453516551941
71.6910813241552
72.0328650593242
72.0530920474594
72.0922736379675
72.206018910374
72.3020151282992
72.4198121026394
73.2370496821115
73.1354397456892
73.3389517965514
73.5385614372411
73.5512491497929
73.5882993198343
73.6448394558674
73.280271564694
73.3218172517552
71.3738538014041
71.3516830411233
71.7055464328986
72.0242371463189
72.4323897170551
72.8205117736441
73.1522094189153
73.1759675351322
72.9335740281058
73.3340592224846
73.6932473779877
74.2149979023902
74.1977983219121
74.3714386575297
74.3209509260238
74.543760740819
74.7402085926552
74.9347668741242
74.9790134992993
75.1648107994395
75.1374486395516
75.3211589116413
75.307327129313
75.3064617034504
75.2821693627603
75.3859354902083
75.4021483921666
75.6113187137333
75.6608549709866
75.7480839767893
76.2212671814315
76.4170137451452
74.6912109961162
75.3683687968929
75.5810950375143
76.0276760300115
76.3609408240092
76.6423526592074
76.7778821273659
76.9863057018927
76.9284445615142
76.9843556492114
75.1444845193691
76.0037876154953
76.5346300923962
76.953104073917
77.2988832591336
77.5931066073069
77.5278852858455
77.0957082286764
77.2737665829411
77.5680132663529
77.5452106130823
77.7585684904658
77.4918547923727
76.5933838338981
75.1895070671185
74.1258056536948
73.3084445229559
72.6575556183647
72.0832444946917
71.5373955957534
73.1127164766027
72.6125731812822
72.3056585450258
72.0255268360206
73.4488214688165
72.7458571750532
72.4050857400426
72.155268592034
71.9724148736272
72.0633318989018
72.3088655191214
72.2406924152972
72.0571539322377
71.9897231457902
72.1563785166321
71.9281028133057
71.7596822506446
71.8229458005157
71.6237566404125
71.78120531233
71.819764249864
71.9958113998912
72.117649119913
72.2054192959304
72.2659354367443
72.4229483493955
72.5575586795164
72.5974469436131
72.7479575548905
72.6693660439124
72.8118928351299
72.9049142681039
73.0377314144832
73.0377851315865
73.1900281052692
73.3464224842154
73.5061379873723
73.1015103898979
73.2062083119183
73.3617666495346
73.5580133196277
73.7766106557022
73.3314885245617
73.6425908196494
73.7974726557195
74.0605781245756
74.2626624996605
74.4747299997284
74.4741839997827
74.7707471998262
74.9449977598609
75.0769982078887
74.983798566311
75.1678388530488
75.356471082439
75.5053768659512
75.338901492761
75.4975211942088
75.664816955367
75.8390535642936
76.1746428514349
76.2185142811479
76.3644114249183
76.0623291399347
76.2304633119477
75.7565706495582
76.0734565196466
76.3487652157173
76.6422121725738
76.5879697380591
76.7067757904473
76.8418206323578
76.9446565058862
76.983125204709
76.8677001637672
77.3197601310138
77.604308104811
77.7548464838488
77.8526771870791
78.0387417496632
78.1227933997306
78.3156347197845
78.2379077758276
78.2103262206621
78.2926609765297
78.4705287812237
78.602023024979
76.6838184199832
75.0526547359866
73.9943237887893
73.1276590310314
74.3457272248251
74.3519817798601
73.3887854238881
74.5048283391105
75.4630626712884
74.4386501370307
73.5996701096246
72.9090360876997
72.3370788701597
71.8600630961278
71.6450504769022
71.5516403815218
70.7554456385508
69.3970231775073
67.5888185420058
66.9906548336047
67.3605238668837
68.014219093507
68.5801752748056
69.1497402198445
69.1751921758756
69.9613537407005
70.3550829925604
70.7722663940483
71.2082131152386
71.6591704921909
72.0529363937527
72.4009491150022
72.6877592920018
72.9438074336014
73.0385126135478
73.0041434241716
72.8665147393373
72.9735117914698
73.2762094331759
73.5370675465407
73.7644540372326
73.965763229786
74.1610105838288
74.3337084670631
74.4883667736505
74.4218934189204
74.1689147351363
73.788531788109
73.9070254304872
73.8538203443898
73.1790562755118
73.4896450204095
73.7731160163276
74.0348928130621
74.2620642504497
74.4615514003597
74.6388911202878
74.7985128962302
75.1378103169842
75.3493482535874
75.4586786028699
75.2957428822959
75.2752609725034
75.3687421113361
75.5533936890689
75.5671149512551
75.7164919610041
75.6545935688033
75.7222748550426
75.8936198840341
76.0914959072273
76.1623967257818
76.1317173806255
76.1533739045004
76.1360991236003
76.1911792988802
76.3041434391042
76.5571147512834
76.7576918010267
77.0463534408213
77.4054827526571
77.4993862021257
73.5865089617005
74.5174071693604
75.2347257354883
75.8023805883907
76.0387044707125
76.00996357657
76.542570861256
76.9880566890048
77.3828453512039
76.6131762809631
74.9119410247705
75.1241528198164
75.5081222558531
74.2452978046825
73.288038243746
72.2296305949968
73.7391044759975
72.949283580798
72.3865268646384
72.0054214917107
71.7696371933686
71.6501097546949
72.1085878037559
73.0294702430047
74.2595761944038
74.317560955523
73.4378487644184
73.3006790115347
73.3793432092278
73.6306745673822
73.8535396539058
74.1638317231246
74.4418653784997
74.6650923027998
74.9028738422398
75.1712990737919
75.2020392590335
75.4068314072268
75.2524651257814
75.5513721006252
75.8230976805001
76.0380781444001
76.2634625155201
76.3931700124161
76.4981360099329
76.6261088079463
76.768887046357
76.9235096370856
76.7924077096685
77.3927261677348
77.6227809341878
76.7116247473503
76.6758997978802
76.9463198383042
76.9928558706434
77.0718846965147
77.5907077572118
77.7799662057694
77.9541729646155
78.1355383716924
77.9734306973539
78.1689445578832
76.3815556463065
76.9212445170452
77.4211956136362
77.839956490909
78.1951651927272
78.4995321541817
78.7462257233454
76.7777805786763
77.1290244629411
76.8624862370195
76.1017223229489
74.9455778583592
74.0590622866873
73.3498498293499
74.6368798634799
75.0249038907839
73.8969231126271
72.7999384901017
74.1667507920814
73.5634006336651
73.0831205069321
72.5433964055457
71.9561171244365
71.8398936995492
71.6087149596394
71.5365719677115
71.5916575741692
71.7641260593354
72.0305008474683
72.0556006779747
72.1016805423797
72.1721444339038
72.216315547123
72.2394524376984
72.2457619501587
72.110009560127
72.1199076481016
72.2463261184813
72.445660894785
72.353128715828
72.3602529726624
72.4471023781299
72.597731902504
72.7993855220032
72.5113084176025
72.368746734082
72.3425973872656
70.4956779098125
71.23394232785
71.84655386228
72.280343089824
72.5710744718592
72.9051595774874
73.2739276619899
73.7941421295919
74.2149137036735
74.3745309629388
74.5016247703511
74.6962331496142
74.944853186358
75.2366825490864
75.2940460392691
75.1638368314153
75.3692694651323
75.5187155721058
75.6233724576847
75.7162979661477
75.7690383729182
75.8565640316679
75.971917892001
76.1095343136008
76.4036274508806
76.5570019607045
76.5978015685636
77.0402412548509
77.2327930038807
77.2254344031046
76.7903475224837
77.1002780179869
73.1646224143896
73.8032979315117
74.5714383452093
74.9885506761675
75.553840540934
75.9872724327472
76.4134179461978
76.7755343569582
77.0864274855666
77.3105419884533
77.5596335907626
77.7723068726101
77.9252454980881
78.3005963984705
76.1516771187764
76.4059416950211
74.9495533560169
75.6922426848135
76.4297941478508
76.6706353182807
76.9325082546245
77.2112066036996
77.4398652829597
77.6284922263678
77.8589937810942
77.1826950248754
75.7809560199003
76.2787648159203
76.5708118527362
75.336449482189
75.9723595857512
74.928887668601
71.8887101348808
71.7471681079046
71.6115344863237
71.5044275890589
71.4153420712472
71.3602736569977
71.4524189255982
71.1949351404786
71.1931481123829
71.3089184899063
71.592734791925
71.30998783354
71.275590266832
71.4690722134656
71.6328577707725
71.500686216618
71.5229489732944
71.6407591786355
72.0376073429084
72.1270858743268
72.2858686994614
73.8036949595691
73.4797559676553
73.4286047741243
73.4116838192994
73.4221470554395
73.4545176443516
73.3030141154813
74.4888112923851
75.384949033908
76.0493592271264
75.6640873817012
73.3796699053609
73.2741359242888
73.486108739431
73.4354869915448
73.8145895932359
73.8032716745887
74.021817339671
74.0646538717368
74.0852230973894
74.0879784779115
74.3159827823292
74.2949862258634
74.4147889806907
74.6472311845526
74.5989849476421
74.8511879581137
75.0435503664909
75.1955402931927
75.3152322345542
75.4863857876434
75.4300086301147
75.1916069040918
75.4586855232734
75.7021484186187
75.913118734895
76.103694987916
74.9911559903328
75.3921247922662
75.956099833813
76.2146798670504
76.4613438936403
76.5842751149123
72.7822200919298
72.8141760735438
73.8295408588351
74.6596326870681
75.1227061496545
75.2347649197236
75.8326119357789
76.2912895486231
76.7162316388985
77.0811853111188
77.370548248895
77.861838599116
77.0704708792928
75.2529767034343
75.7265813627474
76.4180650901979
74.9014520721583
75.7801616577267
76.4126293261814
76.8481034609451
76.3089827687561
74.9901862150049
73.9004489720039
72.9939591776031
72.2029673420825
71.806173873666
71.3129390989328
71.0259512791463
70.868061023317
70.8134488186536
70.7823590549229
70.8386872439383
68.8749497951507
69.3439598361205
69.7151678688964
70.0327342951172
70.1009874360937
70.179389948875
70.4391119591
69.86828956728
70.167231653824
70.5201853230592
71.0147482584474
71.2339986067579
71.5877988854063
71.4586391083251
71.54431128666
71.357049029328
71.4266392234624
71.41621137877
71.341769103016
71.3516152824128
71.5358922259302
71.8189137807442
71.9085310245953
72.1948248196763
72.233059855741
72.4418478845928
72.6240783076743
72.7686626461394
72.8579301169115
72.8933440935292
73.1228752748234
73.1467002198587
71.308760175887
71.9128081407096
72.4018465125677
72.8520772100541
73.2342617680433
73.5178094144347
73.7800475315477
73.8480380252382
74.1190304201906
74.2914243361524
74.477939468922
74.4289515751376
74.3837612601101
74.4472090080881
74.7065672064705
74.6994537651764
74.9063630121411
75.1288904097129
75.3411123277703
75.5140898622163
75.722871889773
75.8986975118184
76.0203580094547
76.1610864075638
76.276069126051
76.4080553008408
76.4992442406727
76.4417953925381
76.6024363140305
76.7181490512244
76.6765192409795
76.6386153927836
76.7140923142269
76.8802738513815
76.8842190811052
77.3003752648842
77.4173002119074
77.2182401695259
77.4303921356207
77.6137137084966
77.8023709667973
77.9692967734378
77.9176374187503
78.1069099350002
78.0633279480002
78.2662623584001
77.5516098867201
77.6942879093761
77.9033303275009
78.1654642620007
78.3009714096006
78.3351771276805
76.6057417021444
75.2671933617155
74.4231546893724
73.4949237514979
72.8441390011983
72.2315112009587
71.7211089607669
71.2924871686136
70.9381897348909
70.6433517879127
71.8828814303301
73.4309051442641
72.9597241154113
72.607379292329
73.9323034338632
73.3720427470906
73.0174341976725
72.526547358138
72.3622378865104
72.2271903092083
72.1199522473667
73.6823617978933
73.3804894383147
73.1055915506517
72.9426732405214
72.7981385924171
72.7397108739337
72.365168699147
72.4327349593176
72.4811879674541
72.4095503739633
72.5046402991706
72.5401122393365
72.6848897914692
73.0127118331754
72.6935694665403
72.8070555732322
72.9540444585858
73.3472355668686
73.3933884534949
73.4911107627959
73.2156886102368
73.3923508881894
73.5668807105515
73.7909045684412
73.918323654753
74.0600589238024
74.5932471390419
74.6295977112335
74.6560781689868
74.6746625351895
74.9379300281516
74.8027440225213
74.935995218017
75.0335961744136
75.1383769395309
75.2489015516247
75.3507212412998
75.4579769930398
75.5533815944319
75.8793052755455
76.0511442204364
76.0997153763491
76.4115723010793
76.4218578408635
76.4762862726908
76.5040290181526
76.4400232145221
76.4738185716177
76.5980548572941
76.6482438858353
76.8261951086683
76.8685560869346
76.9488448695477
76.8790758956382
76.8274607165105
76.9163685732084
76.7998948585667
76.8241158868534
76.8260927094827
77.0860741675862
75.509659334069
76.0429274672552
76.5371419738041
76.9685135790433
77.3158108632347
77.4106486905877
77.6951189524702
77.7176951619762
77.6551561295809
77.6529249036648
77.8683399229318
76.3472719383455
74.7192175506764
73.8997740405411
74.1648192324329
75.2974553859463
74.488964308757
73.8009214470056
73.2092371576045
72.6946397260836
72.2417117808669
71.8923694246935
71.6046955397548
71.2009564318039
71.3565651454431
71.0630521163545
70.9540416930836
70.9316333544669
70.9785066835735
72.6638053468588
73.799644277487
73.3639154219896
73.0355323375917
72.5724258700734
70.4511406960587
70.736112556847
70.7606900454776
70.9931520363821
71.2461216291057
71.3926973032845
71.6163578426276
71.3706862741021
71.3007490192817
71.5089992154254
71.4815993723403
71.3064794978722
72.8107835982978
72.6238268786383
72.5290615029106
72.7984492023285
73.3591593618628
73.4173274894902
73.4932619915922
73.5834095932738
73.6624610079523
73.7326354730286
73.7957083784228
73.8059667027383
73.9219733621906
74.1942786897525
74.591622951802
74.4752983614416
74.4779386891533
74.5757509513226
74.6810007610581
74.7236006088465
74.1098804870772
74.2559043896618
74.4901235117294
74.7040988093835
74.7654790475068
75.1369832380055
75.0285865904044
75.1510692723235
75.3742554178588
75.6780043342871
75.7418034674297
76.0298427739437
76.139074219155
76.099859375324
76.2078875002592
76.3183100002074
76.3804480001659
76.4039584001327
76.5365667201062
76.6868533760849
76.820482700868
76.9407861606944
77.0504289285555
77.1593431428444
77.0752745142755
77.1167196114204
77.2585756891364
77.4202605513091
77.2202084410473
77.4203667528378
77.6028934022703
77.7713147218162
73.913851777453
74.8364814219624
75.5693851375699
76.2729081100559
76.9529264880447
77.1487411904358
77.4479929523486
77.8299943618789
78.0331954895031
78.0933563916025
78.401085113282
78.4582680906256
78.4202144725005
78.3059715780004
77.4488772624003
75.9975018099203
74.8396014479362
73.943081158349
74.6222649266792
74.0266119413433
73.4762895530747
72.9622316424597
72.6011853139678
72.3077482511742
73.6823986009394
73.9570188807515
73.3516151046012
72.849092083681
72.3510736669448
72.1632589335558
72.0190071468447
71.9070057174757
69.9024045739806
70.3307236591845
70.7257789273476
71.0574231418781
71.3165385135025
71.545230810802
71.7269846486416
71.8711877189133
72.0539501751306
72.0059601401045
72.0918681120836
72.2848944896669
72.3551155917335
72.5892924733868
72.9546339787095
73.0625071829676
73.192405746374
73.4853245970992
73.5507596776794
73.4342077421435
73.5669661937148
73.3985729549719
73.3192583639775
73.275106691182
73.2590853529456
73.4298016156898
73.7499079592185
74.1895263673748
74.3636210938999
74.4878968751199
74.5907175000959
74.6751740000767
72.4665392000614
72.9958313600491
73.7124650880393
74.0549720704314
74.3728776563452
74.6711021250761
75.0394817000609
74.9893853600487
75.459508288039
75.8278066304312
75.970845304345
76.081876243476
76.1341009947808
76.2456807958246
76.2857446366597
76.4109957093278
76.3605965674622
76.4700772539698
76.6000618031758
76.7374494425407
76.8699595540325
76.984967643226
77.1089741145808
77.2251792916647
77.3211434333317
77.4260147466654
77.5380117973323
77.7330094378659
77.3178075502927
77.4660460402342
77.6648368321873
77.7656694657499
73.9627355725999
74.8903884580799
75.6855107664639
76.3022086131712
76.8611668905369
77.3347335124296
77.6131868099436
77.9785494479549
76.2692395583639
75.0485916466912
75.9586733173529
76.7189386538824
77.1157509231059
75.6808007384847
74.5632405907878
73.6447924726302
73.7930339781042
73.5132271824834
72.8909817459867
72.4041853967894
72.0151483174315
71.7043186539452
71.3684549231562
71.096963938525
70.70277115082
70.826816920656
70.9326535365248
71.0543228292198
71.1266582633759
71.2237266107007
71.5089812885606
71.5653850308484
69.8033080246788
69.750846419743
70.1184771357944
70.5385817086355
70.9182653669084
71.4242122935268
71.6721698348214
71.7237358678571
71.8861886942857
71.8743509554286
72.1160807643429
72.5180646114743
72.6268516891794
72.9706813513436
72.8599450810749
72.8579560648599
72.6517648518879
72.8920118815103
73.5230095052083
73.3180076041666
73.4772060833333
73.6253648666666
73.7732918933333
73.9220335146667
73.5512268117333
73.4661814493867
73.0359451595093
72.8827561276075
73.221804902086
73.2538439216688
73.102475137335
73.476380109868
71.6005040878944
72.3210032703155
72.9760026162524
73.763402093002
74.2045216744016
74.5472173395213
74.811173871617
75.0637390972936
75.2364912778349
75.3453930222679
75.5897144178143
75.7661715342515
75.9641372274012
76.122509781921
76.4646078255368
76.7710862604294
76.8108690083435
77.0964952066748
77.0867961653399
77.1240369322719
77.1988295458175
77.081263636654
77.1720109093232
77.3860087274586
77.6986069819669
77.7694855855735
77.8425884684588
77.901070774767
77.9662566198136
78.0370052958509
78.1472042366807
78.2539633893446
76.3515707114757
76.8466565691805
77.1393252553444
77.5188602042755
77.7242881634204
77.7904305307364
78.0669444245891
76.5345555396713
77.143044431737
77.6342355453896
76.0763884363117
76.8535107490494
77.3068085992395
76.6676468793916
75.1545175035133
74.1482140028106
73.2075712022485
72.6606569617988
72.134125569439
71.8617004555512
71.678960364441
71.5011682915528
71.4157346332422
71.1627877065938
72.818830165275
73.38366413222
73.865931305776
74.2821450446208
74.9011160356967
75.2224928285573
75.5449942628459
75.9341954102767
75.6429563282214
76.1227650625771
76.3258120500617
76.7042496400493
77.0133997120395
77.2795197696316
77.2986158157053
77.4639593192309
77.746300788718
78.1222406309744
76.2865925047796
75.2284740038236
76.0249792030589
76.5923833624471
77.1203066899577
75.8014453519662
76.5451562815729
77.1717250252584
77.6587800202067
77.8918240161654
76.4842592129323
75.3688073703458
74.4870458962767
73.2336367170213
72.5771093736171
72.1178874988937
71.8165099991149
71.360007999292
72.8232063994336
72.4209651195469
72.1161720956375
72.74253767651
73.061630141208
73.1349041129664
73.2353232903731
73.4442586322985
73.8896069058388
74.388485524671
75.0973884197368
69.0737107357895
70.4729685886316
71.7301748709053
72.6521398967242
73.3963119173794
74.1910495339035
74.8392396271228
73.4135917016983
73.8794733613586
73.5225786890869
74.2560629512695
74.5744503610156
75.0683602888125
75.37808823105
75.54047058484
75.952776467872
76.0898211742976
75.8166569394381
75.5565255515505
75.3680204412404
75.2232163529923
75.1040730823938
75.0054584659151
75.1057667727321
75.3652134181856
75.7380374012152
76.2015632543055
76.7376506034444
77.0487204827555
77.4285763862044
77.6996611089635
78.0273288871708
78.2696631097367
78.1597304877893
78.4569843902315
78.6755875121852
78.8860700097482
79.0900560077985
79.2489114729055
79.3716625116577
79.4655300093262
78.2314906741276
75.9351258726354
72.7889006981083
73.8309205584867
73.2207364467893
73.9109891574315
73.3101913259452
72.8685530607562
72.4998424486049
72.1894739588839
72.0467791671072
71.7656233336857
71.6988986669486
71.8821189335589
71.8570951468471
72.0346761174777
71.9389408939821
72.5389527151857
72.3311621721486
72.3483297377189
72.3468637901751
72.3924910321401
72.3869928257121
72.6407942605696
73.4380354084557
74.6700283267646
75.6451026614117
76.4146421291293
77.0197537033035
77.4933229626428
77.8616583701142
77.2834266960914
75.9479413568731
74.9055530854985
73.9872424683988
74.201393974719
75.3215151797752
76.0268121438202
76.4002497150562
76.5081997720449
76.4037598176359
75.9664078541088
75.537526283287
75.3770210266296
75.2603168213037
75.178653457043
75.3391227656344
75.3292982125075
75.332538570006
75.3462308560048
75.3605846848039
75.3494677478431
75.3937741982745
75.4688193586196
75.5172554868957
75.6188043895165
75.7076435116132
75.8084148092906
75.9187318474325
76.0008521446127
76.0604150490235
76.1019320392188
76.227145631375
76.3439165051
76.45393320408
76.777346563264
76.8442772506112
76.767621800489
76.4250974403912
76.292877952313
76.2719023618504
76.3399218894803
76.3129375115842
76.1935500092674
76.3280400074139
76.7100320059311
76.8374256047449
76.9315404837959
77.0270323870368
77.1990259096294
77.2754207277035
77.2753365821628
76.8048692657303
76.7454954125842
76.8255963300674
77.0172770640539
77.2710216512431
77.4900173209945
77.6964138567956
77.7710310854365
77.7402248683492
73.7833798946794
72.6943039157435
73.8994431325948
73.0195545060758
74.2130436048607
73.4404348838885
72.4565479071108
72.7327383256887
74.0169906605509
75.0461925284408
75.9391540227526
75.6951232182021
74.5414985745617
73.9019988596493
73.0827990877195
74.2500392701756
73.4998314161405
73.0902651329124
72.5970121063299
72.2094096850639
71.9361277480511
71.7950021984409
71.7596017587528
71.6364814070022
71.4671851256018
71.4927481004814
71.6741984803851
71.5429587843081
71.5489670274465
71.4697736219572
71.3224188975658
71.3951351180526
69.4629080944421
69.9951264755537
70.230701180443
70.6759609443544
70.9913687554835
71.2166950043868
71.2113560035095
71.7280848028076
71.926667842246
72.1313342737968
72.3408674190375
72.40289393523
72.610915148184
72.5720654518805
72.3357190281711
71.9413752225369
71.6815001780295
71.5292001424236
71.4006601139389
71.2911280911511
69.2753024729209
68.6601419783367
69.1655135826694
69.5924108661355
70.1975286929084
70.5000229543267
70.7572183634614
70.9877746907691
71.1828197526153
71.3494558020922
71.5232646416738
71.702811713339
71.8066493706712
71.957719496537
71.8347755972296
72.0194204777837
72.173936382227
72.3233491057816
72.4790792846253
72.5906634277002
72.7407307421602
72.7267845937281
72.8854276749825
72.941942139986
72.9727537119888
72.9028029695911
73.1080423756729
73.2728339005383
73.4412671204306
73.5920136963445
73.7392109570756
73.8877687656605
71.9796150125284
72.2536920100227
72.6965536080182
72.9812428864145
73.3761943091316
73.7083554473053
73.9976843578443
74.2455474862754
74.4710379890203
74.6804303912163
74.806544312973
74.8398354503784
74.8330683603027
75.2720546882422
75.4582437505938
75.382395000475
75.95291600038
75.649532800304
75.8058262402432
75.9610609921946
76.0806487937557
75.8717190350045
76.0911752280036
76.1965401824029
76.3542321459223
76.6999857167379
76.7839885733903
76.8757908587122
76.6772326869698
76.4555861495759
76.6704689196607
76.9219751357286
75.1221801085829
74.7099440868663
75.407755269493
75.9466042155944
76.3582833724755
76.6682266979804
77.0703813583844
77.5463050867075
77.987044069366
78.3415352554928
78.6270282043942
78.7560225635154
78.7598180508123
77.9994544406499
76.6277635525199
75.5908108420159
74.5866486736127
74.1547189388902
73.4539751511121
72.9509801208897
74.1201840967118
73.6205472773694
73.1435378218955
72.6846302575164
72.3619708726798
72.1483100314772
72.0218480251818
72.3760784201454
73.3124627361163
73.2663701888931
73.0138961511145
72.9751169208916
72.7766935367133
73.9971548293706
73.7315238634965
73.5498190907972
73.3689552726377
73.1887642181102
73.0992113744882
72.9583690995905
72.9392952796724
72.6580362237379
72.4706289789904
72.4871031831923
72.9284825465538
72.9995860372431
73.1486688297945
73.8611350638356
74.4226080510685
74.8632864408548
75.3798291526838
75.9570633221471
76.374783991051
76.6648938595075
76.852915087606
77.0156320700848
77.1581056560678
77.0898845248543
77.2861076198834
77.4640860959067
77.5868688767254
77.7378951013803
77.8361160811043
77.9773928648834
78.1531142919067
78.3563914335254
78.5817131468203
78.6467705174562
78.915616413965
79.010093131172
78.9650745049376
78.6346596039501
74.5551276831601
73.2217021465281
74.0851617172225
74.840929373778
75.2721434990224
75.6285147992179
76.1576118393743
76.3274894714995
76.7287915771996
76.7690332617597
76.9322266094077
77.0233812875262
77.172105030021
77.3198840240168
77.3787072192134
77.5245657753707
77.7678526202966
77.8702820962373
77.9630256769898
78.0704205415919
78.1773364332735
78.2716691466188
78.1081353172951
78.111108253836
78.2472866030688
78.4410292824551
78.5208234259641
78.5898587407712
78.720886992617
78.9247095940936
79.0579676752749
79.1673741402199
79.2662993121759
78.4580394497408
78.5826315597926
78.6857052478341
78.6540641982673
78.5146513586138
78.4534353726054
78.4547768695129
78.5061643527532
78.5975886250597
78.7210423286192
78.870119577181
79.0396956617448
77.3043565293959
75.8328852235167
74.5909081788134
73.5914265430507
72.7859412344406
72.5727529875524
72.4027357233753
72.2672552453669
72.1594041962935
72.2135233570348
72.2486186856279
72.0938949485023
71.9339159588018
71.8516661003748
71.8315995469665
71.8612796375732
71.9222237100586
72.0081789680469
72.0561431744375
72.71811453955
72.47569163164
70.523153305312
71.5691226442496
71.9432981153997
72.1482384923198
71.9869907938558
72.2321926350846
72.4193541080677
73.2192832864542
73.4696266291634
73.4973013033307
74.1242410426646
74.0733928341317
74.6047142673053
74.3589714138443
74.3025771310754
74.2003617048603
74.0614893638883
74.7639914911106
74.9636931928885
74.7611545543108
75.3419236434486
75.4497389147589
75.3395911318071
75.2359729054457
75.1375783243566
75.2152626594853
75.4338101275882
75.3700481020706
75.0804384816565
75.2205507853252
75.5302406282601
75.6245925026081
71.4278740020865
72.1676992016692
72.9507593613354
73.6100074890683
74.7896059912546
75.1220847930037
75.460667834403
75.6031342675224
76.0647074140179
76.1279659312143
76.1847727449715
76.2842181959772
76.4149745567817
76.2129796454254
76.4413837163403
76.2747069730723
76.2539655784578
76.3041724627662
76.498737970213
76.7661903761704
76.4894856342697
75.7774551740824
74.7171641392659
72.2687313114128
72.1359850491302
71.9473880393042
71.9551104314433
71.9733883451547
72.0001106761237
72.037688540899
71.9491508327192
72.0437206661754
72.1687765329403
72.4392212263522
72.5940769810818
72.6564615848654
72.5517692678924
72.5008154143139
72.6328523314511
72.6964818651609
72.8245854921287
72.966868393703
72.8160947149624
73.0086757719699
73.1957406175759
73.3567924940607
73.4784339952486
73.6067471961989
73.7403977569591
73.8783182055673
73.9486545644538
74.2251236515631
74.2482989212505
74.3822391370004
74.6981913096003
72.7769530476803
72.9551624381442
72.8749299505154
73.2541439604123
73.4535151683299
73.7702121346639
74.1071697077311
73.9329357661849
74.0595486129479
74.4268388903583
74.7304711122867
74.9231768898293
75.0147415118635
75.2673932094908
75.3909145675926
75.5815316540741
75.7742253232593
76.0281802586074
76.331144206886
76.4767153655088
76.628172292407
76.6801378339256
76.9757102671405
77.0193682137124
77.0998945709699
77.0683156567759
76.9470525254208
77.1196420203366
77.0539136162693
77.0465308930154
77.2866247144124
77.4050997715299
73.5920798172239
74.5516638537791
75.3141310830233
75.9682048664187
76.5355638931349
76.592851114508
77.1090808916064
77.3194647132851
77.5629717706281
77.8329774165025
78.124181933202
78.3895455465616
78.5846364372493
78.5125091497994
76.8028073198395
77.4342458558716
77.7571966846973
76.6185573477578
75.3954458782063
74.360556702565
73.591445362052
72.7905562896416
72.2990450317133
73.6084360253706
73.9804488202965
73.6025590562372
73.1180472449898
72.7376377959918
72.7061102367935
72.6396881894348
72.4021505515478
72.6651204412383
70.5160963529906
70.7660770823925
70.974561665914
71.1498493327312
72.102979466185
73.678383572948
74.6511068583584
73.5406854866867
73.7126483893494
74.9105187114795
73.8758149691836
73.0702519753469
72.4643349136108
72.0181345975553
71.6997076780443
71.4644328091021
71.295679580615
71.180143664492
70.9243149315936
70.9218519452749
70.8818815562199
70.9121052449759
70.9978841959808
71.0445073567846
72.0984058854277
72.6145247083422
73.1948197666737
73.399655813339
73.6045246506712
74.039219720537
74.1779757764296
74.3185806211437
74.4594644969149
74.575571597532
74.6324572780256
74.6811658224205
74.5853326579364
74.6263661263491
74.7768929010793
73.1771143208634
73.5466914566908
74.0643531653526
74.4676825322821
74.7903460258257
75.1154768206605
75.4483814565284
75.7595051652227
76.0038041321782
75.8883433057426
75.4850746445941
75.1564597156752
74.7237677725402
74.5029142180322
74.4515313744257
74.6748250995406
74.9342600796325
72.718008063706
73.1772064509648
73.5019651607718
73.8017721286175
74.077017702894
74.2904141623152
74.4991313298522
70.5041050638817
71.2880840511054
72.1818672408843
72.5950937927075
73.702675034166
74.1955400273328
74.6098320218662
74.941065617493
75.2058524939944
75.6690819951955
75.6256655961564
75.7773324769251
76.2398659815401
76.5524927852321
76.5825942281857
76.6940753825485
76.7772603060388
76.8292082448311
76.5587665958649
76.7368132766919
76.8616506213535
76.9889204970828
77.1155363976663
77.505829118133
77.5350632945064
75.5998506356051
75.9518805084841
76.3353044067873
76.4580435254298
75.9945348203439
75.0620278562751
74.3371222850201
73.7782978280161
72.4215382624129
70.4264306099303
70.7739444879442
71.2629555903554
71.4461644722843
71.6611315778275
72.033505262262
72.0824042098096
73.6479233678477
73.5145386942781
73.3250309554225
73.131424764338
73.1678398114704
73.3882718491763
73.4099174793411
73.2725339834729
73.3538271867783
73.4323617494226
73.5086893995381
73.6273515196305
73.7912812157044
73.8972249725635
73.2819799780508
73.5503839824407
73.9339071859525
74.1905924154287
74.3458072656763
74.419845812541
74.7760766500328
74.6308613200263
74.682289056021
74.8058312448168
73.9118649958534
72.2038919966828
71.8265135973462
72.513610877877
73.2491887023016
74.0235509618413
74.426240769473
74.7947926155784
75.0769340924627
75.2899472739702
75.2911578191762
75.3225262553409
75.2498210042727
75.0938568034182
75.2276854427346
75.1477483541877
74.7307986833501
74.6108389466801
74.7284711573441
75.0361769258753
75.2379415407002
75.3549532325602
75.3455625860482
75.4106500688385
75.4279200550708
75.4651360440567
75.5735088352453
75.7048070681963
75.700245654557
75.6273965236456
75.6931172189165
75.7752937751332
75.7778350201066
75.7166680160853
75.3787344128682
75.0863875302946
74.8305100242357
74.6038080193885
74.4202464155108
74.5381971324087
74.5970577059269
74.6086461647416
74.3409169317932
74.2415335454346
74.2680268363477
74.4386214690782
74.7860971752625
74.73887774021
74.591502192168
73.9844017537344
74.3485214029875
74.31701712239
74.456413697912
74.7325309583296
74.9292247666637
74.915579813331
75.1310638506648
75.2862510805318
75.2934008644255
75.5161206915404
75.7357965532323
75.9530372425859
76.0138297940687
75.9054638352549
76.035971068204
75.6039768545632
75.6647814836505
75.6846251869204
75.7207001495364
75.8975601196291
76.2005480957033
76.6044384765626
76.9475507812501
77.1378406250001
77.3042725000001
77.4516180000001
77.5836944
77.57375552
77.588004416
77.6184035328
77.85972282624
78.077978260992
78.2525826087936
78.3820660870349
77.8910528696279
76.1966422957023
74.7925138365619
73.7114110692495
72.8991288553996
72.2455030843197
73.6734024674558
72.9157219739646
74.2673775791717
73.2561020633374
72.5210149840032
72.0068786538693
71.6695029230954
71.6376023384763
71.4928818707811
71.1633054966248
70.8456443972999
71.0781155178399
71.0828924142719
71.0959139314175
71.141931145134
71.2143449161072
71.1366759328858
72.8671407463086
73.3638125970469
72.8734500776375
72.65236006211
72.4266213830214
72.1971637730838
71.964731018467
71.9543848147736
71.7981078518189
71.7242862814551
71.7164290251641
71.7613432201313
71.788674576105
71.913739660884
72.1169917287072
72.2881933829658
72.5617547063726
72.7346037650981
72.7030830120785
72.6312664096628
72.8746131277302
73.0528905021842
73.2236124017474
73.3882899213979
73.5916319371183
73.8571055496947
74.1722844397557
74.2592275518046
74.3001820414437
74.4443456331549
74.6710765065239
74.6192612052192
74.6930089641753
74.8473071713403
75.0660457370722
75.0618365896578
75.1468692717262
75.690295417381
75.6912363339048
75.6381890671238
75.6331512536991
75.6665210029593
75.8284168023674
75.7109334418939
75.8179467535151
75.9597574028121
75.9074059222497
75.9875247377998
75.8776197902398
75.8335958321918
75.8422766657535
76.2960213326028
76.4424170660822
76.8359336528658
76.7497469222926
76.9163975378341
77.0473180302673
77.1602544242138
77.4358035393711
77.5114428314969
77.6415542651975
77.754643412158
78.0699147297264
78.0095317837811
78.0976254270249
78.1901003416199
78.2860802732959
78.1964642186367
78.1465713749094
77.2174570999275
75.584965679942
75.0049725439536
74.4683780351629
74.0464024281303
73.7161219425043
73.4932975540034
73.3322380432027
73.2601904345622
73.2133523476498
73.1834818781198
73.1737855024959
73.2304284019967
73.0695427215974
73.1544341772779
73.2515473418223
73.3348378734579
73.3762702987663
74.087616239013
73.8916929912104
73.848221059635
73.9267101810413
74.1027681448331
74.4232145158665
74.4203716126932
74.5250972901545
74.7158778321236
74.6261022656989
74.6232818125591
74.6900254500473
74.7224203600378
74.8149362880303
74.9703490304242
75.0516792243394
75.1561433794715
75.4693147035772
75.7366517628618
75.7787214102894
75.7575771282315
76.3770617025852
76.3818493620682
75.8948794896546
75.3575035917236
75.1968028733789
74.7388422987031
74.2998738389625
74.04929907117
73.975639256936
73.9540114055488
73.974009124439
73.8456072995512
74.558885839641
74.8953086717128
75.5950469373703
76.0390375498962
76.207130039917
76.1545040319336
75.9054032255469
75.7387225804375
75.65517806435
75.67954245148
75.790233961184
75.5013871689472
75.3817097351578
75.3973677881262
75.521294230501
75.3380353844008
75.2422283075206
75.4401826460165
75.8117461168132
71.8967968934506
72.7656375147605
73.7599100118084
74.3959280094467
75.2911424075574
75.9211139260459
76.6248911408367
76.9201129126694
76.8904903301355
77.3451922641084
77.6021538112867
77.6331230490294
78.0698984392235
77.9997187513788
78.2039750011031
78.5291800008825
78.674744000706
78.7847952005648
78.7820361604518
78.6890289283615
78.6323231426892
78.6046585141513
78.6275268113211
78.6908214490569
78.7864571592455
77.8482657273964
76.0830125819171
74.7294100655337
73.734728052427
74.8741824419416
75.8136459535533
76.5931167628426
73.2416934102741
74.3191547282193
75.2585237825754
74.0380190260604
73.1981152208483
72.6626921766786
73.2699537413429
73.2271629930743
72.6643303944595
72.2500643155676
71.7822514524541
71.6726011619633
71.6146809295706
71.5637447436565
72.2957957949252
72.0942366359402
72.0229893087521
72.1815914470017
72.2237731576014
72.1728185260811
72.1652548208649
72.1548038566919
71.9728430853535
72.2626744682828
72.7075395746263
72.900131659701
72.8909053277608
73.0989242622087
73.0649394097669
73.4061515278135
74.0475212222509
74.5040169778007
74.8659135822406
75.1521308657924
75.377804692634
75.5550437541072
76.1310350032857
76.1992280026286
76.3111824021029
76.4663459216823
76.5626767373459
76.3193413898767
76.3777731119013
76.6776184895211
77.1008947916169
77.5033158332935
77.6856526666348
77.6919221333079
77.5573377066463
77.637670165317
77.9427361322536
76.3569889058029
75.8309911246423
76.1527928997139
76.6612343197711
77.0799874558169
77.4269899646535
77.7175919717228
77.8734735773782
75.7403788619026
76.4663030895221
76.7795424716177
76.7626339772941
76.7338071818353
76.6954457454683
76.7887565963746
76.6644052770997
76.9281242216798
77.1652993773438
77.3233061685417
77.4179782681667
77.4619826145334
77.8665860916267
77.3157688733014
76.0006150986411
74.9816920789129
74.5355536631303
74.4440429305042
74.0290343444034
73.7098274755227
73.2454619804182
72.8707695843346
72.5678156674676
70.7310525339741
72.5468420271793
72.2398736217434
72.0094988973948
71.4995991179158
72.8988792943326
74.0099034354661
74.9917894150396
75.870364865365
76.666291892292
75.3502335138336
74.4881868110669
73.8181494488535
72.9741195590828
72.3978956472663
71.943116517813
71.5854932142504
71.5827945714003
72.5916356571203
72.6751085256962
72.018286820557
71.8084294564456
71.9561435651565
72.8125148521252
73.1138118817002
72.0839495053601
69.9891596042881
70.3341276834305
70.5805021467444
70.9618017173955
70.8290413739164
70.7872330991331
70.8181864793065
71.0827491834452
71.3411993467562
71.5397594774049
71.759807581924
71.9326460655392
72.1233168524313
72.2710534819451
72.533042785556
72.8282342284448
72.3163873827559
72.2267099062047
72.5095679249638
72.538254339971
72.7774034719768
72.8845227775815
72.8860182220652
73.1132145776521
73.9097716621217
74.7754173296974
75.2641338637579
75.7355070910063
75.7746056728051
75.7450845382441
76.0996676305952
76.4205341044762
76.657427283581
76.7991418268648
76.9222134614918
77.0303707691935
75.2558966153548
75.7947172922838
76.2155738338271
76.6446590670617
76.8545272536493
73.2622218029195
74.4461774423356
75.3193419538685
75.9052735630948
76.4678188504758
77.0116550803807
75.6615240643045
74.4600192514436
73.5298154011549
74.3474523209239
73.4451618567391
73.0211294853913
74.1423035883131
74.1167428706505
73.1737942965204
72.8534354372163
73.445348349773
74.6606786798184
75.4711429438547
75.9797143550838
76.2069714840671
72.5847771872536
73.7388217498029
74.4804573998423
75.0209659198739
73.6943727358991
73.1163481887193
73.1371785509754
73.6370928407804
74.5202742726243
75.3454194180994
75.9405355344796
76.4212950942503
76.8105694087336
77.1266555269869
76.9537244215895
76.3895795372716
75.5124636298173
74.6267709038538
73.4572167230831
72.5843733784665
72.0160987027732
71.2456789622185
71.4925431697748
71.3200345358199
71.2178276286559
71.0224621029247
70.7525696823398
71.0372557458718
71.0132045966975
71.074963677358
71.0857709418864
69.6110167535091
66.9478134028073
67.8872507222459
68.6520005777967
69.6210004622373
70.5042003697899
70.8417602958319
70.8310082366655
71.7652065893324
71.9031652714659
72.0111322171728
72.1235057737382
72.2294046189906
72.2711236951925
72.802498956154
72.8991991649232
72.7661593319385
72.8323274655508
72.4262619724407
72.4274095779525
72.750827662362
73.3320621298896
73.4334497039117
73.8955597631294
74.1316478105035
74.1191182484028
73.8968945987222
73.5069156789778
73.9253325431823
73.8932660345458
73.7206128276366
72.9140902621093
73.6242722096875
71.66981776775
72.9668542142
73.33828337136
73.557626697088
73.6553013576704
74.0400410861363
74.1458328689091
74.4408662951273
74.6606930361018
74.8968210955481
75.1459902097718
75.4055921678175
75.658673734254
75.7693389874032
75.8690711899226
76.4416569519381
76.4105255615504
76.4364204492404
72.3735363593923
73.8484290875138
75.0509432700111
76.0355546160089
76.5196436928071
76.8226149542457
76.9806919633966
77.2434535707173
77.5899628565738
77.795570285259
77.8884562282072
77.8911649825658
77.9633319860526
76.0514655888421
72.5523724710737
73.774097976859
74.5978783814872
75.4385027051897
76.0101021641518
76.3664817313214
76.6239187183905
76.8022016413791
76.9171613131033
77.3685290504826
77.8264232403861
78.1877385923089
78.5013908738471
78.6780126990777
78.7450101592622
78.8352081274097
77.1125665019278
75.9166532015422
74.7255225612338
75.294818048987
74.3460544391896
73.4154435513517
72.8887548410814
74.2778038728651
73.3414430982921
72.9313544786337
74.1316835829069
73.4979468663255
72.7638574930604
71.9494859944484
71.5691887955587
71.398351036447
69.3464808291576
69.8895846633261
70.2504677306609
70.4243741845287
70.739499347623
71.2281994780984
71.4873595824787
71.7269876659829
71.9509901327864
72.1543921062291
72.2849136849833
71.8985309479866
72.0792247583893
72.3061798067114
72.4857438453692
72.6273950762953
72.8621160610363
72.788292848829
73.2252342790632
72.9313874232506
74.0703099386005
73.9502479508804
73.9651983607043
74.0327586885634
73.9802069508508
73.7345655606806
73.9210524485445
73.9912419588356
74.1565935670685
74.2764748536548
74.4457798829238
74.5898239063391
72.6732591250713
73.146407300057
73.3803258400456
73.9312606720365
74.2314085376292
74.3597268301034
74.4635814640827
74.5712651712662
74.6820121370129
75.2012097096104
75.2207677676883
75.3970142141506
75.4076113713205
75.4868890970564
75.7685112776451
75.7390090221161
75.9264072176929
75.9547257741543
75.1501806193235
75.5761444954588
75.952515596367
76.2208124770936
76.5226499816749
76.6715199853399
76.6958159882719
76.9442527906176
77.1622022324941
77.2749617859952
77.3035694287962
77.422055543037
77.5960444344296
77.7896355475437
75.9183084380349
76.415646750428
76.7051174003424
76.9982939202739
77.4722351362191
77.7287881089753
77.8114304871802
78.1025443897442
76.3966355117954
74.8291084094363
74.003086727549
73.0824693820392
72.4289755056314
71.9389804045051
73.4101843236041
74.1391474588833
74.2743179671066
73.9344543736853
73.2145634989483
74.5004507991586
73.6783606393269
73.0720885114615
72.8846708091692
73.3267366473354
72.6291893178683
71.8535514542947
71.7744411634357
71.2435529307486
71.0874423445989
71.2311538756791
71.0623231005433
70.9954584804346
71.0101667843477
71.1231334274782
71.3251067419825
71.265485393586
71.4579883148688
71.6251906518951
71.8231525215161
71.8411220172128
71.9964976137703
72.1767980910162
72.084038472813
72.0842307782504
72.1299846226003
72.1201876980803
72.2083501584642
72.4836801267714
72.7295441014171
73.0666352811337
73.241908224907
72.6615265799256
72.9736212639405
73.0222970111524
74.2242376089219
74.3721900871375
74.16755206971
74.048641655768
73.8385133246144
73.8612106596916
74.0908685277532
74.4860948222026
74.6162758577621
75.0690206862097
73.1006165489677
73.3506932391742
73.7433545913394
74.2590836730715
74.6808669384572
74.8896935507658
75.0101548406126
75.1404238724901
75.2785390979921
75.5529312783937
75.9363450227149
75.802276018172
75.7392208145376
75.69857665163
75.933061321304
76.1430490570432
76.3334392456346
76.5217513965077
76.9908011172062
77.1008408937649
76.9236727150119
76.5167381720096
76.6919905376076
76.3305924300861
75.1542739440689
74.3368191552551
73.7234553242041
73.2755642593633
72.9652514074906
72.7288011259925
72.286440900794
72.8011527206352
72.4715221765082
72.4214177412065
72.2001341929652
72.2793073543722
72.3628458834978
72.4770767067982
72.3678613654386
72.5150890923508
72.6480712738807
72.9596570191045
73.0311256152836
72.7723004922269
72.9200403937815
73.0706323150252
73.2075058520202
73.3262046816161
73.1951637452929
73.3805309962343
73.5424247969875
73.70673983759
73.641391870072
73.9133134960576
73.8248507968461
73.7544806374769
73.8853845099815
74.1163076079852
74.2954460863882
74.6667568691105
74.7904054952884
74.9145243962307
75.2250195169846
75.2396156135877
75.5142924908702
75.5846339926961
75.4449071941569
75.5113257553255
75.3568606042604
75.4634884834083
75.6567907867267
76.0938326293814
76.7258661035051
75.2970928828041
73.8190743062433
72.7516594449946
72.0127275559957
73.5763820447965
72.8607056358372
73.8221645086698
74.9947316069358
75.9711852855487
74.8915482284389
73.9506385827512
71.3285108662009
71.2626086929607
71.2020869543686
71.2864695634949
71.4867756507959
71.4682205206367
71.4513764165094
72.8863011332075
73.993440906566
74.6429527252528
75.2655621802023
75.9442497441618
76.5687997953295
76.7888398362636
75.2942718690109
74.2648174952087
73.352053996167
72.6566431969336
72.1351145575469
73.3192916460375
74.36503331683
75.438426653464
74.3355413227712
74.442533058217
75.5174264465736
74.4245411572589
73.4060329258071
72.6382263406457
72.0641810725165
71.7337448580132
71.5031958864106
71.2833567091285
71.0720853673028
71.1176682938422
70.9947346350738
71.199787708059
71.2898301664472
71.4720641331578
71.4722513065262
71.326801045221
71.4772408361768
71.6427926689414
71.9530341351532
71.6866273081225
71.857401846498
72.3779214771984
72.4471371817587
72.526109745407
72.5276877963256
72.5715502370605
72.6872401896484
72.7905921517187
72.902873721375
72.9216989771
73.04455918168
73.525447345344
73.4035578762752
73.4754463010202
73.3877570408161
73.2936056326529
73.4552845061223
73.5438276048979
73.8664620839183
74.0388696671346
74.0910957337077
74.2861765869662
74.5955412695729
74.2990330156584
74.4248264125267
74.3254611300214
73.9619689040171
73.6655751232137
73.5178600985709
74.3064880788568
74.6929904630854
74.9383923704683
75.0709138963747
75.1811311170997
75.3337048936798
75.3816639149438
75.3459311319551
75.2389449055641
75.4759559244513
75.517164739561
75.6927317916488
75.9219854333191
76.3657883466553
76.6108306773242
76.6968645418594
76.7122916334875
76.97343330679
77.089946645432
77.1567573163456
77.2278058530765
77.0314446824612
76.944955745969
76.9463645967752
77.2062916774201
77.3600333419361
77.3062266735489
77.3127813388391
77.5334250710713
73.404340056857
72.4654720454856
73.4729776363885
74.5605821091108
75.2564656872887
75.9345725498309
76.5984580398648
76.9457664318918
77.4450131455134
76.8407105164108
75.3535684131286
75.0070547305029
75.5730437844023
74.1902350275219
74.8911880220175
74.446750417614
73.3996003340912
74.460680267273
74.7598442138184
74.4494753710547
75.3381802968438
75.252644237475
74.38771538998
73.488372311984
73.0300978495872
72.6304782796698
72.2777826237358
72.1170260989887
72.1214208791909
72.0444367033528
71.9023493626822
73.1890794901458
70.9468635921166
70.1738908736933
70.5763126989547
72.2940501591637
72.269240127331
72.7721921018648
72.7225536814918
72.5248429451935
72.5966743561548
72.6113394849238
73.2910715879391
72.8438572703513
72.927685816281
72.9131486530248
72.8199189224199
72.8211351379359
72.8979081103487
72.970226488279
73.0389811906232
73.2227849524986
73.1668279619988
73.3354623695991
73.3967698956793
73.3124159165434
73.7179327332347
74.0033461865878
74.1926769492702
74.3051415594162
74.271713247533
74.8285705980264
74.9330564784211
75.5082451827369
73.4221961461895
73.7869569169516
74.2103655335613
74.680692426849
74.8217539414792
74.8768031531834
75.3638425225467
75.1538740180374
75.1260992144299
75.2908793715439
75.3431034972351
75.3052827977881
75.2660262382305
75.5386209905844
76.3578967924675
76.523117433974
76.3916939471792
76.4603551577434
76.6006841261947
76.7489473009558
76.8873578407646
77.1362862726117
77.4736290180894
77.4275032144715
77.4189525715772
77.4404620572618
77.4860196458094
77.5508157166475
77.763452573318
77.8569620586544
77.6679696469236
75.6952757175388
72.2956205740311
73.5096964592249
74.3235571673799
73.2504457339039
74.3845565871231
73.3656452696985
72.7626162157588
72.492292972607
72.9506343780856
73.9919075024685
74.9966260019748
75.9721008015799
74.6836806412639
75.6493445130111
76.1104756104089
76.5263804883271
76.0986043906617
74.9958835125294
75.8347068100235
74.5731654480188
73.8463323584151
73.247065886732
72.7988527093856
74.0820821675085
74.9820657340068
74.5192525872055
73.9406020697644
73.8388816558115
73.4085053246492
73.0258042597194
72.8024434077755
72.9619547262204
70.7619637809763
71.0453710247811
71.0726968198249
71.3153574558599
71.9398859646879
72.4359087717503
72.3517270174003
72.4397816139202
72.2888252911362
72.361660232909
72.4487281863272
72.3511825490617
72.5103460392494
72.6753434980662
72.8450081317863
73.018406505429
73.3457252043432
73.6663801634746
73.6929041307797
73.4841233046237
73.597298643699
73.5853389149592
73.4732711319674
73.6866169055739
73.8200935244591
73.8102748195673
73.7182198556538
73.9339758845231
74.1891807076185
74.1109445660948
74.5549556528758
74.6395645223007
72.8296516178405
73.1237212942724
73.5477770354179
74.0154216283344
74.5727373026675
74.772389842134
74.6859118737072
74.7461294989658
74.5262035991726
74.0821628793381
74.5975303034705
74.5862242427764
74.5693793942211
74.9161035153769
75.2598828123015
75.6013062498412
75.729444999873
75.9443559998984
76.2286847999187
76.896747839935
77.031798271948
77.3184386175584
77.2397508940467
77.3102007152374
77.3991605721899
77.6649284577519
77.6829427662015
77.8303542129612
77.867683370369
77.9697466962952
78.1235973570362
78.0330778856289
75.8012623085031
76.4284098468025
76.532927877442
77.0211423019536
77.4423138415629
77.8279510732503
78.1851608586003
76.3197286868802
75.9148829495042
76.6785063596033
76.660538421016
76.0172974034795
74.8738379227836
73.8242703382269
73.1210162705815
74.2136130164652
73.2786904131722
72.6628523305377
72.3022818644302
72.0222254915442
71.5275803932353
71.4660643145883
71.2552514516706
71.3642011613365
71.4429609290692
71.1637687432554
71.1764149946043
71.2301319956834
71.2919055965468
71.2513244772374
71.1910595817899
71.3510476654319
71.4688381323456
71.5998705058765
71.7562964047012
71.9522371237609
72.0663896990088
72.623311759207
72.7194494073656
72.8099595258925
72.895967620714
72.5205740965712
72.667659277257
72.9015274218056
73.1410219374445
73.4258175499556
73.5306540399645
73.6377232319716
72.8125785855773
72.5192628684618
72.6514102947694
72.9843282358156
72.8000625886525
73.141650070922
73.4481200567376
73.6450960453901
73.827076836312
74.0722614690496
74.0046091752397
74.7216873401918
74.1135498721534
74.5748398977228
74.5262719181782
74.7438175345426
74.8366540276341
75.5015232221073
75.5352185776858
75.6515748621486
75.7622598897189
76.2520079117751
76.2558063294201
76.2268450635361
76.1880760508289
76.6568608406631
76.7058886725305
76.5007109380244
76.2708687504195
76.0212950003356
76.2812360002685
76.4763888002148
76.6697110401718
77.0375688321375
77.00365506571
77.128524052568
77.2762192420544
77.6065753936435
77.3598603149148
77.4938882519319
77.3188439348788
76.8965418145697
76.2764334516558
76.5099467613246
76.6671574090597
77.0657259272478
77.4239807417982
77.2029845934386
77.3719876747509
77.5314901398007
77.6833921118406
78.1147136894725
76.404970951578
75.2429767612624
74.1519814090099
73.3827851272079
72.8710281017663
72.4476224814131
71.9221979851305
71.3151583881044
71.1347267104835
71.0048813683868
70.9155050947095
70.6530040757676
71.0294032606141
72.7025226084913
73.034418086793
72.9027344694344
73.0507875755475
73.245230060438
73.6661840483504
74.6845472386803
75.0673377909443
74.9416702327554
74.7812361862044
74.5929889489635
74.4679911591708
74.4815929273366
74.6060743418693
74.6866594734955
74.6435275787964
74.5990220630371
74.8194176504297
75.0427341203437
75.213787296275
75.57002983702
73.628023869616
74.0770190956928
74.5111152765542
74.9332922212434
74.8012337769947
74.7615870215958
74.6164696172766
74.3869756938213
74.1055805550571
74.2830644440456
74.8276515552365
74.7566212441892
74.1930969953514
73.8767775962811
73.7582220770249
73.9569776616199
74.163782129296
74.5294257034368
74.4601405627494
74.5827124501995
74.8665699601596
74.7570559681277
74.9046447745022
75.0361158196017
74.9717926556814
74.7508341245451
74.9604672996361
74.6291738397089
75.6385390717671
74.1646312574137
73.204505005931
73.2838040047448
74.1946432037958
73.3125145630367
73.5722116504293
74.7453693203435
73.5046954562748
72.7194896983532
72.2986584253492
72.1693267402794
71.8146613922235
71.5077291137788
71.296383291023
71.1811066328184
70.7022853062548
70.7432282450038
70.783582596003
68.8316660768024
69.239332861442
69.6094662891536
69.9689730313228
70.0903784250583
70.3459027400466
70.4707221920373
70.7429777536298
70.7515822029039
72.4550657623231
71.9648526098585
72.0034820878868
72.0221856703094
72.3245485362476
72.304038828998
71.9614310631984
71.8425448505588
71.532635880447
71.6097087043576
71.5977169634861
71.5144735707889
71.3742288566311
71.1883830853049
70.7529064682439
71.6551251745951
72.0993001396761
71.7376401117409
72.2691120893927
72.4080896715142
72.9310717372113
73.7612573897691
73.7824059118153
73.1563247294522
74.4036597835618
73.8525278268494
71.3648222614795
71.8716578091836
71.7491262473469
71.7859009978775
71.777120798302
71.8666966386416
71.9529573109133
72.4419658487306
72.6825726789845
72.4948581431876
72.4510865145501
72.5224692116401
72.8501753693121
72.8825402954497
72.9108322363597
73.3093657890878
74.0040926312702
74.5104741050162
74.8787792840129
74.7924234272104
74.8095387417683
74.6212309934146
74.2259847947317
74.1833878357854
74.1295102686283
73.7580082149027
73.8296065719221
73.9832852575377
74.1398282060302
74.2986625648241
74.6157300518593
74.6917840414874
74.77502723319
74.418421786552
74.5559374292416
74.4623499433933
73.6816799547146
74.0901439637717
74.2377151710174
74.5459721368139
74.6389777094511
74.7969821675609
75.0069857340487
75.258588587239
75.5938708697912
75.737296695833
75.6848373566664
75.4704698853331
75.7103759082665
71.8925007266132
72.9392005812905
74.2035604650324
74.8572483720259
75.2631986976208
75.8873589580966
76.1898871664773
76.2292097331818
76.0579677865455
76.5797742292364
76.7830193833891
76.9884155067113
77.364532405369
77.6826259242952
77.8379007394362
78.257920591549
78.5555364732392
78.5918291785913
78.5654633428731
78.6313706742985
78.7306965394388
78.759357231551
78.7841857852408
78.8059486281927
78.7592589025541
78.6578071220433
78.6968456976346
78.8482765581077
79.0578212464862
79.1854569971889
77.3093655977512
75.8626924782009
74.9525539825607
74.0226431860486
73.2309145488389
72.5497316390711
72.0901853112569
73.6405482490055
74.5372385992044
74.8604575460302
74.7248993701575
74.222319496126
73.8468555969008
73.0154844775206
72.7889875820165
72.5743900656132
72.8307120524906
72.3937696419925
73.321415713594
73.2841325708752
73.2445060567001
73.0596048453601
72.9348838762881
72.6869071010305
72.7153256808244
72.2498605446595
72.3174884357276
72.4149907485821
72.4763925988657
72.5567140790926
72.6401712632741
72.6905370106193
72.7772296084954
72.8995836867963
71.4044669494371
71.4405735595497
71.4216588476397
71.8953270781118
72.3028616624894
72.6512893299916
73.1462314639932
73.3843851711946
73.6749081369557
73.8551265095645
74.7593012076516
74.7692409661213
74.816992772897
74.7817942183176
74.8644353746541
74.9253482997233
74.2548786397786
74.5005029118229
74.7210023294583
74.7516018635667
74.8847814908533
75.1000251926827
75.1704201541461
75.5665361233169
75.2862288986535
75.4839831189228
75.4711864951383
75.6595491961106
74.8086393568885
75.1643114855108
75.3862491884086
75.6877993507269
73.8612394805815
74.3287915844652
74.8272332675722
75.3503866140578
75.6945092912462
74.767207432997
75.6651659463976
74.5665327571181
74.1150262056945
73.6444876312222
73.1587234383111
72.6607787506489
72.3082230005191
71.9165784004153
73.3978627203323
73.1608901762658
72.7903121410126
72.5073497128101
72.2944797702481
72.1557838161985
72.0412270529588
71.945981642367
71.9253853138936
72.1289082511149
72.5117266008919
72.2085812807135
71.8348650245708
71.7458920196567
71.9083136157253
71.8486508925803
71.9949207140642
72.2009365712514
72.1395492570011
72.3316394056009
72.3815115244807
72.3176092195846
72.5244873756677
72.7227899005341
72.9142319204273
72.8227855363419
73.0144284290735
73.1615427432588
73.273034194607
73.4082273556856
73.4933818845485
73.5385055076388
73.551604406111
73.5390835248888
73.9274668199111
74.2305734559289
74.3458587647431
74.4690870117945
74.4142696094356
74.5240156875485
74.6580125500388
74.381210040031
74.2653680320248
74.2782944256199
74.7642355404959
74.8997884323967
75.7874307459174
75.8393445967339
75.9034756773871
75.9773805419097
76.0487044335278
76.2899635468222
76.3611708374578
76.2181366699662
76.127509335973
76.0788074687784
76.4342459750227
76.6559967800182
76.7707974240145
76.8644379392116
77.0666503513693
77.3557202810955
77.1891762248764
77.2857409799011
77.3917927839209
73.2612342271367
74.5309873817094
75.2479899053675
75.816991924294
76.3122935394352
76.7486348315482
77.0153078652385
77.3450462921908
77.5724370337527
77.7785496270021
77.9830397016017
77.0470317612814
75.1986254090251
73.9387003272201
73.1495602617761
72.3686482094209
72.4679185675367
73.2713348540294
74.5368678832235
74.6396943065788
73.8123554452631
73.2748843562104
72.9693074849684
72.3828459879747
72.0770767903797
71.8528614323038
71.636289145843
71.8010313166744
73.2294250533396
73.1301400426716
72.9699120341373
72.7689296273099
72.6535437018479
70.4586349614783
70.8443079691827
71.5424463753461
71.8199571002769
71.7945656802215
71.9550525441772
72.1156420353418
71.6551136282734
71.6928909026187
72.362312722095
72.516450177676
72.4181601421408
72.4493281137127
72.6678624909701
72.8690899927761
72.9794719942209
73.1265775953767
73.3030620763014
73.4554496610411
73.5159597288329
73.6477677830663
73.988414226453
73.3199313811624
73.1981451049299
73.513716083944
73.7905728671552
74.1952582937242
74.7664066349793
75.0335253079835
75.0334202463868
74.3259361971094
74.4257489576875
74.60759916615
74.85507933292
75.028663466336
75.0007307730688
74.8611846184551
75.1063476947641
75.5374781558112
75.676982524649
75.8251860197192
75.9463488157754
76.0812790526203
75.9616232420962
75.874698593677
75.8139588749416
75.7741670999533
76.0555336799626
76.4796269439701
76.6543015551761
76.6152412441409
76.6117929953127
76.8000343962502
76.5574275170001
76.6285420136001
76.8568336108801
77.4582668887041
77.5970135109633
77.7336108087706
77.6686886470165
77.7087509176132
77.8328007340906
77.8498405872725
78.068672469818
76.2559379758544
76.8065503806835
77.2741403045468
77.6753122436374
78.01184979491
78.296679835928
78.5401438687424
76.8039150949939
75.4439320759951
74.3610456607961
73.4998365286369
72.8277492229095
72.3069593783276
71.9072075026621
71.6042860021297
71.3788288017037
72.361463041363
72.1003704330904
71.6432963464723
71.5200370771778
73.0102296617423
72.6337837293938
72.3868269835151
72.2130615868121
72.0800492694496
71.9682394155597
71.6709915324478
71.4337932259582
71.4155345807666
71.5724276646133
71.6793421316906
71.7946737053525
71.939538964282
72.5872311714256
72.5995849371405
72.6482679497124
72.5664143597699
72.6671314878159
72.7827051902528
72.8875641522022
72.9524513217618
73.0061610574094
73.0589288459275
73.137043076742
73.2354344613936
73.3500475691149
73.4776380552919
73.5573104442336
73.7493483553868
74.0312786843095
73.9206229474476
74.0268983579581
74.5163186863664
74.3144549490932
74.4973639592745
74.9982911674196
74.7966329339357
74.6665063471486
74.6035050777189
74.5942040621751
74.7507632497401
74.8778105997921
74.9804484798337
75.1561587838669
75.3118270270936
75.4514616216749
75.5677692973399
75.4042154378719
75.3165723502975
75.307257880238
75.9736063041904
76.3489850433523
76.4915880346819
76.7846704277455
76.8569363421964
76.8869490737571
76.8831592590057
76.8523274072046
76.7998619257637
76.9222895406109
77.1450316324888
77.448025305991
77.7128202447928
77.6842561958342
77.7106049566674
77.7808839653339
77.8863071722671
78.0198457378137
78.268076590251
78.5996612722008
78.6155290177606
78.6052232142085
78.4901785713668
78.4243428570934
78.4444742856748
78.5557794285398
78.5586235428318
76.8410988342655
77.0758790674124
75.5831032539299
74.6010826031439
73.6816660825152
72.9057328660121
72.3222529594764
71.8927357009144
71.5863885607316
71.3907108485853
71.2516186788682
71.1577949430946
71.1001859544757
71.0715487635805
71.0596390108644
71.0777112086916
71.0946689669533
71.1107351735626
71.1698881388501
71.2635105110801
71.1800084088641
71.3194067270912
71.443025381673
71.5540203053384
71.7022162442707
72.5415729954166
72.7805583963333
72.5392467170666
72.7511973736533
72.7323578989226
72.7866863191381
72.9347490553105
72.9589992442484
73.0057993953987
72.947539516319
72.8052316130552
72.9569852904442
73.2449882323553
73.3521905858843
73.4165524687074
73.3969419749659
73.3101535799728
73.6641228639782
73.8013982911826
73.7653186329461
73.9168549063568
74.0622839250855
74.2028271400684
74.2826617120547
74.3753293696438
72.255863495715
73.120290796572
73.5352326372576
73.8801861098061
74.1827488878449
74.4799991102759
74.6205992882207
74.8276794305766
74.7499435444613
74.669554835569
74.5675438684552
74.4482350947642
74.5507880758114
74.5493304606491
74.4646643685193
74.5929314948154
74.7255451958523
74.8988361566819
75.0960689253455
75.3513551402764
75.6530841122211
75.8084006231102
75.8465871651549
75.7910697321239
76.0896557856991
76.3885246285593
76.6876197028474
76.981495762278
77.2219966098224
77.4007972878579
77.6050378302863
77.7574302642291
73.9239442113832
74.9041553691066
75.1571242952853
74.8282994362282
74.0340395489826
72.8674316391861
72.1387453113489
71.5737962490791
71.6216369992633
72.1597095994106
73.0899676795285
74.3339741436228
75.3053793148983
75.7331834519186
75.7261067615349
75.3711254092279
74.7378203273823
73.8818562619059
73.4042850095247
72.7794280076198
72.2417424060958
71.7737939248767
71.7096351399013
71.9685081119211
71.7478064895369
72.0252951916295
72.7013361533036
73.6962189226429
74.9461751381143
74.2861401104914
73.8099120883932
73.4435296707145
71.1594237365716
71.2783389892573
71.2138711914058
71.3868969531247
71.5967175624997
71.8555740499998
72.0671592399998
72.2409273919999
72.4159419135999
72.4559535308799
72.5196628247039
72.6023302597632
72.7001642078105
72.8101313662484
72.8267050929987
72.768564074399
73.1982512595192
73.5706010076154
72.9174808060923
73.1751846448738
73.3357477158991
73.3409981727193
74.3129985381754
74.3931988305403
73.9261590644323
73.9889272515458
74.0570418012367
74.1294334409893
74.2335467527915
74.3358374022332
74.3423699217865
74.2722959374292
74.3072367499434
72.3501893999547
71.8009515199638
72.377961215971
72.6789689727768
73.1329751782215
73.3983801425772
73.7853041140617
73.7240432912494
74.4962346329995
74.5815877063996
74.8982701651197
75.1100161320958
75.1478129056766
75.3584503245413
75.719160259633
75.8907282077064
75.8055825661651
75.9910660529321
76.7670528423457
76.8126422738766
77.2931138191013
77.389891055281
77.1797128442248
77.5143702753798
77.5404962203039
77.4462969762431
77.2558375809945
77.2948700647956
77.4304960518365
77.3421968414692
77.5023574731754
77.4694859785403
73.4241887828322
74.2987510262658
75.2832008210126
75.7735606568101
74.2742485254481
74.9835988203585
75.7658790562868
76.4565032450294
77.0295025960235
77.5084020768188
77.9275216614551
76.3032173291641
76.9371738633313
77.231339090665
77.586871272532
77.8732970180256
72.3054376144205
69.8194167582031
69.7988667398958
71.7506933919166
71.4555547135333
71.2411437708267
71.0913150166613
71.2630520133291
71.2054416106633
71.1272866218639
71.0326959641578
70.9249567713263
71.047565417061
71.1520523336488
71.150641866919
70.1221134935352
68.2718907948282
68.5400126358626
70.50281010869
71.009048086952
71.2288384695616
71.4464707756493
71.6377766205195
71.6538212964156
71.6960570371325
71.919845629706
72.0980765037648
72.1988612030118
72.4080889624095
72.9878711699276
72.9742969359421
72.9512375487537
72.8965900390029
72.5572720312024
72.8228176249619
73.0422540999695
73.2478032799756
73.4210426239805
73.3093340991844
72.9696672793475
73.040733823478
73.3743870587824
73.255709647026
73.3475677176208
73.6866541740966
73.7711233392773
74.0544986714218
74.0275989371375
72.38127914971
72.250923319768
73.3333386558144
72.9330709246515
73.5274567397212
73.997165391777
74.6027323134216
74.8977858507373
75.1580286805898
75.2754229444719
75.3373383555775
75.381670684462
75.5943365475696
75.8100692380557
76.0526553904446
76.1263243123556
76.3422594498845
76.5241075599076
76.6786860479261
76.8147488383409
76.8163990706727
77.0037192565382
77.0999754052305
77.0777803241844
77.0200242593476
77.063219407478
77.3191755259824
75.252940420786
75.7821523366288
76.090721869303
76.6143774954424
77.1785019963539
75.1314015970832
73.9939612776665
73.5842490221332
73.7567192177066
74.3949353741653
75.4057482993322
74.0291986394658
73.3179589115726
72.6105671292581
71.8196537034065
71.4003229627252
71.1320583701802
72.8852466961441
72.3673973569153
71.8469178855323
71.3716343084258
70.9325074467407
70.6404059573925
70.5108580992474
70.5113531460646
70.6158825168517
70.7299060134813
71.1601248107851
71.182699848628
71.0213598789024
70.906687903122
71.0579503224976
70.8789602579981
70.8325682063984
72.4560545651188
72.221043652095
72.097234921676
71.9555879373408
71.7084703498727
71.8275762798981
71.9176610239185
71.9586288191348
71.9603030553079
72.1066424442463
72.222113955397
72.1552911643176
72.7724329314541
73.1043463451633
73.1984770761306
73.2947816609045
73.2284253287236
73.4111402629789
73.5127122103831
73.3445697683065
74.1640558146452
74.1602446517162
74.2605957213729
74.0792765770984
74.2180212616787
74.235017009343
74.3358136074744
74.3678508859795
74.3020807087836
74.2242645670269
74.6512116536215
74.9212693228972
75.0658154583178
75.1656523666542
74.9879218933234
74.5175375146587
74.438930011727
74.6737440093816
74.9615952075053
74.0562761660042
73.9101209328034
74.3712967462427
74.6308373969942
74.9532699175953
75.1962159340763
75.469072747261
75.7658581978088
75.973886558247
75.9341092465976
75.9944873972781
76.0475899178225
76.043271934258
76.1782175474064
76.4017740379251
76.6962192303401
76.9829753842721
76.9849803074177
77.0061842459341
77.0345473967473
77.2692379173979
77.4239903339183
77.3905922671346
77.4588738137077
77.7034990509662
77.6865992407729
77.9626793926184
78.1991435140947
77.9959148112758
78.2359318490206
78.5219454792165
78.7261563833732
78.8687251066985
78.9789800853588
78.8849840682871
77.9820872546297
76.4320698037037
75.198655842963
74.1731246743704
73.3696997394963
72.8165597915971
72.4166478332777
72.0621182666221
71.6432946132977
71.3262356906382
71.0905885525105
72.7416708420084
72.6799366736068
72.4165493388854
72.0478394711083
71.9082715768867
71.7936172615093
71.8148938092075
71.863015047366
71.9326120378928
71.5210896303142
71.3342717042514
71.3272173634011
71.5619738907209
71.4853791125767
71.5893032900614
71.8376426320491
71.8789141056393
71.7729312845114
71.9935450276092
72.2454360220873
72.5223488176699
72.8192790541359
73.1322232433087
73.457978594647
73.4153828757176
73.4758063005741
73.6186450404593
73.7403160323674
73.8738528258939
74.0168822607151
74.1229058085721
74.2277246468577
74.2689797174862
74.3574837739889
74.4837870191912
74.5334296153529
74.5217436922823
74.6571949538259
74.2069559630607
74.1650647704486
74.4498518163589
74.5904814530871
74.8831851624697
75.0225481299757
75.0911385039806
75.1031108031845
74.8690886425476
74.4382709140381
73.8500167312305
74.0380133849844
74.5866107079875
75.01648856639
75.351390853112
71.6809126824896
70.6850301459917
71.8288241167934
72.5879592934347
73.0393674347478
73.9500939477982
74.6141751582386
75.0809401265909
75.6289521012727
76.0939616810182
76.2193693448145
76.3765954758516
76.5592763806813
76.8720211045451
77.220016883636
77.4864135069088
77.6573308055271
77.7518646444217
75.8368917155373
76.0953133724299
74.7152506979439
73.6428005583551
74.7774404466841
75.7559523573473
74.4591618858778
73.9447795087023
74.0563236069618
74.6686088855695
75.6814871084556
76.4991896867645
75.0827517494116
75.5790013995293
72.7558011196234
72.2586408956987
72.703512716559
73.9020101732472
73.2718081385978
72.5562465108782
72.2381972087026
72.2417577669621
71.8760062135696
71.4092049708557
71.0789639766846
71.2091711813477
72.9135369450781
73.1354295560625
72.93454364485
72.69473491588
72.423787932704
72.2352303461632
72.5609842769306
72.5431874215445
72.1031499372356
72.0405199497885
73.3584159598308
72.8553327678646
72.8650662142917
72.9859529714334
73.1957623771467
73.3193099017174
73.3738479213739
73.1744783370991
73.2943826696793
73.7771061357434
73.4236849085948
73.5643479268758
73.4684783415006
73.7809826732005
73.8437861385604
73.1780289108483
73.1516231286787
73.830298502943
74.0788388023544
73.9832710418835
74.5652168335068
74.5995734668055
74.6680587734444
74.7486470187555
74.7451176150044
74.8186940920035
74.9835552736028
75.1804442188823
75.7337553751058
75.8100043000847
75.6582034400677
76.1391627520542
75.7249302016433
76.4399441613147
76.3051553290518
76.0219242632414
75.6199394105931
75.9405515284745
76.0560412227796
76.2534329782237
76.277546382579
74.4175371060632
71.0502296848505
72.7513837478805
74.1911069983044
75.1542855986435
75.7176284789148
76.0091027831319
76.3688822265055
76.7833057812044
77.2416446249635
77.6483156999708
77.1184525599767
77.1283620479813
77.4756896383851
75.7269517107081
76.4173613685664
76.0098890948532
74.7241112758825
74.169839020706
74.2007712165648
74.6998669732519
75.5734935786015
74.4605948628812
73.573075890305
74.517860712244
73.6730885697952
74.7890708558361
74.3446566846689
73.3255253477351
72.7790202781881
72.2799162225505
71.8187329780404
71.6109863824323
69.4347891059459
69.7628312847567
70.3724650278054
70.4003720222443
70.8314976177954
70.8235980942364
71.0598784753891
71.0173027803113
71.189842224249
72.6784737793992
73.2258790235194
73.0203032188155
72.8914425750524
72.8239540600419
72.8221632480336
72.7907305984268
72.9966844787415
73.3925475829932
73.3492380663945
73.3355904531156
73.3456723624925
73.380937889994
72.9573503119952
72.9300802495962
73.0758641996769
73.2356913597416
73.3473530877933
73.4204824702346
73.4627859761877
73.6328287809502
73.7812630247601
73.9046104198081
70.6616883358465
71.4151506686772
72.1383205349418
72.6730564279534
73.1278451423627
73.5230761138902
73.8706608911122
74.0861287128897
74.5849029703118
74.9009223762494
75.0707379009995
75.1433903207996
75.1139122566397
75.1293298053118
75.0136638442494
75.2167310753995
75.3429848603196
75.4077878882557
75.5612303106046
75.8222842484837
76.1694273987869
76.0673419190296
76.1241735352236
76.3081388281789
76.4873110625431
76.3620488500345
75.9032390800276
75.9031912640221
76.2701530112177
76.5625224089742
76.1727512605127
75.2372676750768
73.8652141400615
74.5327713120492
75.3414170496393
75.8427336397115
76.2439869117692
76.6241895294153
76.9491516235323
76.8971212988258
77.4540970390607
75.7370776312485
76.0288621049988
74.6480896839991
73.5298717471993
74.7152973977594
75.4994379182075
76.352550334566
76.8422402676528
77.0073922141223
77.5773137712978
77.5376510170383
76.0319208136306
74.8579366509045
74.1263493207236
73.3262794565789
72.5478235652631
71.9920588522105
71.6606470817684
71.5061176654147
71.3912941323318
73.0220353058654
74.2688282446923
73.6000625957539
73.1962500766031
72.7082000612825
72.241760049026
72.1258080392208
72.0996464313766
71.9219171451013
71.3307337160811
71.5225869728648
71.6668695782919
71.8092956626335
71.9973698634402
72.2219625574188
72.475770045935
72.635216036748
72.7191728293984
72.5975382635187
72.709030610815
72.769424488652
72.8567395909216
72.6561916727373
72.8493533381898
72.8582826705519
72.8591261364415
72.8535009091532
73.0864007273226
73.2511205818581
73.4662964654865
73.6532371723892
73.8175897379113
74.0316717903291
73.7829374322633
73.9893499458106
73.9480799566485
74.3332639653188
74.5202778389217
74.5487556044707
74.4504044835766
74.6573235868613
74.621858869489
74.8174870955912
74.812189676473
75.2301517411784
75.4073213929427
75.5684571143542
75.9131656914833
76.0005325531867
76.0844260425493
74.9519408340395
75.2189526672316
75.4966621337853
75.7829297070282
75.9789437656226
76.2221550124981
76.4209240099985
76.5692392079988
76.677191366399
76.8339530931192
76.9281624744954
76.8331299795963
76.293703983677
76.5557631869416
76.6804105495533
76.7329284396427
77.0169427517141
77.3225542013713
77.5488433610971
77.7434746888777
77.9389797511021
78.1159838008817
76.2927870407054
75.8344296325643
76.0749437060514
76.4950549648412
77.0588439718729
77.5462751774984
75.9642201419987
76.6599761135989
77.1071808908792
76.2299447127033
76.7327557701627
75.3820046161301
74.3658036929041
73.5516429543233
72.8991143634586
72.1918914907669
71.8805131926135
71.5826105540908
71.2954884432727
71.1069907546181
71.0683926036945
71.0879140829556
71.1301312663645
71.1555050130916
71.0240040104733
70.9722032083786
70.9253625667029
71.0248900533623
71.2415120426899
71.3130096341519
71.4302077073215
71.5839661658572
72.3394729326858
73.5763783461486
74.0443026769189
73.8970421415351
73.4144337132281
73.3173469705825
73.248677576466
73.2385420611728
73.0040336489382
73.0940269191506
73.1914215353205
73.2753372282564
73.3708697826051
73.0894958260841
72.9195966608673
73.0296773286938
73.0699418629551
72.8607534903641
72.8370027922913
72.833602233833
73.1700817870664
73.6748654296531
73.9314923437225
74.174193874978
74.5463550999824
74.6624840799859
74.5777872639888
74.616129811191
74.7529038489528
74.0521230791622
74.0030984633298
74.0142787706638
74.3750230165311
72.7067184132249
69.4151747305799
70.7461397844639
71.6899118275711
72.6661294620569
73.6519035696455
74.2629228557164
74.7631382845731
75.1087106276585
75.2221685021268
75.6137348017015
75.9517878413612
76.009030273089
76.0660242184712
76.1052193747769
76.4199754998216
76.5323803998573
76.5513043198858
76.6214434559087
76.8075547647269
76.9328438117816
77.0092750494252
77.0200200395402
77.0530160316322
77.1230128253058
77.4014102602446
77.5617282081957
77.6275825665566
77.9054660532452
78.1761728425962
78.347838274077
78.4402706192616
78.6750164954093
74.6610131963274
75.1604105570619
76.0945284456496
74.6584227565197
73.7213382052157
74.5826705641726
75.4439364513381
75.1917491610705
74.0487993288564
73.3600394630851
72.8244315704681
72.4043452563745
73.7136762050996
74.7877409640797
74.0571927712637
73.932154217011
74.7195233736088
75.0538186988871
75.6492549591096
76.1381039672877
76.5416831738302
76.9193465390642
73.0144772312513
74.0875817850011
74.8084654280009
75.4131723424007
76.1309378739205
76.6763502991364
77.0080802393092
77.3688641914473
77.7614913531579
78.1133930825263
78.392714466021
76.6113715728168
77.1540972582535
76.9648111399361
76.1899155786156
74.9465324628925
73.914225970314
73.0106807762512
72.2101446210009
71.8757156968008
71.6011725574406
71.1833380459525
71.092870436762
71.0378963494096
71.0515170795277
71.0037136636222
70.9067709308977
70.8918167447182
70.9424533957745
70.4921627166196
70.7315301732957
70.9610241386366
69.3798193109093
69.9114554487274
70.3283643589819
70.6334914871856
70.9801931897484
71.2793545517988
71.497883641439
71.7237069131512
71.931165530521
72.1359324244168
72.2987459395334
72.2477967516268
73.1982374013014
72.8549899210411
73.1901919368329
73.1057535494663
72.9866028395731
72.9357822716585
72.9396258173268
73.2311006538614
73.4130805230891
74.1960644184713
74.5032515347771
74.4298012278217
74.2606409822573
74.2474127858059
74.3589302286447
74.4630441829158
74.5612353463326
74.6709882770661
74.7769906216529
74.8821924973223
72.9533539978578
73.6592831982863
73.586226558629
73.8033812469032
74.0489049975226
74.3166239980181
74.6020991984145
74.6316793587316
74.9647434869853
75.1063947895882
75.3567158316706
75.6057726653365
75.6536181322692
75.6522945058153
75.7210356046523
75.9022284837218
76.1733827869775
76.409906229582
76.6187249836656
76.5963799869325
76.829903989546
76.9538231916368
76.9900585533094
76.9749468426476
76.9187574741181
77.1786059792944
77.4250847834356
77.3994678267484
77.6223742613988
77.561099409119
77.5386795272952
77.5473436218362
75.4956748974689
75.7975399179752
74.4814319343801
73.4467455475041
74.4157964380033
74.3458371504026
73.4446697203221
74.0739357762577
74.8881486210062
75.8503188968049
75.631655117444
74.4683240939552
73.4356592751641
72.7643274201313
72.2462619361051
71.8670095488841
71.5930076391072
71.4115061112858
71.3040048890286
71.2514039112229
70.7609231289783
70.6746385031827
70.9117108025461
70.9879686420369
70.9083749136295
70.9659999309036
71.1333999447229
71.2799199557783
71.4097359646227
71.5651887716981
71.7411510173585
71.8845208138868
71.7566166511095
71.9102933208876
72.0758346567101
72.209867725368
72.4208941802944
72.2893153442355
72.4404522753885
72.8177618203108
72.7226094562486
72.7118875649989
72.8271100519991
73.0012880415993
73.1532304332794
73.4921843466236
73.3979474772989
73.5337579818391
73.6840063854713
73.328805108377
73.2142440867016
73.4431952693613
73.589756215489
73.6196049723912
73.872883977913
73.8955071823304
73.9500057458643
73.9666045966915
74.0502836773532
74.2900269418825
74.558821553506
74.7470572428048
74.9286457942439
75.1049166353951
75.0701333083161
75.2763066466529
75.5060453173223
75.6780362538578
75.8334290030863
75.891643202469
75.8721145619752
75.8768916495802
76.0725133196642
76.1148106557313
76.2494485245851
76.4453588196681
76.6026870557345
76.9817496445876
77.0881997156701
77.0373597725361
77.1704878180289
77.5043902544231
76.7401122035385
75.0972897628308
75.7028318102646
76.2138654482117
76.5438923585694
76.7291138868555
76.8710911094844
77.2390728875875
77.34425831007
77.659006648056
77.7330053184448
77.8737375880892
78.067856737138
78.3046853897104
78.5247483117683
76.5529986494147
75.0915989195317
74.0384791356254
73.2221833085003
72.4973466468003
73.4270773174402
74.7220618539522
73.7414494831617
73.0757595865294
74.1862076692235
73.6863661353788
72.8950929083031
72.3931743266425
72.122739461314
71.6825915690512
71.5270732552409
71.4313586041928
71.3834868833542
71.2489895066834
71.3273916053467
71.1811132842774
72.2572906274219
72.2286325019375
72.20290600155
72.21772480124
72.139779840992
71.9876238727936
71.8444990982349
71.7850992785879
71.7926794228703
71.7991435382963
71.944214830637
72.2001718645096
72.2081374916077
72.2331099932862
72.2748879946289
72.5223103957032
72.5828483165625
72.49387865325
72.2853029226
72.27034233808
72.410273870464
72.4156190963712
72.623095277097
72.9588762216776
73.1169009773421
73.1327207818737
73.2409766254989
73.3807813003991
73.6890250403193
73.7652200322555
73.8523760258044
74.0441008206435
74.3194806565148
74.3711845252118
74.6197476201695
74.8763980961356
74.9083184769085
75.3090547815268
75.3014438252214
75.4861550601772
75.6217240481417
75.7701792385134
75.9300433908107
76.0990347126486
76.1552277701189
76.2433822160951
76.3504391062094
76.4726179516342
76.6068943613074
72.5085154890459
71.2709123912367
72.3219299129894
73.0499439303915
74.0333551443132
74.8376841154506
75.2183472923605
75.4430778338884
75.6866622671107
75.6865298136886
75.9276238509509
76.3616990807607
76.7673592646086
77.1038874116869
75.6609099293495
74.2703279434796
75.0652623547837
73.4110098838269
74.5682079070616
75.5137663256493
74.3230130605194
75.3238104484155
76.1823483587324
76.927078686986
77.3184629495888
76.658970359671
75.1587762877368
74.5500876968561
74.6546034908182
75.3296827926546
74.3265462341237
72.449436987299
69.8731495898392
70.0921196718713
70.4857957374971
71.0192365899977
71.1049892719981
70.8325914175985
70.9480731340788
71.396858507263
71.2472868058104
71.5446294446484
71.7989035557187
71.811322844575
71.65405827566
71.598246620528
71.5447972964224
71.4886378371379
71.6767102697103
71.6011682157683
71.3147345726146
71.5953876580917
71.6591101264734
71.9298881011787
72.343310480943
72.4764483847544
72.6671587078035
72.6567269662428
72.4853815729943
73.1707052583954
73.2251642067163
73.2739313653731
73.3769450922985
73.5233560738388
71.642884859071
72.5739078872568
72.5621263098055
72.9641010478444
73.6970808382755
74.1627980039537
74.4147050698297
74.4955640558637
74.694651244691
74.8033209957528
74.8582567966022
74.9463054372818
75.0608443498255
74.9746754798604
75.0342403838883
75.2103923071107
75.3691138456885
75.5138910765508
75.5139128612407
75.6681302889925
75.622304231194
75.7724433849552
75.9083547079642
76.4672837663714
76.6670270130971
76.6834216104777
76.5531372883821
76.6689098307057
77.1853278645646
77.1684622916517
77.2117698333213
77.2810158666571
73.0418126933257
71.7963501546605
72.9458801237284
73.7479040989827
74.2191232791862
75.044098623349
75.6997788986792
76.2200231189433
76.4438184951547
76.6446547961237
76.833923836899
77.0139390695192
77.3947512556154
77.6192010044923
77.7185608035938
77.8246486428751
77.9665189143001
78.1022151314401
76.1841721051521
76.4621376841216
75.1153101472973
73.8730481178379
72.9102384942703
73.9563907954163
75.002112636333
75.4006401090664
75.2814120872531
74.7479796698025
73.883183735842
72.9953469886736
72.3386775909389
72.0431420727511
69.6193136582009
69.9542509265607
70.0604007412486
70.3225205929989
70.5535164743991
70.7596131795193
70.7410905436154
70.7850724348923
70.9694579479139
70.5921663583311
70.5955330866649
71.4559264693319
73.0019411754655
72.6245529403724
72.3007423522979
72.0197938818384
72.3172351054707
72.4215880843766
72.2994704675012
72.282576374001
72.3498610992008
72.3084888793607
72.3043911034885
72.3405128827908
72.3658103062327
72.5388482449861
72.5698785959889
72.5285028767911
72.7690023014329
72.6776018411463
72.7744814729171
72.9353851783336
70.7949081426669
71.2215265141335
72.7856212113068
73.5315969690455
73.6230775752364
73.6881620601891
73.7321296481513
73.968903718521
74.1103229748168
74.1278583798535
74.1058867038828
74.1963093631062
74.810947490485
75.844957992388
76.6600663939104
77.3000531151283
77.7999424921027
78.1877539936821
78.4859031949457
78.7123225559566
78.8162580447653
78.8222064358122
78.7497651486498
78.6146121189198
78.2642896951359
78.1072317561087
77.875985404887
77.8169883239096
77.8957906591277
77.9712325273021
77.8579860218417
77.9279888174734
77.8035910539787
77.977072843183
78.1488582745464
78.4015866196371
78.7190692957097
78.9094554365678
78.9981643492542
79.0851714794034
79.1708171835227
79.2553737468182
79.3390589974545
79.4220471979636
79.4720377583709
78.7534302066967
78.9421441653574
77.4017153322859
76.9918722658287
77.486497812663
