70.722
72.535
72.0828
71.91584
71.726072
71.5180576
71.53284608
71.492476864
71.5284814912
71.62558519296
71.509068154368
71.6690545234944
71.8152436187955
71.9245948950364
71.8508759160292
72.0265007328233
72.1770005862587
72.3100004690069
72.4918003752055
72.6226403001644
72.6371122401315
70.7812897921052
71.3002318336842
71.9455854669474
72.2864683735579
72.5707746988463
72.8298197590771
72.9838558072616
73.1541846458093
73.3375477166475
73.450238173318
73.6355905386544
73.3550724309235
73.5812579447388
73.6347063557911
73.5499650846328
73.5939720677063
73.419977654165
73.613982123332
73.9049856986656
74.1659885589325
74.426190847146
74.6457526777168
74.8250021421734
75.0016017137388
74.836281370991
74.8208250967928
75.0630600774343
75.2618480619474
75.1906784495579
75.1811427596463
75.3755142077171
75.6144113661737
73.9073290929389
74.7016632743511
75.1201306194809
75.4809044955847
75.7887235964678
76.0535788771742
76.2494631017394
76.4807704813915
76.4402163851132
76.5519731080906
76.7655784864725
76.951262789178
77.2534102313424
77.2809281850739
77.2085425480591
77.6376340384473
77.8733072307579
77.9313457846063
77.847276627685
78.213821302148
78.2732570417184
78.3008056333748
78.3440445066998
78.4024356053598
78.4907484842879
78.4679987874303
78.6083990299443
78.7855192239554
78.9474153791643
79.0905323033315
79.2186258426652
79.3397006741321
77.1671605393057
76.5545284314446
77.1542227451557
76.7277781961245
75.4804225568996
76.3283380455197
76.5592204364158
76.2964763491326
75.6388310793061
74.6652648634449
75.5514118907559
75.8623295126047
75.7130636100838
75.195650888067
74.6348707104536
74.0393965683629
73.4161672546903
72.7707338037523
72.1011870430018
71.7713496344015
71.4990797075212
71.5407637660169
71.8336110128135
71.7342888102508
71.8876310482007
71.8081048385606
72.0036838708484
72.1259470966788
72.278757677343
72.4872061418744
72.5863649134995
72.6312919307996
72.7694335446397
72.9045468357118
73.0374374685694
73.1719499748555
73.3077599798844
73.1682079839075
73.208966387126
73.3875731097008
73.5102584877607
73.6642067902085
74.0311654321668
74.1372323457335
74.0345858765868
74.0578687012694
74.1818949610155
74.2787159688124
74.23917277505
74.41393822004
74.333950576032
74.0151604608256
73.8757283686605
73.7095826949284
73.6566661559427
73.8638329247542
74.2790663398033
74.4208530718427
74.5234824574741
74.5243859659793
74.4439087727835
74.6241270182268
74.5233016145814
74.7322412916651
74.8417930333321
74.8448344266657
74.8786675413326
74.8851340330661
74.9819072264528
75.0367257811623
75.2781806249298
75.5371444999439
75.9161155999551
76.1344924799641
76.4451939839713
76.728155187177
77.1417241497416
77.4072793197933
77.5544234558347
77.8899387646677
77.8543510117342
78.2184808093873
78.1533846475099
78.1831077180079
78.2886861744063
77.9921489395251
78.1743191516201
78.2729886546294
78.3048575903702
78.2832860722962
78.4822288578369
78.4739830862696
78.5951864690156
78.7215491752125
76.96383934017
75.553071472136
75.0174571777088
75.1819657421671
75.9065725937336
76.6238580749869
77.1715364599895
77.5835291679916
77.8869733343933
78.1035786675146
77.9061829340117
77.3775863472094
76.5840290777675
75.578503262214
74.4034026097712
73.572722087817
73.0399776702536
72.7455821362029
72.3622657089623
72.1938125671698
71.9968500537359
72.1802800429887
72.071624034391
72.1718992275128
72.4393193820102
73.5934555056082
74.0067644044866
74.2873115235893
74.4616492188714
74.8187193750971
75.1291755000777
75.3803404000622
75.0730723200497
74.7000578560398
74.4240462848318
74.2145370278655
74.0582296222924
73.5251836978339
73.5487469582671
73.3165975666137
73.449878053291
73.4757024426328
73.6023619541062
73.7348228966183
73.8719249839613
74.0127399871691
74.1041919897353
74.2688869251215
74.4921762067639
74.7623409654111
74.8154727723289
74.8397782178631
74.8410225742905
74.6098180594324
74.8160544475459
74.4758435580367
75.1274748464294
75.4779798771435
75.8465839017148
76.3186671213719
76.7075336970975
76.713626957678
77.0857015661424
77.3370612529139
77.4918490023312
77.7458792018649
77.9511033614919
78.1546826891936
78.0451461513549
77.9803169210839
78.1005535368671
78.3688428294937
78.393874263595
78.227899410876
77.3275195287008
75.8396156229606
74.6456924983685
75.6345539986948
76.4520431989558
77.1276345591647
75.7973076473317
74.7402961178654
73.9019368942923
73.2384995154339
72.7149996123471
72.3447996898777
72.0747730852355
71.8848851348551
71.759108107884
71.6883864863073
71.6617091890458
73.1225673512367
72.8420538809893
72.6530431047915
72.4506344838332
72.3681075870665
72.3189860696532
72.2965888557226
72.0796710845781
71.7695368676625
71.52202949413
71.545823595304
71.5810588762432
71.5397471009946
71.4371976807956
71.4626581446365
71.5905265157092
71.7330212125674
71.7828169700539
71.8306535760431
71.8769228608345
71.8837382886676
72.0831906309341
72.0467525047473
72.2844020037978
73.4423216030383
74.5112572824306
75.1856058259445
75.8982846607556
76.1546277286045
76.5475021828836
76.6852017463069
76.6187613970455
77.2304091176364
77.2723272941091
77.3340618352873
77.4665494682299
77.6556395745839
77.3375116596671
76.9802093277337
76.9411007955203
77.1565473030829
77.5756378424663
77.9375769406397
78.2537948858451
78.5334359086761
78.7751487269409
78.8025189815527
75.2566151852422
75.9776921481938
76.630553718555
77.109042974844
77.4480343798752
77.7882941705668
78.1295686697868
78.4716549358294
78.7495239486636
78.9484191589309
79.0841353271447
78.7436082617157
78.0220866093726
76.9957692874981
75.7256154299985
74.7149923439988
73.911993875199
73.1963951001592
72.9519160801274
74.0015328641019
74.5108262912815
75.1608610330252
75.6842888264202
76.3548310611362
76.6828648489089
76.8510918791271
76.8914735033017
77.0015788026414
77.0606630421131
75.1841304336905
74.6867043469524
75.2925634775619
75.8298507820495
76.4658806256396
76.8041045005117
76.5676836004094
76.8825468803275
75.390237504262
74.2239900034096
73.240525336061
72.4032869355155
71.6830295484124
71.1392236387299
70.7131789109839
72.3629431287872
71.8063545030297
71.3595502690904
71.0005735486057
70.7118588388846
70.5930870711077
70.6102696568861
70.6539157255089
70.7187325804071
70.7109860643257
70.7711888514606
70.8351510811684
70.3925208649348
70.5800166919478
70.7486133535583
70.9020906828466
70.4980725462773
70.4952580370218
70.8134064296175
71.062525143694
71.2958201149552
71.5030560919642
71.6854448735713
71.8146558988571
71.9013247190857
72.0828597752685
72.1129878202148
72.0219902561719
71.8547922049375
72.14323376395
71.99658701116
72.007069608928
72.1086556871424
72.2913245497139
72.9722596397711
72.9120077118169
72.9066061694535
73.1654849355628
73.3639879484503
73.4609903587602
73.6491922870082
73.8178538296066
73.9708830636852
73.9075064509482
74.0674051607586
74.2315241286068
74.2174193028855
74.0607354423084
74.2763883538467
74.2585106830774
74.3200085464619
74.5660068371695
74.5648054697356
72.4436443757885
71.9394155006308
72.7287324005047
73.3662859204037
73.882428736323
74.3365429890584
74.6344343912467
74.8073475129974
75.1568780103979
75.4847024083183
75.5307619266547
75.5934095413237
75.766127633059
76.0269021064472
76.2525216851578
76.4632173481262
76.473973878501
76.3271791028008
76.5929432822406
76.8209546257925
76.893863700634
76.8426909605072
77.0551527684058
77.2463222147246
77.4178577717797
77.4844862174238
77.467188973939
77.5081511791512
77.653120943321
77.7083967546568
77.6919174037254
77.7201839229803
77.7842471383843
77.8769477107074
77.9925581685659
73.9706465348528
74.8503172278822
75.3414537823058
73.9727630258446
73.1498104206757
74.4528483365406
73.5898786692325
72.966702935386
72.3847623483088
71.971009878647
71.3090079029176
70.7728063223341
70.7554450578673
70.5269560462938
70.6193648370351
70.7016918696281
70.7113534957025
70.612682796562
70.5523462372496
70.6324769897997
72.3119815918397
73.7465852734718
74.3878682187774
74.394494575022
73.8933956600176
73.4834165280141
73.1463332224112
72.801066577929
72.6892532623432
70.6428026098746
71.0336420878997
71.3721136703197
71.4502909362558
71.6756327490046
71.9503728658704
72.2646316260296
72.6105053008237
72.842404240659
72.9831233925272
72.4928987140217
72.0617189712174
72.2577751769739
72.5788201415791
72.6422561132633
72.7294048906107
74.0197239124885
73.7591791299908
73.6749433039927
73.8335546431941
73.7776437145553
73.7811149716443
73.9984919773154
74.0688935818523
74.0217148654819
74.1305718923855
74.3642575139084
74.3638060111267
74.5846448089014
74.7871158471211
75.1614926776969
75.2799941421575
73.275195313726
73.5975562509808
74.1000450007847
74.5102360006277
74.8195888005022
75.1264710404018
75.3997768323214
75.6050214658571
75.7274171726857
75.9481337381486
76.1378569905189
76.3027855924151
76.4478784739321
76.5771027791457
76.9064822233165
76.7703857786532
76.9439086229226
76.9065268983381
77.0264215186705
77.2147372149364
77.1703897719491
77.1085118175593
76.9582094540474
76.736167563238
76.9873340505904
77.1738005738056
77.3085071257112
77.4018057005689
77.4857445604552
77.5621956483641
75.8377565186913
76.4668052149531
72.4810441719625
71.66283533757
70.956468270056
70.4843746160448
72.3228996928358
71.5949197542687
71.0397358034149
70.6227886427319
70.9720975808522
71.9344113980151
73.3871291184121
72.5257032947297
72.1187626357838
71.826210108627
71.6081680869016
71.3603344695213
71.054067575617
71.0208540604936
71.0520832483949
71.0692665987159
70.9316132789727
71.2128906231782
70.9551124985426
71.0980899988341
70.9998719990672
71.0990975992538
71.219278079403
71.3518224635224
71.386357970818
71.3424863766544
71.2827891013235
71.5104312810588
69.537945024847
70.0107560198776
70.3442048159021
70.6523638527217
71.0942910821773
71.3062328657419
71.4433862925935
71.7423090340748
71.8586472272599
71.9631177818079
72.0648942254463
72.3951153803571
72.3479923042856
71.9989938434285
72.2307950747428
72.3574360597943
72.5263488478354
72.8948790782683
73.0021032626147
73.3222826100917
73.2622260880734
73.5219808704587
73.612784696367
73.6770277570936
73.7626222056749
73.8794977645399
74.0823982116319
73.9575185693055
75.1050148554444
75.1738118843556
75.0772495074845
75.2415996059876
73.3898796847901
73.9681037478321
74.2124829982657
74.4433863986125
74.82250911889
75.193407295112
75.4811258360896
75.4493006688717
75.6960405350974
75.9532324280779
76.3551859424623
76.2529487539699
76.1655590031759
76.0900472025407
76.3518377620326
76.3620702096261
76.4378561677009
76.7032849341607
76.8540279473285
76.8862223578628
77.1189778862903
77.3315823090322
77.5280658472258
77.6440526777806
77.6930421422245
77.6884337137796
77.8777469710237
77.868597576819
77.6564780614552
75.9497824491641
76.3692259593313
74.7521807674651
74.5191446139721
75.3933156911776
75.8680525529421
76.4034420423537
77.018953633883
77.4566629071064
77.7521303256851
75.9751042605481
74.4318834084385
73.3913067267508
72.7894453814006
68.8109563051205
69.2921650440964
69.5627320352771
71.5489856282217
71.4157885025774
71.3048308020619
71.0734646416495
71.0031717133196
71.0617373706557
71.2877898965246
71.0418319172197
71.1404655337757
71.0543724270206
71.0225979416165
71.0342783532932
71.2472226826346
71.2133781461077
71.2317025168861
71.2673620135089
71.3168896108071
71.5655116886457
71.4142093509166
71.6681674807332
71.6537339845866
71.7029871876693
71.4877897501354
71.5642318001084
71.8739854400867
72.1879883520694
72.3059906816555
72.4759925453244
72.7407940362595
72.7646352290076
72.7825081832061
72.9180065465649
72.9432052372519
72.9927641898015
73.0518113518412
73.344849081473
73.5878792651784
73.8229034121427
74.0209227297142
74.1939381837714
74.1613505470171
73.8264804376137
73.7225843500909
74.0300674800728
74.3260539840582
74.3304431872466
74.3213545497973
74.5362836398378
74.7556269118703
74.9785015294962
75.2853345569303
75.6593343122109
76.0870674497687
75.800253959815
75.969803167852
76.1390425342816
76.0138340274253
76.0706672219403
75.8688337775522
75.4600670220418
75.5808536176334
75.8672828941068
75.9614263152854
76.2135410522283
76.4534328417827
76.7089462734261
76.8840570187409
76.9948456149927
77.4302764919942
77.3508211935954
77.5276569548763
77.150525563901
77.2516204511208
77.2736963608967
77.3423570887173
77.6200856709739
77.6522685367791
75.6850148294233
75.8802118635386
76.3603694908309
76.9144955926647
77.3782964741318
77.7698371793054
78.1284697434443
77.5765757947555
77.7248606358044
75.9033885086435
72.5061108069148
71.9802886455319
71.4122309164255
71.1387847331404
72.6470277865123
74.0538222292099
74.4463577833679
74.0274862266943
74.7981889813555
74.5451511850844
73.4731209480675
72.715096758454
72.4068774067632
71.9835019254106
71.9016015403285
71.5972812322628
71.3466249858102
71.2340999886482
71.1440799909185
71.3090639927348
71.3334511941879
71.3047609553503
71.2327420976136
71.1260603447575
70.991648275806
71.0899186206448
71.3743348965159
71.4780679172127
71.5496543337702
71.7049234670161
71.9271387736129
71.8291110188903
71.9585888151123
72.2700710520898
72.2104568416719
72.4353654733375
72.67259237867
72.919673902936
73.1285391223488
73.260031297879
73.2380250383032
73.2726200306426
73.4426960245141
73.5732568196113
73.672205455689
73.7458643645512
73.799291491641
73.8424331933128
73.8773465546502
73.9324772437202
73.9153817949762
73.9981054359809
74.0976843487848
74.1855474790278
74.2640379832223
75.3020303865778
75.2206243092622
75.2346994474098
75.3251595579278
74.9785276463423
75.2410221170738
75.2238176936591
75.4830541549273
75.7154433239418
71.7935546591535
72.7888437273228
73.5874749818582
74.2733799854866
74.8393039883893
74.6970431907114
75.0054345525691
75.2873476420553
75.4418781136443
76.2769024909154
76.2357219927323
76.5621775941859
76.8399420753487
77.098353660279
77.3298829282232
77.4495063425785
77.4955050740628
77.4826040592503
77.4634832474002
77.5071865979202
77.6707492783361
77.9301994226689
77.9777595381351
77.8120076305081
77.0736061044065
75.8770848835252
74.3140679068202
73.3414543254561
72.5879634603649
73.7489707682919
74.4673766146335
73.5923012917068
70.3352410333655
70.3215928266924
72.1442742613539
73.5288194090831
74.6945555272665
75.6852444218132
74.4795955374506
75.4040764299605
76.2706611439684
75.1369289151747
74.1381431321398
75.2533145057118
74.4504516045695
73.8011612836556
69.1079290269245
67.3881432215396
68.0471145772317
68.5852916617853
69.0504333294283
69.4465466635426
69.9784373308341
70.4085498646673
70.8204398917338
71.1617019133871
71.4464615307097
71.6860192245677
71.8894153796542
72.0773323037234
72.2528658429787
72.4184926743829
72.5799941395064
71.6219953116051
69.7683962492841
70.2603169994273
70.6660535995418
72.0032428796334
72.3147943037068
72.2598354429654
72.6002683543723
72.6622146834979
72.9717717467983
73.1349173974386
73.1809339179509
73.3205471343607
73.5350377074886
73.5728301659909
73.5987641327927
73.6152113062342
73.6240690449874
73.6268552359899
73.8798841887919
74.1233073510335
74.3590458808268
74.5886367046615
74.6543093637292
74.5888474909833
74.8470779927867
75.0582623942293
75.1760099153835
75.0452079323068
75.1353663458454
75.2178264100097
75.2941277946744
75.3655022357395
73.2210017885916
73.9652014308733
74.7241611446987
75.1933289157589
75.5693031326071
75.8707225060857
76.1124980048686
76.3065584038949
76.4624467231159
76.4617573784927
76.7434059027942
76.7757247222353
76.7379797777883
77.0391838222306
77.1925470577845
77.2276376462276
77.4823101169821
77.2342480935857
77.3127984748685
76.7400387798948
76.9572310239159
77.3351848191327
77.6741478553062
77.7625182842449
77.997814627396
78.0828517019168
76.2122813615334
74.7188250892268
73.5086600713814
72.5440280571051
71.7758224456841
70.2921579565473
68.2361263652378
70.4321010921903
70.4066808737522
70.4113446990018
70.3000757592014
70.1810606073611
70.0902484858889
70.4467987887111
70.3420390309689
70.4614312247751
70.5935449798201
70.5870359838561
70.7732287870849
70.9399830296679
71.0835864237343
71.9384691389875
73.36237531119
73.698200248952
73.1635601991616
72.9542481593293
72.5241985274634
72.2545588219707
72.0836470575766
72.1211176460613
72.510094116849
73.4360752934792
74.0340602347834
74.4522481878267
74.8477985502614
75.3954388402091
75.6289510721673
76.0199608577338
76.4089686861871
76.4655749489497
76.6298599591597
76.9632879673278
77.2890303738622
77.3176242990898
77.5112994392718
77.6306395514175
77.761311641134
77.0437159795739
75.6475061169924
73.708404893594
72.6091239148752
73.6084991319001
74.5543993055201
75.3339194444161
75.8957355555329
76.5559884444263
77.035090755541
77.3692726044329
75.9048180835463
74.766054466837
73.6608435734696
72.9029748587757
72.4229798870206
72.2387839096165
71.9182271276932
73.4093817021545
72.8079053617236
73.8523242893789
74.0030594315031
73.4388475452025
72.907278036162
72.4018224289296
72.2362579431437
72.109606354515
72.034685083612
72.0011480668896
71.6887184535117
71.5673747628093
70.9909998102475
70.050599848198
68.8189798785584
67.3543839028467
68.4137071222774
69.2839656978219
69.9809725582575
70.725178046606
70.9893424372848
71.4028739498279
71.5512991598623
71.6740393278898
71.8136314623119
71.9667051698495
72.1098641358796
72.2450913087037
72.4573730469629
72.7312984375704
73.0258387500563
73.2723376667117
73.4804034667027
73.6577227733622
73.6115782186897
73.3866625749518
73.3329300599614
73.4161440479691
73.6089152383753
73.8741321907003
74.0062057525602
74.0317646020482
74.1218116816385
74.4060493453108
74.4288394762487
74.6250715809989
74.6590572647991
70.8942458118393
71.7161966494715
72.3835573195772
72.9398458556617
73.6028766845294
73.9453013476235
74.4666410780988
68.6407128624791
67.0596702899832
68.8745362319866
70.2344289855893
71.4161431884714
72.3633145507771
73.1246516406217
73.6537213124974
73.7473770499979
73.4927016399983
74.1233613119987
74.6706890495989
75.1167512396791
75.1778009917433
75.3554407933947
75.6263526347157
76.1614821077726
76.6120523528847
76.9949752156411
77.3237801725129
77.6014241380103
77.7727393104083
77.8923914483266
77.6715131586613
77.647410526929
73.6541284215432
72.5984027372346
73.8927221897877
73.0261777518301
72.3331422014641
71.6181137611713
72.950491008937
72.3199928071496
71.8891942457197
71.1593553965758
70.8574843172606
72.3473874538085
73.8549099630468
73.2171279704374
72.54890237635
72.21712190108
71.743497520864
71.5565980166912
71.223878413353
70.9325027306824
72.6406021845459
74.0229817476367
75.1447853981094
74.2146283184875
73.60740265479
73.258522123832
73.0286176990656
72.7601941592525
72.460955327402
73.9625642619216
73.4162514095373
73.1988011276298
70.8832409021039
71.1283927216831
71.4087141773465
71.5311713418772
71.6292704068351
71.7078829921347
71.7709063937078
71.8871251149662
72.206500091973
72.2136000735784
72.2882800588627
72.3098240470902
72.1680592376722
72.3352473901377
72.5339979121102
72.8757983296882
73.3112386637505
73.4483909310004
73.3469127448003
73.3875301958403
73.6488241566722
73.8818593253378
74.0368874602702
74.2037099682162
74.286367974573
74.2244943796584
74.2157955037267
74.4720364029814
74.6904291223851
74.7913432979081
74.6560746383265
72.7059597106612
69.3039677685289
68.6391742148232
70.1641393718585
71.0933114974868
72.0118491979895
72.9218793583916
73.6647034867133
74.0933627893706
74.6158902314965
75.1181121851972
74.9928897481578
75.1545117985262
75.489009438821
75.3662075510568
75.8103660408454
75.8194928326764
76.2007942661411
76.4194354129129
76.5079483303303
76.3891586642642
76.7293269314114
77.0296615451291
77.2981292361033
77.5427033888826
77.6598627111061
77.6750901688849
75.9210721351079
74.2104577080863
73.1627661664691
74.2996129331753
75.0478903465402
75.6957122772322
72.2201698217857
71.6885358574286
71.2594286859429
71.9353429487543
73.4952743590034
74.7950194872028
73.8494155897622
72.9073324718098
72.3312659774478
73.4830127819583
72.7984102255666
72.0819281804533
73.4407425443626
72.9131940354901
72.5755552283921
72.2510441827137
72.0231353461709
71.8725082769368
71.4842066215494
71.4649652972395
71.4838722377916
71.5332977902333
71.5670382321866
71.6328305857493
71.6688644685995
71.7618915748796
71.8351132599037
71.7104906079229
71.8609924863383
71.9937939890707
71.9268351912565
72.0662681530052
70.1518145224042
70.7074516179234
70.9857612943387
71.177009035471
71.3978072283768
71.8576457827014
71.9889166261611
72.1199333009289
72.2049466407431
72.2531573125945
72.3325258500756
72.4238206800605
72.6340565440484
72.9464452352387
73.025956188191
73.5027649505528
73.6136119604422
73.3180895683538
73.544471654683
73.7103773237464
73.7943018589971
74.0276414871977
74.2523131897582
74.4510505518065
74.6228404414452
74.3268723531562
73.9604978825249
73.75059830602
73.837678644816
74.1623429158528
74.4600743326822
74.3984594661458
72.8213675729166
73.3348940583333
73.6541152466666
74.1800921973333
74.4820737578667
74.7468590062933
75.1044872050347
75.3953897640277
75.6363118112222
75.6396494489777
75.5909195591822
75.9443356473458
76.2092685178766
76.2834148143013
76.277331851441
70.6298654811528
72.2312923849223
73.1050339079378
73.8108271263503
74.6792617010802
75.3322093608642
75.9677674886914
76.6202139909531
76.8279711927625
77.20577695421
77.719621563368
77.8892972506944
78.0976378005555
78.0839102404444
78.1213281923555
76.1690625538844
74.8422500431076
73.750600034486
72.8546800275888
72.0431440220711
71.3937152176569
70.8848721741255
70.4884977393004
70.5605981914403
70.2248785531523
70.0395028425218
69.9418022740175
69.905441819214
70.0883534553712
70.0116827642969
70.2015462114376
71.58483696915
71.46406957532
71.295655660256
71.1155245282048
71.0036196225639
70.8410956980511
70.8240765584409
70.6566612467527
70.8921289974022
71.1445031979218
71.3513025583374
71.5216420466699
71.4871136373359
71.4792909098688
71.489832727895
71.515066182316
71.7634529458528
71.6733623566822
71.7488898853458
72.0201119082766
72.2520895266213
72.3288049546304
72.281310630371
72.1344485042968
72.4325588034374
72.34244704275
71.9417576342
72.37020610736
72.506564885888
72.6036519087104
72.6862215269683
72.7571772215747
72.8223417772597
73.0283734218078
73.3470987374462
73.510278989957
73.6670231919656
73.7460185535725
74.029614842858
74.2534918742864
74.4045934994291
74.1018747995433
74.3880998396346
74.5376798717077
74.5981438973662
74.3353151178929
74.2997520943144
74.4460016754515
74.7940013403612
75.080401072289
75.1405208578312
75.0196166862649
75.015693349012
75.3613546792096
75.4544837433677
75.5576869946941
75.6689495957553
71.7697596766043
70.6651077412834
71.7960861930267
72.6964689544214
73.4713751635371
74.2115001308297
74.7222001046638
74.948960083731
75.4491680669848
75.9587344535879
76.1939875628703
76.6215900502962
76.980672040237
77.0893376321896
77.3820701057517
77.4610560846014
77.5492448676811
77.8079958941449
78.0429967153159
77.8653973722527
77.7929178978022
77.8045343182417
78.1150274545934
76.4130219636747
76.8406175709398
77.1808940567518
75.7033152454015
74.5840521963212
73.688041757057
72.7750334056456
72.0680267245164
70.6189213796132
68.5761371036905
70.7107096829524
70.6315677463619
70.2582541970896
71.8850033576716
71.4256026861373
70.8380821489099
70.8484657191279
70.8683725753023
70.9388980602419
71.5707184481935
72.6515747585548
74.0916598068439
74.3652278454751
73.7055822763801
73.345065821104
73.1258526568832
72.8341821255066
72.4845457004053
72.3148365603242
72.2890692482594
72.3784553986075
72.414764318886
72.5352114551088
72.5711691640871
72.5395353312696
72.4538282650157
72.4448626120126
72.5856900896101
72.6817520716881
72.8822016573504
73.0693613258804
71.1854890607043
70.7155912485634
71.3768729988508
71.9246983990806
72.2121587192645
72.3795269754116
72.8098215803293
72.9860572642634
73.2408458114108
73.5584766491286
73.7341813193029
73.9463450554423
74.1876760443539
74.1757408354831
74.1347926683865
74.0977341347092
74.0637873077674
74.0230298462139
74.3606238769711
74.6474491015769
74.8936592812615
75.1073774250092
75.2951019400074
75.4200815520059
75.5663985749381
75.7297855266171
75.9068284212937
76.045862737035
76.200490189628
75.9961921517024
76.1985537213619
76.3568429770895
72.2996743816716
73.3265395053373
74.0514316042699
74.7224452834159
75.3503562267327
75.8627849813862
76.2828279851089
76.6289623880871
76.9159699104697
77.1351759283758
77.3639407427006
77.5658525941605
77.7462820753284
76.8290256602627
75.0336205282102
75.5350964225681
69.9156771380545
68.4765417104436
70.3816333683549
71.6865066946839
73.1960053557471
74.4524042845977
75.3872234276782
76.0647787421426
74.601022993714
73.4512183949712
72.552574715977
73.8186597727816
74.2643278182253
74.0536622545802
73.3179298036642
74.3057438429313
71.7725950743451
71.3720760594761
71.0734608475808
71.0701686780647
70.8539349424517
70.7194479539614
70.6503583631691
70.5950866905353
72.4700693524282
72.0288554819426
71.9624843855541
71.6689875084433
71.5433900067546
71.8251120054037
71.691889604323
71.3079116834584
71.5183293467667
71.7230634774134
71.6962507819307
71.6760006255446
71.7691005004357
71.9528804003485
71.9545043202788
72.1678034562231
72.3866427649785
72.5101142119828
72.5572913695862
72.748833095669
72.9214664765352
73.0789731812282
73.1905785449825
73.091662835986
71.0169302687888
70.4025442150311
70.9564353720249
71.4287482976199
71.8409319714293
72.2050122438101
72.5306097950481
72.9342878360385
73.4004302688308
73.6825442150646
73.8969353720517
74.0571482976413
73.9929186381131
73.9211349104905
73.6587079283924
74.0301663427139
74.4753330741711
74.9794664593369
74.9187731674695
74.8256185339756
74.7244948271805
74.6587291950777
74.6212500227288
74.6064000181831
74.8787200145465
75.0185760116372
75.1738608093097
75.5270886474478
75.8304709179582
76.0908434010333
76.3168080541599
76.515246443328
72.6803971546624
73.6989177237299
74.2489341789839
75.1671473431871
75.5149178745497
75.6689342996398
75.9695474397118
76.4314379517695
76.8067503614156
76.9926002891325
77.267280231306
75.5132241850448
76.0587793480358
76.4126234784287
76.7900321160763
77.1862923595277
77.5976338876222
77.7523071100977
77.7016456880782
76.0503165504626
74.8854532403701
75.356562592296
74.0544500738368
74.8197600590695
73.8474080472556
73.0779264378045
72.3171411502436
71.7212129201949
71.2571703361559
70.9089362689247
70.6393490151398
70.6632792121118
68.6728233696895
69.1098586957516
69.6968869566013
69.988509565281
70.4020076522248
70.9800061217799
70.8646048974239
70.9936839179391
71.0963471343513
71.053277707481
70.9622221659848
71.1467777327879
71.1312221862303
70.8739777489843
71.0316821991874
71.5213457593499
71.93087660748
72.056101285984
71.9446810287872
72.1003448230298
72.2738758584238
72.3458006867391
72.3364405493913
72.427552439513
72.6168419516104
72.9852735612883
72.9116188490307
72.8778950792245
72.8689160633796
73.0641328507037
73.453506280563
73.0500050244504
71.3190040195603
72.1360032156482
72.5704025725186
72.5097220580149
72.7323776464119
73.0379021171295
73.4097216937036
73.7189773549629
73.6717818839703
73.7752255071763
73.783780405741
73.7164243245928
73.8067394596743
74.3343915677394
74.5847132541915
74.8235706033532
74.8406564826826
75.0161251861461
74.9715001489169
74.9296001191335
75.0264800953068
74.8663840762455
75.2103072609964
75.5188458087971
75.1388766470377
75.4773013176302
75.5222410541041
75.8103928432833
75.8955142746266
76.0812114197013
76.3473691357611
76.5834953086089
74.6401962468871
75.1131569975097
75.5105255980077
75.6508204784062
76.129656382725
76.23492510618
76.384540084944
74.5236320679552
74.5017056543642
75.0633645234913
75.7580916187931
74.1772732950345
73.1022186360276
74.2179749088221
75.0025799270577
75.7880639416461
76.3118511533169
74.7522809226535
74.5742247381228
75.5013797904983
76.2477038323986
75.8874630659189
74.6419704527351
73.6159763621881
69.6603810897505
69.4809048718004
69.3992238974403
69.3957791179523
69.6650232943618
71.3824186354895
71.2675349083916
71.2012279267133
71.1667823413706
70.9472258730965
70.9795806984772
71.0411645587818
71.1261316470254
71.0009053176203
70.9339242540963
71.273139403277
71.1409115226216
71.1375292180973
70.9602233744778
70.8867786995823
70.8970229596658
71.0508183677327
71.3194546941861
71.3607637553489
71.6496110042791
72.1736888034233
72.3363510427387
72.5226808341909
72.6667446673527
72.7183957338822
72.6961165871058
72.3980932696846
72.3651746157477
72.5443396925982
72.7402717540785
72.5088174032628
72.4562539226103
72.1798031380882
72.1308425104706
72.0932740083765
72.1754192067012
72.3729353653609
72.4603482922888
72.526478633831
72.7239829070648
72.6879863256518
72.8899890605215
73.0733912484172
72.9101129987338
72.854090398987
72.9152723191896
73.1868178553517
73.4286542842814
73.5289234274251
73.1285387419401
73.0366309935521
73.3737047948417
73.4511638358733
73.5031310686987
71.4813048549589
72.0106438839672
72.4767151071737
72.924772085739
73.3787176685912
73.837374134873
74.0232993078984
74.1771394463187
74.3053115570549
75.224249245644
75.9434993965152
76.5029995172121
76.9445996137697
77.3640796910158
77.7658637528126
78.0825576689168
78.3311794684668
78.5253435747734
78.7166081931521
78.9055532211883
79.0926425769507
77.8385140615605
76.6590112492484
75.5596089993987
75.562887199519
76.4483097596152
75.0562478076922
74.7331982461537
74.487258596923
74.3030068775384
73.9927055020307
73.5815644016246
73.0732515212997
72.8930012170397
72.9872009736318
73.8347607789054
73.5452086231244
73.5313668984995
73.7380935187996
73.5596748150397
71.2427398520317
71.9893918816254
72.2165135053003
72.4656774709069
72.7324753100589
73.0133802480471
73.4917041984377
73.4379633587502
73.4259706870001
73.4473765496001
74.3755012396801
75.3476009917441
74.4150807933953
73.8270646347162
73.253651707773
72.4875213662184
72.2100170929747
71.7200136743798
71.4500109395038
71.3560087516031
71.4028070012825
71.452045601026
71.5032364808208
71.5409891846566
71.1711913477253
71.3589530781802
69.5441624625442
68.9797299700354
69.4155839760283
69.8066671808226
70.0326337446581
70.1265069957265
70.3497055965812
70.676364477265
70.944091581812
71.1780732654496
71.4788586123597
71.8330868898877
71.8314695119102
71.9489756095282
72.4471804876225
72.716544390098
72.9574355120784
73.1635484096627
73.2554387277302
73.2559509821842
73.4255607857473
73.7666486285979
73.8891189028783
74.2298951223027
73.8499160978421
73.8475328782737
74.058826302619
74.3604610420952
74.5227688336761
74.2776150669409
74.3004920535527
74.5371936428422
70.7383549142737
69.722083931419
70.9318671451352
71.4558937161082
72.0281149728865
72.8112919783092
73.4802335826474
73.8477868661179
74.2967628262277
74.8108769276488
75.3771015421191
75.6486812336953
75.6845449869562
75.767835989565
76.024068791652
76.1978550333216
76.1830840266573
76.2129672213258
76.2785737770606
76.5168590216485
76.5524872173188
76.8211897738551
76.997751819084
77.2190014552672
77.2150011642138
77.308600931371
77.4802807450968
77.5640245960775
77.128819676862
77.2166557414896
77.6549245931917
77.1856396745533
75.9903117396427
75.7496493917141
75.2799195133713
74.9013356106971
75.7562684885577
74.3308147908461
75.3962518326769
75.9580014661415
76.4245011729132
76.8148009383306
75.3590407506645
74.3346326005316
73.5348060804253
72.9146448643402
72.4139158914722
72.0065327131777
73.1402261705422
73.2787809364338
72.621224749147
72.4977797993176
73.7216238394541
73.3434990715633
73.0579992572506
72.7241994058005
72.4408928579737
72.1979809530457
71.9873847624365
71.8965078099492
71.9092062479594
71.6909649983675
71.806571998694
71.9729575989552
72.1799660791642
72.1465728633313
72.4356582906651
72.2249266325321
72.2593413060256
72.1936730448205
70.3421384358564
70.8941107486851
71.3608885989481
71.7595108791585
72.3961420366601
73.2231802959948
74.2025442367958
74.0928353894367
73.8350683115493
73.6722546492395
73.4724037193916
73.4625229755133
73.7174183804106
73.8487347043285
73.9855877634628
74.1046702107703
74.0381361686162
73.823108934893
73.7472871479144
73.7828297183315
73.9074637746652
74.0127710197322
74.4832168157857
74.6977734526286
75.0692187621029
75.2075250096823
75.1593200077459
74.9619060061967
74.6451248049574
75.4700998439659
75.8812798751727
75.9614239001382
75.7767391201105
75.4171912960884
75.2138863702041
75.1355757628299
75.157260610264
72.9336084882112
73.1930867905689
73.5142694324552
73.8848155459641
74.2948524367713
74.150281949417
74.8504255595336
74.6107404476269
74.9543923581015
74.6837138864812
74.672171109185
74.867936887348
75.0479495098784
75.2153596079027
75.1820876863222
75.3692701490578
75.5334161192462
75.706332895397
75.6286663163176
75.2513330530541
75.3402664424433
75.3940131539546
75.2988105231637
75.427848418531
75.6520787348248
76.0072629878598
76.4672103902879
76.8560683122303
77.1880546497842
76.6140437198274
76.8474349758619
77.0361479806895
73.1625183845516
74.1414147076413
74.7279317661131
75.2762454128904
75.7939963303124
76.2566970642499
76.6753576513999
77.2924861211199
77.529988896896
77.7863911175168
77.9633128940134
78.1828503152107
78.2200802521686
78.1732642017349
78.0592113613879
78.3403690891103
77.5951952712883
76.0289562170306
75.7897649736245
76.6122119788996
76.8435695831197
77.1414556664958
77.4925645331966
77.8202516265573
77.9492013012458
77.2822610409967
75.9786088327973
74.9529870662379
74.1497896529903
73.5116317223922
72.8317053779138
72.277364302331
70.0686914418648
70.3597531534919
71.1876025227935
71.2826820182348
71.3893456145878
71.4198764916703
71.3895011933362
71.310400954669
71.4141207637352
71.5606966109882
71.3623572887905
71.5650858310324
71.5766686648259
71.7481349318608
71.9041079454886
72.1080863563909
72.0936690851127
72.2945352680902
72.4618282144721
72.6022625715777
72.5792100572622
72.5543680458097
72.7358944366478
72.8715155493182
72.9704124394546
73.1137299515637
73.292583961251
73.4598005023341
73.617707068534
73.7681656548272
73.2483991905284
72.1924526857561
70.7075621486048
71.3388497188839
72.1942797751071
72.5170238200857
73.0378190560685
73.5022552448548
73.6810041958839
73.8204033567071
73.8815226853657
73.8654181482926
73.9620345186341
74.1488276149072
74.4780620919258
74.7820496735407
74.9951397388325
75.135511791066
75.1998094328528
75.1684475462823
75.2563580370258
75.5516864296207
75.8205491436965
76.0682393149572
76.2717914519658
76.4600331615726
76.6392265292581
76.7841812234065
76.5267449787252
76.4705293163135
76.5752901197175
76.808832095774
75.0026656766192
75.5569325412953
71.7705460330363
73.101436826429
74.2983494611432
75.0970795689146
75.5772636551317
76.0018109241053
76.4444487392843
76.7357589914274
77.1056071931419
75.4694857545136
74.1809886036109
73.2079908828887
72.435592706311
71.8549741650488
71.427779332039
72.0993234656312
73.649858772505
72.599287018004
73.6916296144032
72.9891036915226
72.2142829532181
71.8322263625745
71.3767810900596
71.1434248720477
71.0577398976381
70.6497919181105
70.7090335344884
70.7512268275907
70.7797814620726
70.8724251696581
70.6805401357264
71.0294321085812
69.1349456868649
69.428156549492
69.8721252395936
70.0825001916749
70.3390001533399
70.6610001226719
70.8584000981375
71.11732007851
71.372256062808
71.8064048502464
72.3833238801971
72.4392591041577
72.2652072833262
72.1709658266609
72.1879726613288
72.293978129063
72.4711825032504
72.6331460026003
72.7829168020803
72.9569334416642
72.9893467533314
73.1534774026651
74.0861819221321
73.7029455377057
73.6805564301646
73.8028451441317
74.2142761153053
74.8570208922443
75.0790167137954
74.9644133710363
74.4203306968291
74.2758645574633
74.2877916459706
74.4248333167765
73.7470666534212
74.106053322737
74.5330426581896
74.765367459885
74.8419606345747
74.7939685076597
74.9819748061278
75.1585798449022
75.0124638759218
75.0685711007374
75.22725688059
75.256405504472
75.4955244035776
75.6864195228621
75.8725356182897
75.7866284946317
75.9663027957054
76.1742422365643
76.3419937892515
76.4899950314012
76.6311960251209
76.2501568200967
76.4765254560774
76.6986203648619
76.3844962918895
76.4663970335116
76.7335176268093
76.7666141014475
76.852891281158
77.0541130249264
75.0688904199411
75.6865123359529
76.2428098687623
76.7174478950099
77.1267583160079
77.6154066528063
77.6605253222451
75.7008202577961
74.5826562062368
73.4991249649895
74.6326999719916
75.5015599775933
76.3982479820746
76.8187983856597
77.1672387085278
77.0583909668222
77.3517127734578
75.9151702187662
74.796136175013
73.9311089400104
73.4122871520083
72.8512297216067
72.7339837772853
72.2041870218283
71.9495496174626
71.7488396939701
71.6063717551761
71.5104974041409
72.8179979233127
73.9183983386502
73.1751186709201
74.5054949367361
73.9605959493889
73.1852767595111
72.9332214076089
72.6465771260871
72.2542617008697
72.1912093606958
72.0829674885566
71.9323739908453
72.2694991926762
72.299799354141
72.2996394833128
72.3235115866502
72.4356092693202
72.4220874154562
72.4712699323649
72.5706159458919
72.4762927567136
72.8670342053709
72.9988273642967
73.0162618914374
73.2024095131499
73.2550276105199
73.2008220884159
73.3158576707328
73.3454861365862
73.537988909269
73.6883911274152
73.9246129019321
74.2294903215457
74.3787922572366
74.5032338057893
74.6017870446314
74.6828296357051
74.9638637085641
74.9726909668513
75.028652773481
75.1223222187848
75.0736577750279
75.0999262200223
75.2443409760178
75.2930727808143
75.2554582246514
75.3445665797211
75.5350532637769
75.4996426110215
75.7633140888172
75.6396512710538
75.866921016843
76.0349368134744
76.0097494507796
76.2057995606236
76.3843396484989
76.5488717187991
77.0490973750393
76.9050779000314
77.0244623200252
77.1379698560201
77.4691758848161
77.3459407078529
77.4789525662823
77.5987620530259
77.5114096424207
77.6771277139366
77.7921021711493
77.9220817369194
78.2682653895355
78.1774123116284
78.2941298493027
78.3939038794422
78.4969231035538
76.514338482843
75.2630707862744
73.8908566290196
73.2112853032156
73.3490282425725
74.140622594058
73.2618980752464
72.5265184601971
72.0246147681577
72.5071918145262
73.7773534516209
73.1070827612968
72.5526662090374
73.6773329672299
73.2178663737839
72.8086930990272
72.3925544792217
72.0796435833774
71.8493148667019
71.6724518933615
71.7732615146892
72.0962092117514
71.9649673694011
71.8675738955209
72.0110591164167
73.5606472931334
73.9594178345067
73.4375342676054
72.9162274140843
72.5517819312674
72.502625545014
72.2907004360112
72.5417603488089
70.5058082790472
70.9466466232377
71.1049172985902
71.3335338388721
71.6184270710977
71.2949416568782
71.3161533255026
71.3959226604021
71.7017381283217
71.8205905026573
71.9978724021259
72.0598979217007
72.4231183373606
72.7070946698885
73.0068757359108
73.1369005887286
73.3699204709829
73.3495363767863
73.4742291014291
73.7149832811433
73.8767866249146
74.2078292999317
74.3370634399454
74.3807507519563
74.356000601565
74.438400481252
74.6065203850016
74.7564163080013
74.753533046401
74.6274264371208
74.7049411496967
72.7230529197574
69.0936423358059
70.4885138686447
71.6524110949158
72.5763288759326
73.7456631007461
74.2771304805969
74.7963043844775
75.218543507582
75.5632348060656
76.0171878448525
76.122350275882
76.2492802207056
76.3768241765645
76.5048593412516
76.6492874730013
77.050429978401
77.3697439827208
77.6435951861767
77.9064761489413
77.9221809191531
77.7401447353224
77.854515788258
78.0144126306064
77.6603301044851
77.7812640835881
77.9159446002038
78.0616223468297
78.2160978774638
77.359878301971
75.6951026415768
76.4868821132615
76.9055056906092
73.4072045524873
72.6324636419899
74.0365709135919
74.7699767308735
74.9668213846988
74.7344171077591
74.1586136862073
73.3080909489658
72.7128727591727
71.9784982073381
71.6615985658705
71.3720788526964
71.9882630821571
73.3290104657257
72.6276083725806
72.1040866980645
72.2960693584516
71.8736554867613
71.710324389409
71.8530595115272
71.7813476092218
71.5380780873774
71.3692624699019
71.3278099759216
71.4550479807372
71.5707383845898
71.6771907076719
71.7979525661375
71.86096205291
71.877769642328
72.0020157138624
71.9172125710899
69.722770056872
70.1618160454976
70.9238528363981
71.2682822691184
71.6334258152948
71.7609406522358
71.8627525217887
72.1978020174309
72.2798416139447
72.5824732911558
72.8171786329246
72.7833429063397
73.2148743250718
73.3904994600574
73.2935995680459
73.1114796544368
73.5323837235494
73.7247069788395
73.9189655830716
74.1047724664573
74.0412179731659
73.7541743785327
74.0079395028262
74.2492516022609
74.4806012818087
74.680631025447
74.8556048203576
75.0105338562861
75.1494270850289
75.2723416680231
75.2176733344185
75.3919386675348
71.4389509340278
72.3863607472223
72.8706885977778
73.4852508782223
74.2040007025778
74.6915005620623
74.9940004496498
75.1740003597199
75.4532002877759
75.7867602302207
75.8648081841766
76.3166465473413
76.519517237873
76.8924137902984
77.0061310322387
76.834504825791
76.7476038606328
77.1436830885063
77.084146470805
77.666517176644
77.7842137413152
77.8871709930522
77.9725367944418
78.0902294355534
78.2059835484427
78.3449868387542
78.2701894710033
78.2407515768027
76.4256012614422
76.7236810091537
77.232344807323
75.6057758458584
72.2710206766867
71.7286165413494
73.2634932330795
74.5805945864636
74.7652756691709
74.0440205353367
73.1928164282694
72.5489531426155
72.0709625140924
71.6125700112739
71.2640560090191
71.0034448072153
70.8131558457723
70.8773246766178
70.6954597412942
70.7227677930354
70.7460142344283
70.5994113875427
70.6473291100341
70.7096632880273
70.7139306304218
70.8305445043375
71.00363560347
71.189908482776
71.3867267862208
71.5585814289767
71.6397651431813
71.6484121145451
71.6909296916361
71.7605437533089
71.9580350026471
72.3038280021177
70.3150624016941
70.8812499213553
71.2253999370843
71.4095199496674
71.7412159597339
72.1113727677871
72.4470982142297
72.4892785713838
72.676622857107
72.7110982856856
72.7844786285485
72.9617829028388
73.222226322271
73.2543810578168
73.3119048462535
73.5601238770028
73.8112991016022
73.9468392812818
73.8500714250254
73.8888571400203
74.1336857120163
73.995348569613
74.2386788556904
74.2891430845523
74.5617144676419
74.6005715741135
74.6512572592908
74.7722058074326
74.9999646459461
75.1657717167569
74.9180173734055
74.9676138987244
73.1638911189795
74.0029128951836
74.4409303161469
74.8290942529175
75.177375402334
75.4937503218672
75.7846002574938
75.945980205995
76.003784164796
76.3032273318368
76.5559818654695
76.5961854923756
76.8341483939005
77.0397187151204
77.2229749720963
77.378579977677
77.5444639821416
77.6669711857133
78.0157769485706
76.5512215588565
76.9455772470852
77.2178617976682
77.3244894381345
77.5075915505076
77.4798732404061
77.8124985923249
78.0875988738599
78.1308790990879
78.2773032792704
78.5062426234163
76.553194098733
76.9939552789864
75.5577642231892
74.2572113785513
73.2369691028411
72.5326419489395
72.081046892485
71.831637513988
73.2843100111904
74.4811480089523
75.4733184071619
74.3592547257295
73.4808037805836
72.8220430244669
72.4662344195735
71.9895875356588
71.8322700285271
71.7788160228217
71.9600528182573
71.9186422546059
71.3525138036847
71.6018110429478
71.6888488343582
71.5814790674866
71.5002832539893
71.4400266031914
71.8584212825531
71.9197370260425
72.079989620834
72.0513916966672
72.1987133573338
72.385170685867
72.1465365486936
72.3680292389549
72.5644233911639
72.7345387129312
72.6090309703449
72.7974247762759
72.9865398210208
73.1762318568166
73.3481854854533
73.2977483883626
73.4803987106901
73.5859189685521
73.2939351748417
73.5735481398733
73.8991385118987
74.2615108095189
74.1604086476152
74.1461269180921
74.3569015344737
74.336121227579
74.4170969820632
75.1950775856506
75.0930620685204
75.1142496548163
74.8941997238531
74.8733597790825
74.838287823266
75.0810302586128
74.9860242068902
75.2428193655122
75.4674554924097
75.6793643939278
75.6374915151422
75.5537932121138
75.694834569691
75.9622676557528
74.9580141246023
75.1480112996818
75.6100090397455
75.7126072317964
75.9938857854371
76.1466086283497
76.1964869026798
76.4195895221438
75.9446049510484
74.9111506275054
73.4309205020043
74.2581364016034
74.7821091212828
75.3686872970262
76.003149837621
76.5391198700968
76.6120958960774
76.8560767168619
77.2368613734895
77.6136890987916
77.8035512790333
77.8784410232267
77.9219528185813
78.2307622548651
78.2022098038921
76.6541678431137
75.3143342744909
76.1688674195927
76.7204939356742
77.0202951485394
77.1186361188315
77.0209088950652
77.0734271160522
77.2461416928417
77.2159133542734
77.4043306834187
77.558064546735
77.516651637388
77.6675213099104
77.8320170479283
77.7872136383426
77.7679709106741
77.8693767285393
78.0049013828314
78.1677211062651
78.3523768850121
78.5545015080097
76.7876012064078
77.1366809651262
75.621344772101
74.3948758176808
73.4311006541446
72.7654805233157
72.3629844186526
73.7141875349221
74.8435500279377
73.9624400223501
74.7123520178801
73.8866816143041
73.2595452914433
72.5480362331546
72.0440956531904
71.7062098558856
71.5011678847085
71.6185343077668
71.7480274462135
71.8872219569708
72.0341775655766
71.9409420524613
71.793153641969
71.7497229135752
71.7291783308602
71.5345426646882
69.4612341317505
70.0441873054004
70.5109498443204
70.7113598754563
70.885287900365
71.000430320292
71.0685442562336
71.2406354049869
71.4219083239895
71.5461266591916
73.2249013273533
72.9869210618827
72.8143368495061
72.6940694796049
72.6156555836839
72.6479244669471
72.5869395735577
73.0263516588462
73.217481327077
73.3561850616616
74.1575480493293
74.2432384394634
74.5237907515707
74.4182326012566
74.4701860810053
74.5317488648042
74.6009990918434
74.5880992734747
74.5094794187798
74.5367835350238
74.5146268280191
74.5529014624153
74.9343211699322
74.8780569359458
74.8134455487566
75.0041564390053
75.2083251512042
75.3830601209634
75.5058480967707
75.4816784774166
75.5863427819333
75.7346742255466
75.9009393804373
75.7965515043498
76.0032412034799
75.9101929627839
76.1363543702271
76.3232834961817
76.5299601302787
76.7524347708896
76.9875478167117
76.8472382533694
76.3263906026955
76.6931124821564
77.0224899857251
77.3219919885801
75.1377935908641
75.8284348726913
76.448347898153
76.9342783185224
77.2960226548179
77.6436181238544
77.7026944990835
77.8621555992668
78.1955244794134
78.4818195835307
78.4662556668246
78.7296045334597
78.9180836267677
79.0926669014142
79.1571335211314
79.1335068169051
79.1454054535241
77.4193243628193
76.0482594902554
74.9612075922043
74.3766060737635
74.1939648590108
74.3328918872086
74.7290735097669
75.3310588078135
75.4003803795842
75.043570970334
74.3458567762672
73.8520854210138
73.5948016701444
73.5267080027822
73.6099664022257
73.5746397884473
73.4444451640911
73.2383561312729
73.0899849050183
72.9877879240147
72.8645636725451
72.7245176047027
72.5710140837622
72.5130112670097
72.5314090136078
72.5391272108862
72.646701768709
72.7577614149672
72.8084091319738
72.943727305579
73.0707818444632
72.9560254755706
73.1482203804565
73.3341763043652
74.0074410434922
75.0705528347937
74.887042267835
74.793833814268
74.7426670514144
74.6873336411315
74.6314669129052
74.7355735303242
74.6818588242594
74.7680870594075
74.811269647526
74.8713157180208
74.9448525744166
75.0048820595333
75.1327056476267
75.2109645181013
75.3157716144811
75.4418172915849
75.6980538332679
75.9030430666143
76.1516344532915
76.0809075626332
76.3765260501065
76.4164208400852
76.3915366720682
76.4323293376546
76.5256634701236
76.5767307760989
76.6864846208791
76.8431876967033
76.8561501573626
76.9561201258901
77.0663961007121
77.1849168805697
77.5153335044558
77.6016668035646
77.6689334428517
77.745613420948
77.8298240700918
77.9200592560734
78.1270474048587
78.259237923887
78.3315903391096
78.4169722712877
78.5127778170301
78.3864222536241
78.2594378028993
78.1319502423194
77.9183601938556
77.9602881550844
78.2066305240675
78.461404419254
78.7229235354032
78.9443388283226
79.1422710626581
79.3012168501265
79.4289734801012
79.4299787840809
79.2661230272647
78.9703784218118
78.5691227374494
78.0834581899596
77.5302665519677
76.9230532415741
76.2726225932593
75.5876180746074
74.874954459686
74.1401635677488
73.519530854199
73.0740246833592
72.7686197466874
72.5544957973499
72.4133966378799
72.330717310304
72.2947738482432
72.2962190785945
72.3777752628756
72.5234202103005
72.7203361682404
72.6756689345923
72.4655351476739
72.4850281181391
72.5998224945113
71.715357995609
70.0314863964872
70.7761891171898
71.3194512937518
71.7015610350015
72.0192488280012
72.3591990624009
72.6497592499207
73.1204073999366
73.5009259199493
73.3757407359594
73.5437925887676
73.882034071014
74.1420272568112
74.052921805449
73.6845374443592
73.8586299554874
74.4829039643899
74.5733231715119
74.6388585372095
75.1600868297676
75.3136694638141
75.5117355710513
75.528588456841
75.9428707654728
76.2356966123783
76.2652572899026
76.0842058319221
75.9787646655377
76.6300117324301
76.7626093859441
76.7084875087553
76.7991900070042
76.7077520056034
76.7109016044827
76.7897212835862
76.9290770268689
77.1168616214952
77.2868892971961
77.0389114377569
77.1143291502055
77.1726633201644
77.3392306561315
77.5923845249052
77.7166076199242
77.7376860959394
77.8511488767515
78.0385191014012
78.138215281121
78.1677722248968
78.4202177799174
78.6391742239339
78.8507393791472
78.2109915033177
78.1288932026542
78.4929145621234
78.5289316496987
78.556745319759
78.5993962558072
78.6539170046457
78.7817336037166
78.9201868829733
79.0603495063786
79.2278796051029
79.3557036840823
75.4409629472659
76.2837703578127
76.9397799226138
77.4463512108183
77.8333718777455
78.124752047651
78.339619819939
78.493277674133
78.5979675938518
78.6634831659906
78.6976592600652
78.7067637716885
78.6958110173508
78.3407988138807
77.7105390511045
76.8600812408836
75.8334649927069
75.0243053274989
74.3891109286658
73.8930887429326
73.5084043276794
73.2127901288102
72.9884321030482
72.7977456824385
72.6899298792842
72.648410570094
72.6599284560752
72.9199427648602
72.9045542118881
73.1380433695105
73.1692346956084
73.2035877564867
71.2490702051894
71.7302561641515
72.0988049313212
72.465443945057
72.9393551560456
73.4990841248365
73.6346672998692
73.7625338398953
73.8940270719163
74.023421657533
74.1511373260264
74.6635098608212
74.8898078886569
74.9002463109256
74.7379970487405
74.8015976389924
75.0916781111939
75.2167424889551
75.2097939911641
75.2910351929313
75.300828154345
75.403662523476
75.3869300187808
75.7415440150247
76.0332352120197
76.3377881696158
76.6526305356926
76.9757044285541
76.8669635428433
76.7709708342746
76.7735766674197
76.8986613339358
74.9217290671486
74.0215832537189
73.9828666029751
74.6332932823801
75.1896346259041
75.4221077007233
76.0408861605786
76.7159089284629
76.9329271427703
77.2367417142163
77.609993371373
77.9465946970984
78.0074757576787
78.257180606143
78.2325444849144
78.3546355879315
78.4542418036786
78.5358601096095
78.6030880876876
78.6419704701501
78.6581763761201
78.2751411008961
78.3623128807169
78.5724503045735
78.7573602436588
78.922088194927
79.0697705559416
79.2038164447533
79.0156931558027
78.5698345246421
77.9177876197137
77.100790095771
76.1518320766168
75.2816656612934
74.4745325290347
73.7344260232278
73.1529408185822
74.3791526548658
75.1592471238926
75.5824476991141
75.7201331592913
75.629406527433
75.3559502219464
74.9363101775572
74.3997231420457
73.7695785136366
73.1860628109093
73.0194502487274
72.9342935323153
72.9143014925189
72.9464411940151
72.8463529552121
73.1838823641697
73.3262392246691
73.3124580464019
73.1737664371215
73.2068131496972
73.3772505197578
73.4075004158062
73.325600332645
73.298480266116
73.5415842128928
73.5458673703143
73.4648938962514
71.4383151170011
71.8864520936009
72.2377616748807
72.5588093399046
72.8284474719237
73.0637079775389
73.2714663820312
73.4572231056249
73.6253784844999
73.8183027876
74.63204223008
74.833933784064
74.5463470272512
74.271277621801
74.4520220974408
74.6018176779526
75.0306541423621
75.1175233138897
75.2626186511118
75.3748949208894
75.4933159367115
75.5864527493692
75.5641621994954
75.6735297595963
75.746423807677
75.8971390461416
76.6307112369133
76.6457689895307
77.0018151916245
77.0800521532996
77.3118417226397
77.2290733781118
75.2816587024894
75.8371269619915
76.1575015695932
76.2772012556746
76.8007610045397
77.1137088036317
77.2581670429054
77.3421336343243
77.4879069074595
77.6343255259676
78.0818604207741
78.1230883366192
77.9574706692954
78.0619765354363
78.2155812283491
78.3592649826793
78.4556119861434
78.5612895889147
78.6744316711318
78.7935453369054
78.4362362695244
78.6631890156195
78.8552512124956
79.0194009699965
79.1426541093305
79.2331899541311
79.2975519633049
79.3409749039772
79.3676465898484
79.3809172718788
79.216333817503
79.2186670540024
76.6869336432019
77.2475469145615
77.4902125316492
77.4785200253194
77.2633410202555
76.8853728162044
76.3771732529635
75.7647886023708
75.0690558818967
74.3066447055173
75.1431157644139
75.1341926115311
74.4489540892249
73.9607632713799
73.4810106171039
73.1757084936831
73.0099667949465
74.2775734359572
74.1328587487658
73.8300869990126
73.6244695992101
73.3877756793681
73.1262205434945
72.8447764347956
72.9306211478365
73.0194969182692
73.1565975346153
73.3322780276923
73.3254224221538
73.5081379377231
73.5757103501785
73.8665682801428
73.9280546241142
74.3898436992914
74.5359749594331
74.4295799675465
74.4108639740372
74.4622911792298
74.5246329433838
74.6939063547071
74.9487250837657
75.0627800670125
75.06422405361
75.521179242888
75.6879433943104
75.2741547154483
75.0953237723587
75.104459017887
75.1418672143096
75.2018937714477
75.3877150171581
75.5321720137265
75.6353376109812
76.179870088785
76.257896071028
76.3099168568224
76.3987334854579
76.4841867883663
76.5761494306931
76.6525195445545
76.9398156356436
77.3318525085149
77.2778820068119
77.4305056054495
77.4617044843596
77.3957635874877
77.4241108699902
77.5278886959921
77.5024109567937
77.373528765435
77.535823012348
77.6530584098784
77.8796467279027
78.1937173823222
78.3270405725244
78.3157657913529
78.1888126330823
78.3236501064658
78.4309200851727
78.5161360681382
78.6567088545105
77.9205670836084
78.1918536668867
78.4256829335094
78.6199463468075
78.791157077446
77.5957256619568
77.9915805295655
78.3160644236524
78.5060515389219
78.5884412311375
78.58475298491
78.512202387928
78.3845619103424
78.3357161949406
78.3499062892858
78.4145250314287
78.0892700251429
77.4521160201144
76.5654428160915
75.4791542528732
74.6423234022986
74.2202587218388
74.9316069774711
75.6474189153102
76.3668017989148
77.0890414391319
77.0856998179722
76.5018931877111
75.4537145501689
75.1029716401351
74.5995773121081
74.3786618496865
74.0673294797492
73.9480635837993
73.8098508670395
73.6564806936316
73.5969845549053
73.5909876439242
73.7181901151394
73.9519520921115
74.0383616736892
74.0068893389514
74.2021114711611
74.2344891769289
74.1107913415431
74.1797330732345
74.4027864585876
74.7044291668701
75.0689433334961
75.1139546667969
75.1493637334375
75.05049098675
75.0515927894
75.06447423152
73.092579385216
73.5210635081728
74.0548508065383
74.2442806452306
74.4322911828511
74.6191662796142
74.8051330236914
75.0325064189531
75.2368051351625
75.43964410813
75.618215286504
75.7773722292032
75.8544977833626
76.1553982266901
76.3341185813521
76.4150948650817
76.4941758920653
76.5717407136523
76.6567925709218
76.7518340567375
76.88186724539
77.003293796312
76.9180350370496
76.9744280296397
77.1013424237117
77.2448739389694
77.4016991511755
77.4429593209404
77.1481674567523
77.2120339654019
77.5628271723215
75.7992617378572
72.3442093902858
73.6137675122286
74.6700140097829
75.4902112078263
76.2041689662611
76.7948351730089
77.2868681384071
77.6999945107257
78.0499956085806
78.2806964868645
78.4159571894916
78.5738990849266
78.7499859346079
78.9405887476863
79.1516709981491
79.1850796556621
79.0763494388154
78.8539081224809
78.5404979265562
78.1543126269592
77.7099072444245
77.2189257955396
76.4154406364317
75.3619525091454
74.536447721602
73.893329605853
73.3961208275396
73.0156395191745
72.7285401867682
72.5161464351289
72.3635171481031
71.2558137184825
69.384050974786
68.3142007798288
67.885880623863
67.9707844990904
68.4662675992723
69.2902140794179
69.9701712635343
70.4981370108274
70.9458429419953
71.3293410202629
71.6614728162103
71.9583782529683
72.2471026023746
72.1954820818997
72.3687856655198
72.7220285324158
73.2192228259327
73.8315782607461
74.2684626085969
74.9975700868775
75.407856069502
75.5896848556016
75.8408478844813
76.1474783075851
76.4467826460681
76.2856261168545
76.4931008934836
76.7379807147869
77.0127845718295
77.2332276574636
77.5444821259709
77.9283857007767
77.9517085606214
77.9721668484971
74.0301334787977
74.9869067830381
75.7527254264305
76.3803803411444
76.6940376062489
76.7564967516658
76.6179974013326
76.5899979210661
76.5968650035196
76.631625336149
76.6887002689192
76.5383602151354
76.6340881721083
76.8882705376866
77.0148164301493
74.8810531441194
75.2772425152956
75.6325940122365
75.7354752097892
76.3271801678313
76.5707441342651
76.7885953074121
76.9964762459297
77.1963809967437
77.323304797395
77.403243837916
77.3751950703328
77.5371560562662
77.749724845013
77.9577798760104
78.2506239008083
78.1702991206466
78.2140392965173
78.4224314372139
78.6117451497711
78.7631961198169
78.8930902291868
79.0057388500161
79.1045910800129
79.1924061973437
79.2713916245416
79.3433132996333
79.3749506397066
79.3743605117653
78.4393884094122
76.7569107275298
74.4764285820238
71.7175428656191
73.3472342924953
74.0706541006629
74.0690566138637
73.4874452910909
73.0197562328727
72.8030383196315
72.7870973223719
72.9317778578975
73.2049556196513
73.5809311623877
74.0391449299102
74.1391159439282
74.1772927551425
74.290434204114
74.0223473632912
73.696077890633
73.4520623125064
73.2801498500051
73.1659198800041
73.2385359040033
73.1976287232026
73.1849029785621
72.9727223828497
72.9685779062798
73.0380623250238
73.1564498600191
73.0323598880153
73.3678879104122
73.3721103283298
73.2480882626638
73.2846706101311
73.4497364881048
73.5979891904839
73.9327913523871
73.9872330819097
74.2451864655278
74.3713491724222
74.4578793379378
74.5539034703502
74.5973227762802
75.1426582210242
76.0895265768193
76.8676212614555
73.2566970091644
71.7769576073315
72.0021660858652
73.5913328686922
74.4043662949537
74.596493035963
74.2918944287704
73.5899155430163
73.0885991010797
72.7478126141971
72.5354500913577
72.4258267397528
72.3983947251356
72.4367157801085
72.5276392907535
72.6606447659361
72.8273158127489
72.8301526501991
72.7019221201593
72.6374376961274
72.6239501569019
72.6181601255216
72.6559281004173
72.6709424803338
72.7089539842671
72.9819631874137
73.2203705499309
73.2252964399447
73.2424371519558
73.4701497215646
73.8663197772517
73.6428558218014
73.2672846574411
73.2186277259529
73.3717021807623
73.5048617446099
73.6220893956879
73.9998715165503
74.2602472132403
74.4266977705922
74.5180082164738
74.549206573179
74.6373652585432
74.5034922068346
74.4811937654677
74.5481550123741
74.6865240098993
74.8260192079195
74.9664153663356
75.0881322930685
75.2133058344548
75.3474446675638
75.4697557340511
75.5905045872408
75.7100036697927
75.8316029358342
75.9330823486673
75.7948658789339
75.8928927031471
76.2245141625177
76.6826113300141
76.8958890640113
76.9133112512091
76.9558490009672
76.9975458674405
77.0385700272857
77.0790560218286
76.1130448174629
74.3418358539703
73.6637353498429
73.8601216132077
74.7560972905661
75.4942778324529
75.9508222659623
76.3952578127699
76.7534062502159
76.9740583335061
77.0847133334715
77.1073706667772
77.2082298667551
77.3716505600708
77.5851204480566
77.8578963584453
78.1107170867562
78.336973669405
78.566178935524
78.7509431484192
78.9349545187354
79.1183636149883
78.9525075586573
78.5072393802592
77.8384415042074
76.9908198700326
76.0001392293594
74.8950113834875
73.6983257734567
72.4283939520987
71.0998651616789
69.7244587960098
68.3115503701412
66.868640296113
69.3675122368904
71.1784597895123
72.4390678316098
73.2594042652879
73.7275234122303
73.9138687297843
73.8747949838274
73.6553859870619
73.2917087896495
73.0797670317196
72.9546136253757
72.8148909003006
72.7873127202405
72.9458501761924
72.8046801409539
72.7287441127631
72.9695952902105
72.7810762321684
72.7694609857347
72.8993687885878
72.9310950308702
73.0534760246962
73.155580819757
73.3016646558056
73.2681317246445
73.3937053797156
73.2763643037725
73.430691443018
73.3551531544144
73.5623225235315
73.7220580188252
73.4078464150602
73.3511771320481
73.5005417056385
73.6795666978441
73.882320024942
74.1040560199536
74.1416448159629
74.3751158527703
74.4004926822163
74.446594145773
74.7054753166184
75.0729802532947
75.1829842026358
75.0949873621086
75.1879898896869
75.4257919117495
75.8010335293996
75.7794268235197
76.0797414588158
76.2115931670526
76.5322745336421
76.8144196269137
76.803735701531
76.8697885612248
76.8302308489798
76.5942846791839
76.2012277433471
76.5237821946777
76.7704257557421
76.9769406045937
77.066352483675
77.27308198694
75.421465589552
75.9265724716416
76.4056579773133
76.8139263818506
77.1671411054805
77.4208128843844
77.5948503075075
77.802880246006
78.1857041968048
77.9585633574439
77.9828506859551
78.2082805487641
78.4149244390113
78.606539551209
78.7968316409672
78.9758653127738
79.145892250219
79.2569638001752
79.3208710401402
79.3470468321121
79.3430374656897
79.3490299725518
79.3482573113748
79.3420725157665
79.3315580126132
79.3175797434239
79.3008304614058
79.2818643691246
77.8530914952997
76.6342731962398
75.5834185569918
74.8975348455935
74.5036278764748
74.1605423011798
73.8581138409439
73.5882110727551
73.3443288582041
73.1212630865633
72.9796104692506
72.8478883754005
72.7459107003204
72.9043285602563
73.0046628482051
72.9601302785641
72.8589042228513
72.871723378281
72.9245787026248
72.9796629620999
73.0288303696799
73.0732642957439
73.1078114365951
73.1344491492761
73.1547593194209
73.2415074555367
73.3814059644294
73.2957247715435
73.4137798172348
73.6483238537879
73.9760590830303
74.0118472664242
74.1090778131394
74.2554622505115
74.2171698004092
74.4133358403274
74.4512686722619
74.5262149378095
74.5241719502476
74.4605375601981
74.6268300481585
74.9110640385268
75.2896512308214
75.3447209846572
74.9669767877257
75.1393814301806
75.3153051441445
75.4922441153156
75.8749952922525
75.974596233802
76.1788769870416
76.3192215896333
76.4084172717066
76.4566938173653
76.4722350538922
76.4615880431138
76.521870434491
76.5816963475928
76.6321570780743
76.6125256624594
76.3808205299675
76.312856423974
76.5466851391792
76.9863481113434
76.8822784890747
76.9210227912598
77.0706182330078
77.3088945864062
77.469915669125
77.6173325353
77.75386602824
77.910892822592
78.2867142580736
78.6135714064589
78.6538571251671
78.7224857001337
78.813788560107
78.9232308480856
79.0471846784685
79.1144477427748
79.1363581942198
79.1801865553759
79.2415492443007
79.3526393954406
79.1649365163525
78.738199213082
78.1202343704656
77.3492874963725
76.455954997098
75.4647139976784
74.3951461981427
73.2629169585142
72.4320608395386
71.8423032170854
71.4454243918502
71.2028486043892
71.0837152471478
71.0633358340818
71.1219595763564
71.2437858429033
71.4161741288681
71.6290120303672
71.8742096242938
71.943367699435
71.983694159548
72.0715553276384
72.1348442621107
72.1784754096886
72.2763803277509
72.3585042622007
72.4762034097606
72.6367627278084
72.8590101822468
72.9300081457974
72.9888065166379
73.0480452133103
73.0486361706483
73.3267089365186
73.3305671492149
73.7668537193719
73.9307829754975
73.876826380398
74.0860611043184
74.3274488834547
74.4380924400971
74.4441406187444
74.3665124949955
74.1550099959964
73.8364079967971
73.9883263974377
74.1706611179502
74.3625288943601
74.5214231154881
74.6539384923905
74.7999507939124
74.9567606351299
75.0792085081039
75.4111668064832
74.5420334451865
72.7120267561492
73.3886214049194
74.2730971239355
75.0030276991484
75.6093221593187
76.116707727455
76.544966181964
76.7557729455712
76.965818356457
77.1492546851656
76.9520037481325
76.528202998506
76.5813623988048
76.7340899190438
76.8782719352351
77.0126175481881
77.0992940385505
77.2138352308404
77.3048681846723
77.4506945477379
77.4065556381903
77.5790445105522
77.7700356084418
78.0600284867534
78.1640227894027
78.2904848981889
78.4349212518844
78.5937370015075
78.694889601206
78.7499116809648
78.9099293447719
76.8666434758175
73.060714780654
71.4601051578565
71.6237507929519
73.1988006343615
74.5154405074892
75.5883524059914
75.4690819247931
74.3960655398345
73.8195381461533
73.6402019454941
73.7786186992524
74.1712378165448
74.7672188246644
75.5258893454458
76.4147114763567
76.512235847752
75.9767220115349
74.934777609228
75.9122220873824
75.9731776699059
75.3009421359247
74.7153537087398
74.1990829669918
73.7382663735935
73.3888930988748
73.1286744790998
72.9397795832799
72.8079436666239
72.7217549332991
72.6650039466393
72.6352031573114
72.6269625258491
70.4127700206793
69.4175493498768
69.3975061465681
70.1576049172545
70.7072839338036
71.3146771470429
71.9682417176343
72.6587433741074
73.378794699286
73.2668357594288
73.379368607543
73.6714948860344
73.8323959088275
73.888316727062
73.9240533816496
73.976376038653
74.0419674975891
74.1181739980713
74.202939198457
74.2945513587656
74.3916410870125
74.48241286961
74.568130295688
74.6580542365504
74.7513433892403
74.8473247113923
74.9454597691138
75.0821678152911
75.1227342522328
75.4603874017863
75.262509921429
75.4018079371432
73.5368463497146
74.0672770797717
74.4964216638173
75.0209373310539
75.3451498648431
75.7603198918745
75.9925559134996
76.0784447307997
76.3065557846397
76.6484446277118
76.8344557021694
76.8957645617355
76.8422116493884
76.9893693195108
77.1244954556086
77.3491963644869
77.6455570915895
77.6504456732716
77.6309565386173
77.5919652308938
77.5373721847151
77.5702977477721
77.6541048648843
77.7786172252408
77.9356937801926
78.0585550241541
78.1540440193233
78.2276352154586
78.0609081723669
78.2009265378935
78.0935412303148
76.2944329842519
73.1419463874015
71.8677571099212
72.096205687937
73.6641645503496
74.7205316402797
74.9090253122237
74.403220249779
73.3419761998232
72.5168209598586
71.8805367678869
71.3953494143095
71.0310395314476
70.7634316251581
70.5731853001265
70.4448282401012
70.3659825920809
70.3267460736648
70.3191968589318
70.3369974871455
70.3750779897164
70.4293823917731
70.4966659134185
70.5743327307348
72.3714661845878
73.7889729476703
74.4611783581362
74.537142686509
74.1361141492072
73.8164913193658
73.5619930554926
73.2177944443941
73.1646355555153
71.1223084444122
70.5205467555298
71.0712374044238
71.4935899235391
72.0152719388313
72.250417551065
72.529134040852
72.7696072326816
72.9794857861453
73.1807886289162
73.409330903133
73.6596647225064
73.7825317780051
73.7836254224041
73.8327003379233
73.9201602703386
74.0383282162709
74.2084625730167
74.3652700584134
74.5114160467307
74.6285328373846
74.7248262699077
74.5766610159261
74.6529288127409
74.8463430501927
74.8484744401542
74.9189795521233
74.9073836416987
75.1281069133589
75.1188855306872
75.3739084245497
75.4133267396398
73.4674613917119
73.9609691133695
74.3267752906956
74.6686202325565
74.9903961860452
75.2961169488362
75.5371935590689
75.7265548472551
75.9732438778041
76.2321951022433
76.8173560817947
77.0994848654357
77.2389878923486
77.5857903138789
77.6656322511031
77.8847058008825
77.952964640706
77.9321717125648
77.9765373700518
78.0934298960415
78.1007439168332
78.2089951334665
78.2238961067732
78.1641168854186
78.2316935083349
78.3629548066679
78.5255638453343
78.4350510762675
78.636440861014
78.8255526888112
78.8994421510489
78.1230537208392
76.6664429766713
77.2605543813371
77.4182435050697
77.7266948040557
78.1557558432446
78.4882046745957
78.7433637396765
78.9366909917412
79.080552793393
79.1848422347144
77.5500737877715
76.4501590302172
75.7781272241738
75.4484017793391
75.3925214234712
75.555717138777
75.8941737110216
76.3728389688173
76.9636711750538
77.0219369400431
76.6541495520345
75.9455196416276
75.2744823799687
74.6335192373083
74.0166153898467
73.8930923118773
73.7600071828352
73.6192724129348
73.4724179303479
73.3525343442783
73.3725274754226
73.5044219803381
73.4475375842705
73.4574300674164
73.5293440539331
73.5506752431465
73.5521401945172
73.4145121556138
73.505609724491
73.5540877795928
73.4628702236743
73.7070961789394
73.9929769431515
74.3121815545212
74.309545243617
74.3860361948936
74.4732289559149
74.5647831647319
74.5934265317855
74.6765412254284
74.7585329803427
74.8396263842742
75.4351011074194
75.4048808859355
75.4277047087484
75.4929637669987
75.579571013599
75.8718568108792
75.8046854487034
75.783281692296
75.7984920205035
75.8429936164028
75.9312948931222
76.0546359144978
75.8309087315982
75.8185269852786
76.0236215882229
76.2271972705783
76.4295578164626
76.7962462531701
76.8927970025361
77.0130376020289
77.0464300816231
77.1007440652985
77.1154952522388
77.098596201791
77.2586769614328
77.4453415691463
77.606773255317
77.7480186042536
77.9024148834029
78.0431319067223
78.1775055253779
78.3068044203023
78.6028435362418
78.0590748289935
78.2790598631948
78.4497478905558
78.5809983124447
78.6977986499557
78.8030389199646
78.9554311359717
79.1265449087773
79.1795025936886
79.1379354082842
79.0207483266274
78.9549986613019
78.2475989290415
78.5538791432332
78.3584033145866
77.7615226516693
76.8435181213354
75.6686144970683
74.9699773119404
74.6523532781237
74.6395397653561
74.8705746694278
75.2966883069708
75.8788649312909
76.5858919450328
76.3718135560262
75.420850844821
74.7528806758568
74.1905045406854
73.7660036325483
73.5545029060387
73.5134023248309
73.2437218598648
73.0803774878918
73.0021019903134
72.9918815922508
72.6581052738006
72.7758842190405
72.5467073752324
72.6441659001859
72.7153327201487
72.667266176119
72.7604129408952
72.9481303527162
73.2115042821729
73.469270092405
73.7225494072574
73.9722395258059
73.6487916206447
73.3979332965158
73.2051466372126
73.5075173097701
74.0448138478161
74.0940510782529
74.1804408626023
74.4503526900818
74.5608821520655
75.0785057216524
75.1488045773219
74.9739436618575
74.602954929486
74.7957639435888
74.9466111548711
75.1188889238969
75.2633111391175
75.381048911294
75.0782391290352
75.2757913032282
75.4898330425825
75.717066434066
75.8708531472528
76.2344825178023
76.3139860142418
76.3839888113935
76.3221910491148
76.3855528392918
76.5490422714335
76.9044338171468
77.4133470537174
77.8064776429739
78.1739821143792
77.9096856915033
77.1399485532027
77.0988588425622
77.6406870740497
77.8119496592398
77.9942597273918
78.1854077819135
78.3836262255308
78.5875009804246
78.7704007843397
78.9318406274718
79.0761125019774
79.2066500015819
79.3262000012655
79.4369600010124
79.2043680008099
78.697094400648
77.9700755205184
77.0672604164147
76.0238083331318
75.2204466665054
74.5671573332043
74.1165258665635
73.7696206932508
73.497529887934
73.2852905770138
73.1209324616111
72.9948793026222
72.8994701087644
72.8285760870116
72.8384608696092
72.9129686956874
72.9603749565499
72.9983999652399
73.028919972192
73.2739359777536
73.4615987822029
73.6033790257623
73.7084532206098
73.7841625764879
73.8261300611903
73.9135040489522
73.8730032391618
74.0284025913294
74.3405220730636
72.3754176584508
72.8413341267607
73.2444673014085
73.4716738411268
73.5581390729015
73.9171112583212
74.2120890066569
74.3338712053256
74.5926969642604
74.7263575714084
74.8561860571267
74.9829488457013
74.8665590765611
74.5556472612489
74.9481178089991
75.2105942471993
75.3690753977594
75.3194603182075
75.674368254566
75.8180946036528
75.9874756829223
76.1999805463378
76.3415844370703
76.4818675496562
76.663894039725
76.89031523178
77.152252185424
77.2678017483392
77.5634413986714
77.6303531189371
77.9136824951497
77.8003459961197
73.8558767968958
74.7111014375166
75.6762811500133
76.2724249200107
76.7623399360085
76.1170719488068
76.6910575590455
77.0780460472364
77.3960368377891
77.6588294702313
78.003663576185
78.277130860948
78.5295046887584
78.7538037510068
78.9460430008054
79.1450344006443
79.3116275205155
79.3871877306981
79.3899216131299
79.3343944333611
79.2322584038317
79.0928352944939
78.9235825213094
78.7304660170475
78.1219061469714
77.1809915842438
75.974193267395
75.045554613916
75.8886436911328
75.6954149529063
74.673131962325
72.98760556986
70.771484455888
70.9947875647104
71.1820700517683
71.3405360414147
71.4759488331318
71.5929190665054
71.6951352532043
71.7335082025635
72.6726065620508
72.2968852496406
72.3821081997125
72.51428655977
73.080429247816
73.0413433982528
73.1172747186022
73.0528197748818
73.1506558199054
73.2369246559244
73.3051397247395
73.4041117797916
73.5010227571666
73.5962848724
73.69022789792
73.714082318336
73.6818658546688
73.7319593504017
73.8479008136547
74.0165206509238
74.390816520739
74.5086532165912
74.609522573273
74.7312180586184
72.7579744468947
73.0795795575158
73.5084636460126
73.8381709168101
74.1069367334481
74.2005493867585
74.5240395094068
74.8041316075254
75.0495052860203
75.1976042288163
75.381283383053
75.5892267064424
75.703981365154
75.9611850921232
76.2919480736985
76.4074584589588
76.3507667671671
76.0856134137337
76.0168907309869
75.9947125847896
76.4793700678317
76.6208960542653
76.8027168434123
76.9721734747298
77.1257387797839
77.2820576904938
77.4405794857283
77.6008635885827
77.7448242041995
77.8757260300263
77.996180824021
76.1184446592168
72.6421557273735
73.8647245818988
74.866579665519
75.7028637324152
76.3264909859322
76.8641927887458
77.1971542309966
77.5799233847973
77.9321387078378
78.2513109662703
78.5440487730162
78.816239018413
78.9363912147304
78.9641129717843
79.0455570440941
79.1699789686086
79.3287831748869
79.4522265399095
79.1935012319276
78.6290409855421
77.8199927884337
76.815274230747
75.6540193845976
74.7885155076781
74.1596124061425
73.719989924914
73.4317919399312
72.8289002186116
71.9742535082226
70.9182028065781
69.7010289119292
68.3549564628767
66.9057651703013
67.9732121362411
68.8371697089928
69.7615357671943
70.3032286137554
70.7895828910044
71.1582663128035
71.4970130502428
73.0432104401942
72.8847683521554
72.9350146817243
73.0226117453795
73.1062893963036
73.2022315170429
73.2879852136343
73.3319881709074
73.447990536726
73.4675924293808
73.4990739435046
73.4374591548037
73.301367323843
73.2768938590744
73.5511150872595
73.7030920698076
73.8712736558461
74.0154189246769
74.4241351397415
74.6505081117932
74.7310064894346
74.8140051915477
74.7036041532381
74.7646833225905
72.4901466580724
73.0923173264579
73.6208538611664
74.2928830889331
74.6043064711465
75.0084451769172
75.1743561415337
75.342484913227
75.4623879305816
75.6381103444653
75.7660882755722
76.4652706204578
76.1510164963662
76.249413197093
76.6065305576744
76.8608244461395
76.9248595569116
76.8348876455293
76.8773101164234
76.9606480931388
76.978018474511
76.9426147796088
77.273291823687
77.4028334589496
77.6054667671597
77.1905734137278
77.2528587309822
77.3976869847858
77.4863495878286
77.6730796702629
77.7500637362103
77.9276509889683
76.0923207911746
76.6602566329397
77.2950053063518
77.6264042450814
77.9261233960651
77.9672987168521
78.2920389734817
78.5372311787854
78.7187849430283
78.8734279544227
79.0208423635381
79.1624738908305
79.2653291126644
79.3371632901315
79.3841806321052
79.4113445056842
79.2044756045474
79.0986204836379
79.0735763869103
79.1131811095282
79.2045048876226
79.3372039100981
79.1054431280785
78.5821145024628
77.8255316019702
76.8823452815762
75.789876225261
75.0144343135421
74.4926141175004
74.1736912940003
73.7683530352002
73.4888824281602
73.2125059425282
73.0298047540225
72.935043803218
72.9014350425744
72.8843480340595
73.0154784272476
73.0203827417981
73.0507061934385
73.3407649547508
73.3244119638006
73.3352295710405
73.3677836568324
73.4048269254659
73.4812615403727
73.7666092322982
74.3162873858386
75.0774299086709
75.5447939269367
75.7771351415494
75.8214581132395
75.7153664905916
75.3194931924733
75.0861945539786
74.9829556431829
74.9837645145463
74.8842116116371
74.9723692893097
75.4942954314477
75.4628363451582
75.4802690761265
75.5154152609012
75.302332208721
74.7434657669768
74.5459726135814
74.6375780908652
74.7734624726921
75.0223699781537
75.273095982523
75.5082767860184
75.7310214288147
75.8476171430518
76.0438937144414
76.2307149715531
76.0083719772425
76.219897581794
76.4247180654352
76.6091744523482
76.7083395618786
76.7408716495029
77.1322973196023
77.2480378556818
77.2782302845455
77.4031842276364
77.5019473821091
77.5797579056873
77.3970063245498
77.5330050596399
77.9240040477119
77.8182032381695
77.8769625905356
77.8926700724285
77.8739360579428
77.8957488463543
77.9779590770834
78.1084872616667
78.2776698093334
78.4777758474667
78.7026206779734
78.7552965423787
78.649437233903
78.8417497871224
78.4061998296979
77.9167598637583
77.3842078910067
76.8171663128053
76.2225330502443
75.6058264401954
74.9714611521563
74.3229689217251
73.6631751373801
73.1360401099041
72.7150320879232
72.3789256703386
72.1107405362709
71.9407924290167
71.8372339432134
71.7867871545707
71.6040297236566
71.4950571122586
71.4451123564735
71.4423898851788
71.4774452414764
71.5427228598478
71.6321782878782
71.5297426303026
71.5543274375754
71.680528616727
71.8880228933816
72.0788183147053
72.2516546517642
72.3553237214114
72.2162589771291
72.3642071817033
72.6317657453626
72.9950125962901
73.1344100770321
73.1553280616257
73.2354624493005
73.3309699594404
73.4387759675523
73.4046207740419
73.4502966192335
73.5372372953868
73.6313898363094
73.5995118690475
73.266209495238
73.4595675961904
73.6732540769524
74.3746032615619
74.6178826092495
74.7253060873996
74.8328448699197
74.8610758959358
74.9936607167486
75.0203285733989
75.1604628587191
75.0345702869753
75.1644562295802
75.3234649836642
75.5057719869314
75.1280175895451
75.2872140716361
75.5375712573089
75.7514570058471
74.9147656046777
73.2376124837422
72.9245899869937
73.702871989595
74.138897591676
74.7775180733408
75.4814144586726
75.7821315669381
76.0531052535505
76.3400842028404
76.6398673622723
76.6150938898179
76.8984751118543
77.1569800894835
77.3017840715868
77.5130272572694
77.5114218058155
77.6601374446524
77.8499099557219
77.9327279645776
78.047682371662
78.1883458973296
78.3495767178637
78.527261374291
78.6421090994328
78.7066872795462
78.731049823637
78.7232398589096
78.8707918871277
78.9032335097021
78.9721868077617
79.0703494462094
79.2482795569675
79.358423645574
79.4288889164592
79.4676111331674
79.4809389065339
79.4739511252271
79.4507109001817
79.4144687201454
79.3678249761163
79.312859980893
77.6748879847144
76.3881103877716
75.4157883102173
74.6950306481738
74.175524518539
73.8170196148312
73.587315691865
73.460652553492
73.3537220427936
73.2119776342349
73.0423821073879
72.6991056859103
72.7548845487283
72.9261076389826
72.8680861111861
72.5080688889489
72.4067551111591
72.5124040889273
72.8180232711418
73.2836186169135
73.0664948935308
73.1297959148246
73.2072367318597
71.4973893854878
71.8701115083902
72.2716892067122
72.7395513653697
73.0044410922958
73.2245528738366
73.2846422990693
73.5147138392554
73.7105710714044
74.2748568571235
74.3578854856988
74.444108388559
74.5390867108472
74.6192693686778
74.6876154949422
74.6964923959538
74.540993916763
74.4975951334104
74.4806761067284
74.4795408853827
74.3352327083062
74.4432861666449
74.7532289333159
74.6975831466527
74.8096665173222
75.0885332138578
75.2568265710862
75.449061256869
75.7794490054952
75.9773592043962
76.1472873635169
76.0662298908136
76.0415839126509
76.1265671301207
76.2992537040965
76.4498029632773
76.6129757039551
76.7862472298308
76.9675977838646
76.8526782270917
77.0029425816734
77.2103540653387
77.385983252271
77.5361866018168
77.2851492814534
77.5575194251628
77.7634155401302
77.9671324321042
78.0603059456833
78.1498447565467
78.2054758052373
78.2705806441899
78.3432645153519
78.4220116122815
78.5630092898252
78.7202074318602
78.8903659454881
79.0480927563905
79.1958742051124
79.3138493640899
79.4079794912719
79.4830335930176
79.542826874414
79.5308614995312
79.461489199625
79.4179913597
79.40069308776
79.404354470208
79.4247835761664
79.4586268609331
79.5032014887465
79.5563611909972
79.5880889527978
79.6026711622382
79.2987769297906
78.7401015438325
77.977601235066
77.0520409880528
75.9960327904422
75.0572262323538
74.233180985883
73.7651447887064
73.3671158309651
73.0914926647721
72.8249941318177
72.5657953054542
72.4628362443633
72.4848689954907
72.5604951963925
72.625996157114
72.5095969256912
72.512077540553
71.6027620324424
69.9640096259539
70.6620077007631
71.2446061606105
71.3872849284884
71.8844279427907
72.0961423542326
72.4039138833861
72.6991311067089
73.1821048853671
73.3930839082937
73.6964671266349
74.073773701308
74.0938189610464
74.2834551688371
74.3751641350697
74.2655313080558
74.4152250464446
74.3833800371557
74.5495040297246
74.7022032237797
74.7549625790237
74.833970063219
75.0233760505752
74.9393008404602
74.9463073390348
75.0261792045612
75.1643433636489
75.1576746909192
75.3457397527353
75.3391918021883
75.5887534417506
75.7908027534005
73.9110422027204
74.4898337621763
74.9054670097411
75.1543736077929
75.5502988862343
75.7620391089874
76.03743128719
76.472145029752
76.8543160238016
75.7768528190413
75.974882255233
76.3003058041864
76.6030446433491
77.2774357146793
77.4299485717435
77.6183588573948
77.5560870859158
77.7472696687327
77.8896157349861
78.1648925879889
78.2965140703911
78.4116112563129
78.4474890050503
78.4458912040403
78.4143129632322
78.5820503705858
78.6176402964686
78.8029122371749
78.9516297897399
79.071103831792
79.2142830654336
79.3378264523469
79.4276611618775
79.490528929502
79.5176898102683
79.516285181548
79.4920281452384
79.4494891828574
79.3923246796192
79.3234597436954
78.7433011282896
77.7541075692984
76.4376860554387
75.398948844351
74.5371590754808
74.0939272603846
75.2313418083077
75.3506734466462
74.6555387573169
74.1153810058536
73.6992048046829
73.3822138437463
73.144571074997
72.8862568599976
72.7140054879981
72.5580043903985
73.7660035123188
74.141202809855
73.850162247884
73.6787297983072
73.5709838386458
73.4069870709166
73.3775896567333
73.2418717253867
73.2226973803093
73.2967579042475
73.445406323398
74.4241250587184
74.4771000469747
74.3812800375798
74.5118240300638
74.4416592240511
74.4105273792409
74.3672219033927
74.3141775227142
74.3351420181714
74.3877136145371
74.4655708916297
74.4800567133038
74.579645370643
74.6419162965144
74.7363330372115
74.8202664297692
75.1271131438154
75.6122905150523
75.6066324120419
75.6153059296335
75.3590447437068
75.3602357949654
75.3619886359724
75.3641909087779
75.5389527270223
74.7471621816179
74.1275297452943
73.6780237962354
74.8962190369884
74.3415752295907
73.9258601836726
73.621288146938
73.4056305175504
73.3605044140403
73.4518035312323
73.3672428249858
73.2775942599887
73.2264754079909
73.2061803263927
73.2081442611142
73.1947154088914
73.3157723271131
73.5444178616905
73.6929342893524
73.7773474314819
73.8104779451855
73.8439823561484
73.8779858849187
73.914588707935
73.893870966348
73.9942967730784
72.0872374184627
71.9615899347702
71.6332719478162
71.5725175582529
71.7258140466023
72.0503512372819
72.5118809898255
73.0673047918604
73.5330438334883
73.9270350667907
74.2595780534325
74.542962442746
74.7870199541968
74.9996159633575
75.185392770686
75.3497142165488
75.510971373239
75.6393770985912
75.800101678873
75.9552813430984
76.1038250744787
76.251460059583
76.5471680476664
76.6513344381331
76.7038675505065
76.7836940404052
76.8853552323242
76.9726841858593
76.8247473486875
76.48859787895
76.91107830316
75.117362642528
71.5506901140224
70.7772520912179
72.2384016729743
73.3533213383795
74.2091237373702
74.8576323232295
75.3403058585836
75.9312446868669
76.4711957494935
77.0995565995948
77.4078452796759
77.7584762237407
77.8473809789926
78.2539047831941
78.4513238265553
78.5685590612442
78.6216472489954
78.8531177991963
78.982894239357
78.8137153914856
79.0409723131885
78.8023778505508
78.9853022804406
79.1592418243525
79.325993459482
79.4592281009189
79.5656491474018
79.6506193179215
79.7184287876705
79.7725096968031
79.8156077574425
78.010186205954
74.7259489647632
73.9879591718105
73.4343340041151
73.0282005366254
72.7400604293003
72.546315010107
72.4280853414189
72.3702682731351
72.3476146185081
72.3351583614731
72.3308600225119
72.3330880180095
72.3742704144076
72.3261163315261
72.2064930652209
72.3081944521767
72.4325555617414
72.3606444493931
72.5443155595145
72.6152524476116
72.7181019580893
72.8464815664714
72.7145852531771
72.8202682025417
74.0102145620334
75.0879716496267
75.9549773197014
76.5023818557611
76.9343054846089
77.4954443876871
77.8680555101497
78.0898444081198
78.2836755264958
78.3174070878633
78.223059003624
78.0262472028992
77.9991977623194
78.1319582098555
78.2366999012177
78.3190265876408
78.3834212701127
78.1246370160901
77.6073096128721
77.3264476902977
77.2347581522382
76.9632065217905
76.7927652174324
76.6610121739459
76.5752097391567
76.4631677913254
76.4235342330603
76.4552273864483
76.4058819091586
76.2917055273269
76.4105644218615
76.5382515374892
76.6606012299914
77.0854809839931
77.1949847871945
77.0521878297556
77.1097502638045
77.2292002110436
77.3173601688349
77.4174881350679
77.5729905080543
77.7535924064435
77.9542739251548
78.1710191401238
78.4006153120991
78.5186922496792
78.5475537997434
78.5050430397947
78.5470344318358
78.4330275454686
78.7370220363749
78.8046176290999
78.90649410328
78.983795282624
79.0682362260992
79.0609889808793
78.5155911847035
78.5226729477628
78.4597383582102
78.5858906865682
78.8633125492546
78.8694500394036
78.7004044759674
78.3912124696628
77.9699033090636
77.4589004250286
76.8761425622451
76.2359807164628
75.5498956842813
74.8270721029806
74.0748576823845
73.4456861459076
73.2043489167261
73.0327458000476
72.9169299733714
72.8457439786971
72.7387618496244
72.6031428130328
72.4446142504263
72.2677580670077
72.0762397869395
71.8729918295516
71.7393934636413
72.045114770913
72.2235918167304
72.3002734533843
72.4020187627075
72.447215010166
72.5399720081328
73.7373776065062
73.634302085205
73.330441668164
73.5361533345312
73.245122667625
73.1689981341
73.26479850728
73.519038805824
73.4616310446592
73.1587048357274
73.3619638685819
73.4915710948655
74.2318568758924
74.2912855007139
74.2354284005712
74.2071427204569
74.2129141763655
74.2508313410924
74.314465072874
74.3793720582992
74.7308976466393
74.3329181173115
74.7515344938492
74.6994275950793
72.4827420760635
73.1257936608508
73.6724349286806
74.1345479429445
74.6500383543556
74.8518306834845
75.1178645467876
75.3600916374301
75.5532733099441
75.7540186479553
75.7374149183642
75.8773319346914
76.0336655477531
76.1525324382025
76.245225950562
76.4413807604496
76.5903046083597
76.9550436866878
77.0648349493502
77.1712679594802
77.2874143675841
77.1875314940673
77.5122251952539
77.4955801562031
77.3994641249625
77.44287129997
77.597897039976
77.5457176319808
77.5427741055847
77.8012192844677
77.9973754275742
78.3603003420593
74.4208402736475
75.337472218918
75.6383777751344
75.4467022201075
74.860961776086
74.6276694208688
74.6763355366951
74.8529350960227
75.1318814101515
75.4927051281212
75.9190307691636
76.3977579486642
76.9184063589314
77.2255250871451
77.3140867363828
77.2278027224395
77.0016421779517
76.7046137423613
76.3508909938891
75.9518127951113
75.516450236089
75.0520601888712
74.564448151097
74.0582585208776
73.5372068167021
73.1373654533617
72.9634923626893
72.8136438901515
72.6830151121212
72.567762089697
72.4648096717576
72.398047737406
72.3782381899248
72.3920905519399
72.4328724415519
72.4532979532415
72.3018383625932
72.4124706900746
72.4863765520597
72.5309012416477
72.6301209933182
72.7234967946546
72.8223974357236
72.9257179485789
73.0215743588631
73.1114594870905
73.2439675896724
73.3589740717379
73.5799792573903
73.7341167392456
73.8347600580632
73.8926080464505
73.9852864371604
74.2840291497283
74.3362233197827
74.1701786558261
74.2821429246609
74.2231143397287
74.106691471783
74.3027531774264
74.3814025419411
74.4657220335529
74.6411776268423
74.7317421014739
74.9121936811791
75.3051549449433
75.3869239559546
75.3636391647637
75.256311331811
75.3688490654488
75.186679252359
75.3989434018872
75.2197547215098
75.2330037772078
75.3866030217663
75.652482417413
75.8312859339304
75.9404287471443
76.3545429977155
76.5098343981724
76.5520675185379
76.6617540148303
76.8254032118643
76.7613225694914
77.0204580555931
77.2333664444745
77.3350931555796
77.3080745244637
77.414859619571
77.3970876956568
77.4678701565254
77.4226961252203
77.3465569001763
77.514445520141
77.5417564161128
77.8976051328903
78.1384841063122
78.2581872850498
78.2127498280398
78.1495998624319
78.2004798899455
78.2367839119564
78.5072271295651
78.5301817036521
78.8003453629217
79.0066762903373
79.1337410322699
79.1973928258159
79.2103142606527
79.2315514085222
79.2594411268178
79.2926529014542
79.3301223211634
75.6190978569307
74.5487782855446
75.5910226284357
74.9072181027485
74.2743744821988
73.6822995857591
73.1297396686073
72.6087917348858
72.2012333879087
71.8843867103269
71.6509093682616
71.4841274946093
71.3707019956874
71.2999615965499
71.2633692772399
71.254095421792
71.2666763374336
71.7303410699469
71.8930728559575
72.061658284766
72.2305266278128
72.5764213022502
72.6759370418002
72.7537496334402
72.9019330400855
73.106413098735
73.355930478988
73.5003443831904
73.5302755065523
73.5834204052419
73.5127363241935
72.5445890593548
70.8584712474839
71.7193769979871
72.3633015983897
72.8336412787118
73.1651130229694
73.4638904183755
73.7079123347004
74.0929298677603
74.2475438942083
74.4036351153666
74.2695080922933
74.4868064738346
74.7010451790677
74.9128361432542
75.2220689146033
75.2858551316827
75.3617841053461
75.4474272842769
75.5389418274215
75.6457534619372
75.7214027695498
75.8233222156398
75.7382577725119
75.5130062180095
75.7092049744076
75.8854306461927
76.0456778502875
76.19314228023
76.172713824184
76.3619710593472
76.4485768474778
76.6390614779822
72.4932491823858
73.5013993459086
74.3237194767269
75.0008755813815
75.5619004651052
76.0317203720842
76.4352762976673
76.7858210381339
77.1114568305071
77.3827654644057
77.5918123715246
77.8010498972197
77.7368399177757
77.9342719342206
78.1190175473765
78.1342140379012
78.1476712303209
78.1597369842568
78.2957895874054
78.5310316699243
78.4824253359395
78.7047402687516
78.8871922150013
79.068553772001
79.2450430176008
79.3779544140806
79.4760035312645
79.5461628250116
79.5940102600093
79.6240082080074
78.3361398997393
75.9939785864581
72.8083828691665
70.7672062953332
69.6415650362666
69.2483520290132
69.4410816232106
70.0314152985685
70.9398322388548
72.1027157910838
73.4691726328671
74.4859381062937
74.6187504850349
74.0444003880279
73.6070203104224
73.2792162483379
74.5933729986703
74.9142983989362
74.440638719149
74.4625109753192
73.8996087802554
73.4438870242043
73.0739096193634
72.7725276954908
72.6052221563926
72.6809777251141
72.5427821800913
72.661225744073
72.8094805952584
72.9815844762067
73.0546675809654
73.2299340647723
73.3407472518179
73.1291978014543
71.2619582411634
71.8621665929307
72.4867332743446
73.4273866194757
73.8257092955806
73.7901674364644
73.8834339491716
74.0797471593372
74.2479977274698
74.6087981819758
74.6128385455807
74.7024708364645
74.8605766691716
74.8924613353373
75.0177690682699
75.1434152546159
75.2421322036927
75.2815057629542
75.3810046103633
75.7374036882907
75.8283229506325
75.825258360506
75.9338066884048
76.0474453507239
76.1697562805791
76.2812050244633
76.3905640195706
76.1596512156565
76.3393209725252
76.5026567780202
76.6429254224161
76.7687403379329
75.1073922703464
75.5979138162771
76.0701310530217
76.4039048424173
76.7318238739339
77.0550590991471
76.8834472793177
77.1303578234541
77.2904862587633
77.2995890070107
77.4357712056085
77.6736169644868
77.7210935715895
77.9108748572716
78.0982998858173
78.2804399086538
78.4611519269231
78.6181215415384
78.7616972332308
78.7753577865846
78.9366862292677
79.0819489834142
79.0506864594586
78.8782037130214
78.592744788599
78.2169049217883
77.768760301067
77.2627718772172
76.7105084108647
76.12122491051
75.5023253829534
74.8597330336355
74.1981864269084
73.7011491415267
73.3357193132214
73.0755754505771
72.8070603604617
72.5318482883694
72.0374786306955
71.7675829045564
71.6623663236451
71.6888930589161
71.6775644471329
71.6359515577063
71.5701112461651
71.4848889969321
71.5142111975456
71.6351689580365
71.8029351664292
71.9399481331434
71.8845585065147
72.0504468052118
72.2071574441694
72.1861259553355
72.3713007642684
72.4750406114147
72.3322324891318
72.5757859913055
72.7127287930444
72.7643830344355
72.9885064275484
73.1916051420387
73.339884113631
73.5007072909048
73.6313658327238
73.7780926661791
73.6496741329432
73.5839393063546
73.6007514450837
73.7210011560669
73.7390009248536
73.8572007398829
73.9891605919063
74.156928473525
74.30494277882
74.245154223056
74.3157233784448
74.4109787027559
74.6839829622047
74.8193863697637
74.986709095811
75.1833672766488
75.508893821319
75.0637150570552
75.0191720456442
75.2759376365154
75.5075501092123
75.8530400873698
75.9994320698959
76.1499456559167
76.2799565247334
76.0915652197867
76.2836521758294
76.4511217406635
76.6212973925308
76.6316379140247
76.7053103312197
76.8296482649758
76.7803186119806
76.9748548895845
77.3608839116676
77.4943071293341
77.6072457034673
77.7403965627738
77.6671172502191
77.8232938001753
77.9908350401402
77.6206680321122
77.7837344256897
77.8533875405518
78.0909100324414
78.1073280259532
78.3406624207625
78.41772993661
78.599383949288
77.9973071594304
78.2722457275443
78.5687965820355
78.8030372656284
78.7148298125027
78.9672638500022
79.1730110800017
79.2649088640014
79.2657270912011
79.2766816729609
79.2957453383687
79.321296270695
79.352037016556
79.1940073910226
78.8849614683736
78.4551025080322
77.9285931175369
77.3247633829184
76.6590773730014
75.9439063428456
75.1891472964987
74.4027178371989
73.8523742697592
73.2782994158073
74.3740395326459
73.9108316261167
73.4912653008934
73.2182122407147
73.0623697925718
73.0002958340574
72.9649700005793
72.9510426671301
72.9542341337041
72.9857873069633
72.9860298455706
72.9608238764565
73.0296591011652
73.1145272809322
73.1832218247457
73.2389774597966
73.5021819678373
73.2893455742698
73.3816764594159
73.5673411675327
73.6712729340262
73.6942183472209
73.6523746777767
73.6070997422214
73.9812797937771
74.0748238350217
74.1250590680174
74.0332472544139
74.0532978035311
74.1628382428249
74.3222705942599
74.4456164754079
74.6424931803264
74.7663945442611
74.8893156354089
75.0164525083271
75.1575620066617
75.3181496053294
75.4943196842635
75.1342557474108
75.1146045979286
75.2320836783429
75.4468669426743
75.6386935541395
75.8015548433116
76.0310438746493
76.1794350997194
76.3245480797756
75.8457384638205
74.8677907710564
74.3412326168451
74.0799860934761
73.8445888747809
73.5166710998247
73.2381368798598
73.1377095038878
73.0933009364436
73.0937074158215
73.1299659326572
73.0827727461258
73.1556181969006
73.3158945575205
73.4753156460164
73.6168525168131
73.5622820134505
73.3508256107604
73.3532604886083
73.3982083908867
73.6573667127093
73.8850933701675
74.083274696134
74.2341197569072
74.3470958055258
74.5392766444206
74.6630213155365
74.5846170524292
74.7928936419434
74.9591149135547
75.1024919308438
75.409793544675
75.46823483574
75.586187868592
75.7173502948736
75.6094802358989
75.5585841887191
75.7556673509753
75.7465338807802
75.8459271046242
76.0321416836994
76.1959133469595
76.3417306775676
76.2983845420541
76.4861076336433
76.5992861069146
76.5080288855317
76.6816231084254
74.3970984867403
73.6603787893922
74.1619030315138
74.920722425211
75.6458779401688
76.3441023521351
76.9150818817081
77.1964655053665
77.3517724042932
77.4062179234345
77.5587743387476
77.6938194709981
77.8074555767985
77.8475644614388
77.180851569151
77.3074812553208
77.5753850042567
77.7453080034053
78.1090464027243
78.4092371221794
78.5270896977435
78.4990717581948
78.7774574065559
79.0177659252447
79.1706127401958
79.2534901921566
79.2803921537253
78.6613137229802
77.5254509783842
75.9761607827074
74.0961286261659
71.9515029009327
69.5952023207462
69.9157618565969
70.1599761519442
70.3431142548887
70.477391403911
70.5725797897955
70.6364971651697
70.6753977321358
70.9109181857086
71.1299345485669
71.4351476388535
71.5721181110828
71.6669944888663
71.728195591093
71.8703564728744
72.0006851782995
71.9059481426396
72.0691585141117
72.2009268112894
72.4381414490315
72.7597131592252
72.8191705273802
73.1279364219042
73.2979491375233
73.3569593100187
73.385367448015
73.389293958412
73.3736351667296
73.3533081333837
73.512046506707
73.6558372053656
74.8982697642925
72.800615811434
73.0496926491472
73.1439541193177
73.2980966287875
73.5001439696967
73.7405151757574
73.9940121406059
74.2012097124847
74.3251677699878
74.4863342159902
74.6496007061255
74.8145472315671
74.9808377852537
74.9346702282029
74.7723361825624
74.9792689460499
75.1702151568399
75.4621721254719
75.6431377003776
75.9665101603021
75.9812081282416
75.9205665025933
76.0730532020747
75.9996425616597
