0.28738195834552066
0.01578750664132279
0.03703804406488823
0.01247882683697821
0.11737890094785958
0.10736420259555302
0.07638558891418966
0.017563786480928892
0.044793643850903404
0.09648447685491489
0.1116934189944848
0.01474309688619546
0.07029819278661817
0.15572534289534884
0.09959563059651108
0.03421537323487029
0.04937364790164282
0.005036499555769529
0.2959613449282719
0.031124666279598406
0.1233495830894047
0.23762589786933708
0.005797021326258406
0.1378361121964938
0.35175060511221623
0.17455652274308237
0.11180120128761936
0.008309125525883478
0.058668341499307865
0.09787850069389063
0.07413208377221563
0.048201472585040664
0.1197841724743367
0.02878378973681421
