0.0956268715545511
0.59066605409193
0.24915971535978437
0.45728765154710804
0.03330840214908625
0.09431087661875186
0.29326680100953295
0.5807416297776912
0.2412168246643698
0.5776382355851899
0.0989920231695079
0.06809731730311569
0.10384486388469125
0.08304819996444178
0.07865542373322135
0.06411334073016921
0.03611463117220651
0.09975506557030035
0.07087665922669123
0.11968176544339525
0.11754472649138226
0.03281610185440537
0.11002180708961058
0.10728040633381468
0.12317784188449343
0.02574973028917519
0.19239471413076822
0.0016510298375103489
0.15684701480237756
0.004510242975092497
0.16474005294605867
0.0028819169255695173
0.021721312103645137
0.1140545716395253
0.23888408860916777
0.014402218849486653
0.11347280619915238
0.08501764158576905
0.06254967822664123
0.00011853034219342955
0.07515731990712757
0.15937487853869906
0.1379690482365221
0.05562396311871091
0.09778640648034725
0.0908098630488269
0.02734072559188588
0.14090305436139394
0.4333124025591819
