0.0613064861323457
0.14500611176171055
0.13156861879425252
1.3294885244992685
0.031148472410099524
0.04416953103175452
0.12347980620151737
0.027886414876774228
0.24077986896574147
0.14202197023701676
0.37044157382123194
0.014699117767937414
0.03953538780045714
0.09231644318433241
0.01231396893563645
0.08853264986548051
0.01479926238443806
0.048712087387450934
0.47620080779141205
0.0040656193349749474
0.10863224377180417
0.025010804546397498
0.002203322526300272
0.06940374897110717
0.010002313183197303
0.1197615252186851
0.0033021837017904536
0.04526417084195955
0.029687310462912054
0.031380284401356616
0.059380964832090925
0.06368137315083536
