0.18653221782040558
0.1464443471087357
0.09254626155754432
0.06758808426849652
0.15374945966002332
0.0003423830692655174
0.15824291151620062
0.1870492157283536
0.3996197111839441
0.046113971180281405
0.17238784190525333
0.3387832526439444
0.01188154652250876
0.0138449703161882
0.16087456511814074
0.02865503776323887
0.05810443615831397
0.11107496527813449
0.011824902305747967
0.08722740754042028
0.1823299849538736
0.08695562265312981
0.06386062396762564
0.04226016252450509
0.05841673634539448
0.07673894357383244
0.11496855971813473
0.06607300681582556
0.03576836259706996
0.28258177940744866
