0.02812505337478843
0.019038159629222198
0.035668410555522854
0.15799745453157976
0.2898578450038134
0.01776715087776433
0.06212829280747648
0.45175144877314777
0.017436802597096686
0.07725736116443685
0.10113590817331268
0.28779403327503716
0.022419721805080166
0.1490866560199885
0.11710654279888093
0.26778148425826104
0.12354479046508879
0.03875328305651193
0.16518858025335262
0.1524443863470235
0.2852799298768072
0.24770493829345072
0.043271638658522626
0.7201383335710874
0.058695149648288314
0.14915968307871905
0.10105903232625556
0.34377725489723804
0.008571801218334472
0.019555269777491502
0.11109322419781063
0.03937290801123378
0.06798842634661952
0.3379495883540314
0.014148204353802887
0.030428422270550617
0.14865266096045035
0.0358488209455748
0.08380306959276662
0.12205599639601653
0.5827152613139875
0.0072061281954360025
0.15187139196286037
0.009869840486388615
0.09069031474863647
0.10451510368181596
0.13746875822693874
