0.2712291825339751
0.08673267287878504
0.07177504772592061
0.28175770920826876
0.12906008834144628
0.08317549577573177
0.029895029672471554
0.07670156672582128
0.16482626826528451
0.04301828201304322
0.10221312798437185
0.09830642170545083
0.08992104599805661
0.17244812041608706
0.01745454614375954
0.0809998244230564
0.02624555718308819
0.16991456638332234
0.11836202655588282
0.07391519413052906
0.08794426508251793
0.08299523268107416
0.036620943250185466
0.05935308108623547
0.13164738560948056
0.1201943817286273
0.40389499878421586
0.00010816963031421003
0.08982176346055655
0.05820485228640232
0.05126213813373728
0.08530763710901518
0.08642141651200821
0.028639868767564178
0.12793804176910362
0.09114541436544389
0.03835947046361874
