0.013036357547257687
0.12956495713958502
0.022553292847789286
0.09624130831898085
0.4479469244341121
0.1152305569245652
0.05249418108414547
0.11487322649033539
0.08067423290950922
0.33202208955147716
0.03445320069138613
0.010276265386937855
0.10778497341739239
0.11160415248507713
0.10467744070849333
0.1046050383601331
0.030739536921080356
0.08237710297801557
0.09407833888825255
0.06633485908174779
0.19324011923424744
0.004728130160932068
0.09236983863820451
0.10966527772159408
0.5389913273839755
