0.03627188606820269
0.15810135699375893
0.013772623382040721
0.07969004883016875
0.10335300864526513
0.04000345651460848
0.0884947720739886
0.4974445600123216
0.027859932540304957
0.22071566905159984
0.04070088850529094
0.09665014586384192
0.11732336232660212
0.0031109190509675234
0.11154633526030382
0.154140321927985
0.07814167665951703
0.06403598002618456
0.11438282494949929
0.067631988565062
0.1405235543812851
0.06782387199197025
0.1993776778901216
0.01775931803765096
0.1776711631168855
0.09379988290749328
0.07341344915957908
0.11687592511828683
0.0319963811208196
0.1317115605485207
0.23484977389538533
0.04980373473739976
0.288749712938208
0.03861396324204561
0.10086961595268802
0.07671042255344634
0.0798962191105443
0.013009495783525856
0.15714939091301436
0.10433979047092744
0.0421287714706476
0.12524664596004265
0.007425335023395359
0.010937081797802043
0.06903030119435176
0.016023406818376405
0.12876633502950954
