0.010749564439808554
0.10533581936325738
0.07820736107147283
0.16522203701718866
0.09467775144532349
0.09671199392820203
0.1599562661215252
0.13066180800479757
0.07782630795247464
0.019206443949957294
0.09193451195301325
0.1446994387797587
0.004225302247330143
0.17032214142285834
0.1350310848700704
0.05053052793825595
0.021571170398283802
0.37743798855992705
0.002977891222807058
0.13714207547543614
0.10411200741839689
0.09299061611739488
0.07877047486778702
0.05168780280245617
0.1971781806358386
0.09297394438317215
0.05548453955000559
0.00448226238426452
0.07126010818063451
0.08347310824292851
0.031250692957491895
0.12362872639505011
0.09364461890724027
0.1895526189279793
0.13623918222357878
0.016512694509124976
0.026013730933899123
0.5480333812161037
0.18160030291974602
0.10962188772729717
0.06314036810381908
0.10067408289811447
0.420068968388213
