0.0991476234300027
0.07590693295023497
0.02991489980518387
0.021013592256950736
0.03786568441276218
0.047156560397784895
0.0999904997104267
0.16539720142487818
0.015298907733891974
0.11335746717855477
0.12056235897138232
0.05031528023256069
0.17508054808171894
0.07557504154388736
0.09614184855189797
0.4428229041149246
0.10438249541860127
0.07973897173346757
0.07317267985690853
0.07538575440867772
0.11001593331201079
0.21317095523859944
0.08862098851610935
0.07867234865620046
0.08744669544155309
0.1618634198446728
0.031253931151487724
0.27550429899145196
0.036139340961282684
0.037889732895676556
0.22760480911168007
0.043807073503009275
0.0011466749440220032
0.011108596419534366
0.05145485196972413
0.035662209010492246
0.0539218662106295
0.12269425780611506
0.029889411213489557
0.03747184838507599
0.019850536204433143
0.07510650795872896
