0.10794025050917526
0.1921296714525501
0.005833374612005762
0.3108245983616205
0.10199902909290498
0.1887659924771964
0.41566979890974254
0.12055277417373507
0.048542120093547796
0.052140136362277864
0.08963716968388424
0.09999258976962586
0.08915483491782383
0.06066409160350085
0.039253121652243775
0.022092525272925916
0.03291071564210503
0.15250058599536342
0.004901454728597066
0.12364656091579966
0.05222894176159589
0.07052400248646779
0.09331342474816419
0.10791945388153205
1.5302354221589685
0.00020332082469939707
0.0715357099823489
0.3416375465483379
0.021803376330652977
0.01804632684653458
0.4950062385450249
0.13066708742811672
0.01566650856285418
0.00527544615428258
0.5126481969768759
0.011913728127685317
0.10257328243030507
0.05771514223527799
0.17839015507248893
0.018090750202684983
0.014102019880226595
0.027570282211755025
0.028614922316686248
0.1183231062644057
0.041458269210318796
