0.04494368270922459
0.10407466501091589
0.10212297629346251
0.10810640234268719
0.1228435473842875
0.0016456944718673506
0.03885710441512278
0.015518261583387686
0.035073315156312006
0.10119898602060058
0.04775127259585259
0.10531803385708474
0.05470569837453016
0.02730333171155066
0.10695900054705611
0.09825474866458506
0.09446426789803058
0.15493288627775084
0.04928991679191271
0.1065409180150303
0.03758818354975675
0.12708874235094378
0.11276186413161977
0.10835544281088753
0.6102806010959166
0.09648389341500051
0.09120593848836374
0.030644398845851486
0.11188654274656844
0.3102285717995106
0.08328338871670386
0.12686097791948772
0.06736897158186723
0.09379219362720381
0.09123298670428796
0.09474002086281502
0.09675181203202404
0.10768078454537165
0.07977711915959343
0.055793872610367105
0.030081920210968525
0.07960672897427767
0.07297848532478103
0.35237785721575243
0.03539516934459916
0.004388130552351605
0.08105834100909176
0.13446342178020282
0.05052544099702137
0.0864100914718616
0.022532535137537977
0.08843753477630004
0.08409080136077463
