0.0849415109215829
0.09206306048368433
0.08021066305983222
0.1752783602153946
0.025022900797784898
0.053075792756211986
0.07370409565480256
0.2839663298802574
0.003533057112203132
0.05407329524514677
0.2643868895623956
0.023915107086469038
0.08066368446309721
0.052605044929384434
0.030568467772488214
0.08972205714422177
0.10937097349439527
0.013150269623783364
0.011067795936717388
0.09613415959416767
0.1434160256006734
0.10152579208003333
0.09311610488313797
0.009287472725583312
0.08355116410726357
0.1406019415324926
0.09683017096435897
0.024798948580559275
0.44748445479413584
0.023935027148769047
0.08224209198123904
0.0782811060431681
0.2193984690178783
0.07766132114586985
0.15004345950281933
