0.18574822501847787
0.5207485241439128
0.5001704790886341
0.21895036327251813
0.014506610820828183
0.34632015472112243
0.24523423352833973
0.052215990699813586
0.009739210720064884
0.0804556105928689
0.1283638765741407
0.05737892021090934
0.11894322965681038
0.3943168706404185
0.021542815032724507
0.7711926152565601
0.011326252304433715
0.07932394057407093
0.03161195554679449
0.29422394535152463
0.12908853602347253
0.5017710389119107
0.37863117127237583
0.5683439685517531
0.22532210253184826
0.24075115452955737
0.07675310267467735
0.18927871682705077
0.08114007800230749
0.18611588179760083
0.08737369207800956
0.11845451244786769
0.16115636959083815
0.8054247431719138
0.024058818191817648
0.04539100787809142
0.1393867047322126
0.16819325031217722
0.117684615041577
0.2902405653739669
0.2690323191537577
0.4032281191178236
0.0881001839177037
0.2714806817302073
0.010823688608009677
0.010847835155568038
0.3162789912688442
0.07693389245249399
