0.0034658247302764007
0.12134757219482338
0.07479298035689455
0.18954361705858114
0.0015536101434144292
0.41715119607485607
0.10989688669307883
0.0973898742046529
0.1600569017174841
0.16342107798088226
0.06171205713137694
0.1274933519043014
0.10735192501655318
0.07321541301042252
0.04986696014115792
0.14252960564308273
0.05970590539143593
0.03003145461830848
0.07552536824080337
0.024702644292941115
0.3696459042484789
0.003071613543275443
0.3705704789567701
0.01849250413080968
0.12054735378128195
0.07337690144954385
0.11629593483650047
0.05797753600172877
0.12147901637813094
0.1735035119535066
0.0023488333719843047
0.082064412395003
0.08413925979885388
0.25850805613125577
0.2670446875654437
0.03234396417521363
0.07353697654502357
0.1259554641022984
0.2312796111879711
0.026984886349106688
1.3386489218240607
0.026494649821017433
0.03894315772379269
0.3414875572573241
0.015319511863380948
