0.08792098073292376
0.07306769311597576
0.05876315414503956
0.14004779181991586
0.4179375273040938
0.3095478038019029
0.3302893821674126
0.0757459512624717
0.11842403367553267
0.13311793589408777
0.13322928310791832
0.0858678567500748
0.08110812283365841
0.09053907947435598
0.11295190515882556
0.07430550263590069
0.10225179433426826
0.11471189319839672
0.11930528155525441
0.12169115783211193
0.05997809107963669
0.027200473895305548
0.05302574345362766
0.11632578917180855
0.08165976398777373
0.09824546492282846
0.03274439487868939
0.046475750442713834
0.04526251305814108
0.11425232705971032
0.14387216234198177
0.0019689473833694768
0.1305852958935625
0.11818392669806134
0.0049530432162306235
0.15833822774836998
0.03514758691507981
0.013399870882670027
0.03588030376091017
