0.035663273884391396
0.10153143628709167
0.04831662366731374
0.12386670629022187
0.09105234947703648
0.08103688883868347
0.05513632949852248
0.1460465622124906
0.04065544537845553
0.6725704551225684
0.010145713940064732
0.0931271318719075
0.14270059122136405
0.057576538375833
0.11513356820677419
0.08210991949356236
0.07965297498253356
0.08204487216613181
0.12722086639825045
0.11054789990878942
0.0570075757291843
0.0013700745038088104
0.028415000000296696
0.13733677555644838
0.0019936726139379154
0.09954487102920065
0.02021200292901513
0.07173536445142625
0.1034650336261146
0.09891945020591827
0.027104831935475786
0.011345966066215834
0.059062898805097436
0.6217559541767372
0.36455622581820757
0.07848548985704758
0.09803126849104121
0.09386192360253522
0.36546183804545535
0.027305819018239343
0.46041338643823415
0.1996058712193305
