0.12094861073958878
0.09761664977478396
0.22130304576141394
0.012310940978694061
0.0714842116524584
0.3924149990170109
0.0792558623110295
0.04895744389626312
0.07727666999492781
0.06085375289267215
0.4401842038840767
0.04175621419147153
0.3432278467491728
0.0009403526349272283
0.033801815847054884
0.4638626638248652
0.01700294168241642
0.09388912697203503
0.2825953762092886
0.06391449407173729
0.11063832837310619
0.05252571212800996
0.09863836989592474
0.0039119542450510745
0.008237603874352606
0.34961006824707874
0.01587803072562427
0.1275949869449973
0.02038311467429098
0.06472595587235139
0.015470961493092373
0.2294343558378562
0.03195341163408523
0.12334923203397827
0.0758835886863584
0.0019022182722065616
0.04720214978339606
0.1940855245126684
