0.036214776364577594
0.12233795369129534
0.02183970492681799
0.07447767233862576
0.05218267519612105
0.079104615979571
0.04852599988560941
0.09497089613287465
0.05409884517064963
0.09605465566920737
0.09695584288663582
0.08345514268116008
0.03952448828599028
0.10394415376961347
0.08789717994186876
0.10916161538013719
0.0632461454229757
0.09941101363332853
0.0874325024331351
0.02935061876405339
0.13672689197817692
0.1183755775247939
0.33797706692189483
0.011883281300422438
0.09704788738274132
0.5911543724425355
0.012421537241699481
0.25611376836838107
0.00659964195764014
0.08634933031687232
0.029074692851907814
0.25372888514041925
0.01733680986470345
0.32887038605855895
0.02265821322629927
0.16867507764100287
0.0979864153121333
