0.0015218835848246895
0.12770878501979605
0.06126819406724236
0.009270596043989915
0.11130779119987662
0.058758147242336266
0.2283132775855438
0.06189120255025536
0.24672429790789135
0.11309131458829196
0.10771044237326666
0.03738738057748538
0.09561150001467421
0.018196933057046984
0.16782120068073972
0.003772347594416212
0.010988408682551194
0.03900119492040005
0.13515385020940035
0.010453042218843439
0.08620337368116372
0.19314088695591602
0.11319316780476096
0.3199194510939627
0.048041005577731874
0.16361295452965469
0.0025827667341473655
0.05140004056403365
0.02007517811327224
0.35055074149577364
0.18877059825047748
0.29552267029946583
0.00973828642493889
0.24101646604645696
0.1259017307497257
0.07205424303479285
0.285783876047454
0.017789936536601044
0.12601504845751837
0.06448751352285904
0.3733183502470785
