0.07737946929906103
0.06323822616511302
0.10887288128098765
0.039897053617001826
0.08096078556496437
0.10980706221736264
0.06862112141653458
0.09480320681263783
0.08979266862010604
0.11215725260749936
0.10216055530933311
0.23933618715661942
0.014281696186503042
0.004086391283177424
0.1616621898154695
0.009799988629159663
0.15241618980186344
0.014276552016574176
0.08477721974501241
0.07386355996428748
0.18729268231988982
0.11011579729721924
0.014361065829047205
0.10834248107697934
0.08233185112732802
0.08231866155193387
0.014760858900740782
0.0040484588337784495
0.07801902339403777
0.10525745395843797
0.06930290530432105
0.14090547402595952
0.055043079002688663
0.07534672863746218
0.27442492874172897
0.2764323289151726
0.010277851082484421
0.09749971326380964
0.10556982643344587
0.10172701714502878
0.16692348586995973
0.004063903494122626
0.03121892953120646
0.07125987585196542
0.09637165582339244
0.024249792564894092
0.09846464714351627
0.12845249611156234
0.016174491457566255
