0.019565180737423946
0.10339056188380974
0.1268635669415964
0.10338261373628892
0.08623437393396507
0.039405270559029086
0.20739276895114492
0.019992868739736182
0.07876550987872925
0.794701820949775
0.093359482415191
0.025239374981257532
0.1524097795366346
0.03819916718155653
0.109427095865486
0.03196450388810338
0.2264537414104366
0.0028761667250248486
0.2985654791443417
0.044548705034118334
0.3272282476412403
0.02157747254461942
0.4965863130093833
0.018124805287317275
0.21749845400178427
0.2911472361611467
0.8759285299600047
0.2980049694333832
0.05114361839980675
0.10367849240651002
0.536025559378099
0.14201581817366216
0.5497290688841369
0.35926040416069166
0.04087496142566437
0.2312369397378654
0.17601586617382672
0.14560984316219605
0.08672126728143001
0.2307008656170133
0.032824106971092976
0.009951668472764023
0.25602143187077414
0.1394537385355354
0.19482254329061505
0.15296618046740929
0.03563184473663843
