0.20893539845718284
0.05411921105790229
0.07816266722932652
0.18794713925978634
0.013854765798084857
0.08095196508648243
0.04994197573618697
0.08735325866010173
0.21587648982024252
0.04048356258426091
0.05954660135369133
0.1019070775124395
0.11562477419461728
0.15129061248239414
0.06280392124746156
0.3630332597807672
0.22455926821393302
0.0023776413206346957
0.06594905694870938
0.09664592818059552
0.4520968196003974
0.020178034794691043
0.1342099625758344
0.008737451308978607
0.04978075817682968
0.1693823964915895
0.032453666298773214
0.07385986910661899
0.10313898937887649
0.10991819525041341
0.04649197491607281
0.010141238779942373
0.2458648991111892
0.0032023899576356977
0.10041016325296293
0.014600360012401243
0.10907212498359693
0.09309291979379479
0.1902258661649637
0.043233421023096144
0.1310164171162001
0.09324879187915905
0.0705015296028444
0.0867224494100429
0.14553812115005943
