0.18987870091346307
0.13322299744187632
0.06825438437569303
0.09763830399589452
0.09950984862446415
0.06756465673902594
0.20697885511639177
0.03636806308548192
0.15481146469416276
0.07531758204796855
0.043959119918401644
0.09621346584884338
0.24284889888104388
0.01372747411316413
0.49047981060328594
0.2898039736776381
0.026212016128855733
0.06802672173141436
0.37371923904450594
0.013340667864627667
0.09273336944175553
0.03853862676990414
0.18994019103802426
0.05643086155531871
0.20213578063418214
0.2905338334916318
0.04411909774874361
0.19188538190415685
0.10029398047788253
0.13760618365969396
0.34783757822360456
0.039348590273166034
0.05410258461352936
0.0116701483755363
0.01459097879189198
0.12257610391792599
0.009345486051903771
0.010338906067188292
0.31147011200302893
0.0021481529728582735
0.09608089520660293
0.43097182170274334
