0.05700213491589472
0.04196738315800995
0.3472625099142169
0.090172932006766
0.14885167539925082
0.07201979794702887
0.008806986549479506
0.0358797462261255
0.026583083733670392
0.032349467679233995
0.01668147937928437
0.13559560897079484
0.11100971111698421
0.11896153645812536
0.3744287255557116
0.01879127526688657
0.08431879368202616
0.10070986550889331
0.12799627666661695
0.013281066748433353
0.010776123044673395
0.2115825739276326
0.004425782809633913
0.10392855895221922
0.0806326760055305
0.010557596587647473
0.28892913081195853
0.10188145739527489
0.01604114719850088
0.06103173403373566
0.013409602890203704
0.14236221281695832
0.014801454990301631
0.259866611294644
0.00788370617267649
0.11777014869133152
0.11317735153828001
0.0882190250282825
0.0009342878993772346
0.0885345167708693
