0.2792431706277793
0.09456743533098955
0.10899236340554493
0.6619262747408926
0.00475302621276513
0.07646338917706906
0.08316657187842245
0.08620858750783153
0.17740321523205643
0.007468433817478291
0.028568430873675214
0.08786344535690124
0.10432727929927464
0.08061047141824357
0.0033554226142534934
0.09371737046445434
0.06480080193634424
0.13231722473817567
0.0075610765429156655
0.09335584356754809
0.14906030451216892
0.3049117400437396
0.2519879817439508
0.08094955076570444
0.2535122061551164
0.025218235149095845
0.43919741335440166
0.051921005539971365
0.016256161052458907
0.01136851426962071
0.057173284533357766
0.017318624690575983
1.12447034084376
