0.13266876975028793
0.040414478000376265
0.13102350620168451
0.05146314799349227
0.12583541788324307
0.00979564928534871
0.20211234107546341
0.167902550064712
0.049924991442625084
0.10788802580816313
0.01717711029085011
0.22549991887137938
0.009627177793364429
0.10904479838441862
0.013975198489714456
0.14547194021641355
0.03633794102931955
0.05218223771463189
0.06519788478255112
0.42417967259644496
0.16517417237266932
0.08505551915042564
0.23004569187447133
0.00041215751314637204
0.15155010353027076
0.16451056421941854
0.06800131490890239
0.10152464179206878
0.06792539481385569
0.016472162289428514
0.1638140353962238
0.009705379679758467
0.12541808342937436
0.01746665410064997
0.03098143377415064
0.4080319140950276
0.11693124841761156
0.030998343957338644
0.0903246879204322
0.28268226190832785
0.02803485490038368
0.14719255125991043
0.12122810461967225
0.10164911491698758
