nan
nan
nan
nan
nan
nan
nan
nan
nan
nan
nan
nan
nan
nan
nan
nan
nan
nan
nan
-5.4027424704
-6.06810061493
-7.03007117307
-7.91715791647
-8.30004563993
-7.86113632807
-6.5377308476
-4.57187778323
-2.43435576839
-0.644802438501
0.439206460728
0.769651073494
0.619226680407
0.442284281187
0.642953995967
1.35737747871
2.35820424508
3.13758978891
3.14120693019
2.04929985683
-0.0299109567238
-2.55563274814
-4.75442192042
-5.94203607958
-5.82135602826
-4.61535766238
-2.96790647551
-1.65437704232
-1.23612210766
-1.82154017095
-3.04591042425
-4.27559233443
-4.93182376659
-4.77069597744
-3.97951936636
-3.04496032288
-2.46721010212
-2.47573946731
-2.90248925151
-3.28533609811
-3.14980198377
-2.31538322516
-1.05013290431
0.0304049938571
0.289458576575
-0.538230845376
-2.09926630224
-3.47679604326
-3.56155981289
-1.58879848762
2.41024853702
7.47666587236
12.0115963969
14.3893172842
13.6403624838
9.90030108325
4.41137173289
-0.941713992746
-4.37206551447
-4.89141873209
-2.67189084664
1.07982802674
4.66820861589
6.62534632537
6.28412526212
3.97211710787
0.770383409689
-2.02316159964
-3.46554092435
-3.32067446626
-2.05738288038
-0.531925891202
0.466024607231
0.57982897325
0.00378274172861
-0.676121880595
-0.814590150631
-0.0386758822132
1.57565191272
3.54647793614
5.20391925278
5.96521048381
5.54162793237
4.00419569204
1.711405125
-0.839767361699
-3.16409556957
-4.89110537107
-5.8147837682
-5.91155695075
-5.34549217052
-4.45512414559
-3.69494732741
-3.51040092973
-4.16299978144
-5.57186411556
-7.26425340149
-8.50274080239
-8.57964561844
-7.17302839344
-4.59549960902
-1.78177219439
0.0377717028535
-0.120016204519
-2.45743963721
-6.13320697416
-9.4430596944
-10.4297302829
-7.70394329757
-1.13360827537
7.91878364776
16.9580436626
23.2120222958
24.6541817263
20.778672006
12.8053948936
3.22707380826
-5.11498934752
-10.0468978447
-10.7638429595
-7.959696002
-3.37873371505
0.976230915455
3.62258501026
4.04885767224
2.69885210068
0.568913335546
-1.34310881375
-2.46749523571
-2.79863427465
-2.73068623717
-2.7323275187
-3.0569331585
-3.63432158217
-4.17091269746
-4.36705805207
-4.10649938176
-3.50655016773
-2.81224828004
-2.21492778574
-1.71890490441
-1.14615193765
-0.28001506778
0.941213345091
2.30767992648
3.38646545473
3.72873093172
3.13169087639
1.80791029684
0.352337211971
-0.499961801868
-0.21878095339
1.24313599713
3.38470411957
5.3484106988
6.28647351782
5.72995332397
3.78679207206
1.07921972409
-1.54097309172
-3.35507075203
-4.04375223751
-3.74158376294
-2.87798753124
-1.91040996975
-1.10039687713
-0.445110408448
0.219606314344
1.02734639741
1.92900981332
2.67766978785
2.95935940315
2.5861706295
1.62649446776
0.38244111419
-0.782591251206
-1.66659760404
-2.36065099036
-3.19096617104
-4.48081444039
-6.25649129622
-8.07536947278
-9.10897575975
-8.48539056131
-5.74731109511
-1.19578192394
4.08103852892
8.55416453148
10.8485214399
10.3215156919
7.34745318926
3.15679471742
-0.709938861828
-3.08223262568
-3.6484110042
-3.01456771002
-2.30411788429
-2.49851915015
-3.85448245313
-5.70122950858
-6.73447074519
-5.6725512503
-1.95065626512
3.90100516258
10.4002827475
15.7261247433
18.5132802581
18.4429953148
16.3380981386
13.7125303858
11.9957034675
11.8158943299
12.7007572188
13.347728345
12.3333294194
8.90902946141
3.48325444254
-2.46045411038
-6.9836379722
-8.5611098652
-6.78307031237
-2.55524011994
2.29795034232
5.83707810934
6.83842083413
5.26757576931
2.19185918705
-0.800383359972
-2.37534959725
-2.04834185864
-0.328250291062
1.62529685634
2.63142399746
2.07658956621
0.176256725539
-2.19539975683
-3.98999102936
-4.51549174817
-3.73945451171
-2.22668589428
-0.772667654937
0.0488777991472
0.171748687442
0.00635190525337
0.122692137136
0.837921541637
1.95275334487
2.79990730139
2.59542637343
0.912282235746
-1.9827428503
-5.12952553788
-7.24530336409
-7.30620802428
-5.06218367159
-1.22623126527
2.77245331057
5.3746867232
5.55563112006
3.26480119182
-0.558619142558
-4.39965414106
-6.81949827038
-7.05119791509
-5.27968217059
-2.49907939322
-0.0344603316241
1.04055565488
0.328391273017
-1.79721500316
-4.43521161893
-6.59753164653
-7.62843265341
-7.41797121104
-6.33939787221
-4.97632745903
-3.7971242998
-2.9419011665
-2.21570516476
-1.27110292882
0.129693389962
1.91602123504
3.67819144154
4.82417632085
4.85186411831
3.61108375401
1.43371941123
-0.932990178577
-2.57256418632
-2.7343763901
-1.131274126
1.91462064929
5.53886834608
8.60065040047
10.0630576557
9.35898366179
6.61147381761
2.62005048458
-1.3978516818
-4.23160938817
-5.11909677074
-4.03467422256
-1.69671576502
0.730371528294
2.13901631582
1.98679707918
0.58654229627
-0.973306265251
-1.28037512499
0.74388952675
5.25865366998
11.2661664609
16.8690882024
19.9600769245
19.0802634532
14.0848443884
6.3121019732
-1.8481506988
-7.83178758149
-9.86586872514
-7.61512545175
-2.23441852038
4.18789230835
9.53982408615
12.5369958768
13.1371271198
12.349962881
11.5633349
11.7353935107
12.8619153803
13.9859228797
13.7422282156
11.1561322809
6.27948525614
0.319436095245
-4.83573314506
-7.48350166536
-6.94587917554
-3.95252206966
-0.348616221784
1.76519327493
1.06555973974
-2.28868262302
-6.64399047233
-9.57654412055
-9.04349178837
-4.43138634562
3.00238914029
10.5341677623
15.0778464116
14.5139931467
8.65484129391
-0.591467561127
-9.94176370064
-16.0374604021
-16.765225465
-12.0412496223
-3.74833989607
5.10920349187
11.6360857524
14.1238896158
12.5418308498
8.29388678026
3.42683751593
-0.305065688538
-2.0943855458
-2.20540774939
-1.59394450487
-1.27881910245
-1.80708632782
-3.06503869727
-4.48133468984
-5.45947017482
-5.77047621147
-5.68054831887
-5.75026259118
-6.43091570401
-7.69818431439
-8.94486687837
-9.21517795014
-7.6778722745
-4.10196893003
0.913335904269
6.08726379927
9.93243334454
11.343458596
10.0300459543
6.60030242243
2.2672346388
-1.67258222805
-4.34041306944
-5.53304067987
-5.64318365051
-5.31750530965
-5.04902507937
-4.91806719381
-4.60477730399
-3.64735430928
-1.79131413384
0.768715092305
3.39224640976
5.24730313526
5.68910093563
4.57033505283
2.32419134294
-0.223887616152
-2.22322922761
-3.16293295546
-3.05788123698
-2.37169267309
-1.72631997307
-1.55439645127
-1.87586059448
-2.31272611893
-2.3302056806
-1.57301116175
-0.113524373004
1.52924053894
2.62470377659
2.61204274821
1.43761667688
-0.331265782439
-1.69531553198
-1.64977489011
0.335949824137
4.00633906073
8.33045346732
11.8505286007
13.233153492
11.7946600259
7.77917853012
2.27172330972
-3.21657952742
-7.31672251796
-9.28877858948
-9.23398884643
-7.96048668422
-6.57913167944
-6.01512678113
-6.64598944994
-8.20975211632
-10.001724239
-11.2508229901
-11.4930659613
-10.770485142
-9.57086051407
-8.54638615342
-8.15217788302
-8.382764648
-8.74019022747
-8.46094746834
-6.90766728377
-3.94906436116
-0.145579657891
3.36649378917
5.27275826006
4.61505677994
1.24654343903
-3.99159193661
-9.46970714178
-13.2963680584
-13.9881308499
-11.0316472326
-5.1178510407
2.0531565535
8.3357298272
11.8679750936
11.6985808678
8.08119928562
2.33364477054
0.388796047631
-4.14590784503
-6.17965661379
-5.69058245175
-3.54290795731
-1.04916579627
0.597698520416
0.788215822245
-0.321650831773
-1.96282526541
-3.15171276955
-3.15066369891
-1.79144139091
0.4676074989
2.75978167603
4.19518816212
4.23912486203
2.92211208953
0.800424439079
-1.30312634581
-2.65594104501
-2.91219119245
-2.22510912271
-1.13580649514
-0.296785010045
-0.156297205127
-0.741260558236
-1.62973382858
-2.1216271878
-1.53424103543
0.49917655155
3.84698479343
7.88255889507
11.6697441932
14.2589711511
14.9862072204
13.6725640359
10.6641591019
6.71105278447
2.73774354365
-0.412529704559
-2.17916294599
-2.3794505265
-1.18815843794
0.969112180998
3.5569192423
6.05374205027
8.02672822326
9.15466161641
9.22134278678
8.11152949454
5.83241502516
2.55994952674
-1.31704569559
-5.19683879538
-8.34376393404
-10.0517019246
-9.85600262733
-7.72251720315
-4.13216976504
-0.00443689087213
3.54151751428
5.52324823456
5.41523830109
3.33141294546
-0.00943739743977
-3.53528527907
-6.20317922326
-7.36903975543
-7.0008621794
-5.65020214692
-4.19351942677
-3.44963667809
-3.83159321116
-5.17710891196
-6.82657659686
-7.91276495505
-7.73736617565
-6.07467210394
-3.27664632158
-0.140671774689
2.39769666735
3.61395261632
3.24220137331
1.52892584875
-0.911358358103
-3.35953024627
-5.25310926409
-6.3387572876
-6.66994191185
-6.47845954172
-6.00187258781
-5.35789003074
-4.52123691693
-3.39985177411
-1.95608309151
-0.299519463286
1.30204032023
2.50128323304
3.0010108237
2.67199860193
1.60516171969
0.078436908821
-1.54078627131
-2.91102067503
-3.80296933141
-4.13186573503
-3.94040781923
-3.35689724821
-2.55464333187
-1.72439620798
-1.05380535479
-0.700050867625
-0.749678213155
-1.17764030521
-1.83191777941
-2.46789173693
-2.83463937422
-2.78355089324
-2.34692502874
-1.73741759057
-1.2525146538
-1.11819801219
-1.3468502248
-1.69103682433
-1.7371184619
-1.11383951173
0.276476219176
2.126017034
3.78048889584
4.49726462818
3.80964643422
1.83420674283
-0.641077614478
-2.3697776289
-2.1121978698
0.820229937111
6.17264617679
12.6967019379
18.5024414501
21.7041499439
21.1196005732
16.7450996144
9.80779853979
2.36187599332
-3.42214883023
-6.00281635355
-4.96454550671
-1.08700145732
4.01758360789
8.53420859821
11.0827368738
11.120701137
8.98314867371
5.58967013536
1.98100535775
-1.10035364657
-3.41528197309
-5.16199980841
-6.70958564711
-8.2860525223
-9.78305917112
-10.7715612787
-10.7156148128
-9.27572728363
-6.55110631583
-3.13822240487
0.0339344877193
2.03190271048
2.27634465531
0.782705829861
-1.81818858791
-4.49389835312
-6.17997550432
-6.16604119444
-4.3530345958
-1.28624120537
2.04596936741
4.57013164044
5.50789910146
4.63848958746
2.35044319991
-0.4076683176150766
-2.812788480184409
-4.14782059731
-4.27464527736
-3.33597147658
-1.94572474369
-0.797673315313
-0.384214701488
-0.826044209521
-1.87423108826
-3.06809692816
-3.96471181034
-4.32926033693
-4.20157946381
-3.81962035422
-3.45311371929
-3.24415420728
-3.14361668785
-2.97683475832
-2.59729724268
-2.0330452547
-1.52779880008
-1.43258586882
-1.98850937987
-3.11297158968
-4.31902552976
-4.84478418527
-3.96730687964
-1.37204237861
2.6007926513
6.97553861499
10.4561121842
11.9264386462
10.9255273313
7.87882499952
3.96384511567
0.64899271276
-0.903504507788
-0.309823946017
1.89950354335
4.54202801496
6.32492880935
6.41838313202
4.80040029391
2.22191274361
-0.179415952547
-1.42419930476
-1.13316322158
0.338532477831
2.12374256908
3.29679715163
3.32398047546
2.28814678613
0.787207344854
-0.423742809568
-0.847030085878
-0.490748956548
0.17798803652
0.542112624156
0.229494194031
-0.632067438651
-1.45271483929
-1.50596003476
-0.375130876128
1.72360181525
3.93579237748
5.11776496769
4.39066207682
1.63061631663
-2.36134323337
-6.12207166513
-8.12622142469
-7.4577650044
-4.24148505237
0.373319158941
4.67844712122
7.11358632539
6.89447236492
4.28297920241
0.391814190738
-3.36403192551
-5.89671426542
-6.85868684951
-6.6616261189
-6.12411107476
-5.95261398669
-6.33338459875
-6.84410742596
-6.72195035499
-5.33788038662
-2.62039938946
0.802241581797
3.82851937498
5.37784483582
4.913582745
2.7364310023
-0.102703562013
-2.24024468427
-2.59190297838
-0.831216685168
2.45916038489
6.02646791976
8.46594507867
8.78982097756
6.8087821445
3.18143357557
-0.864500574906
-4.00279615146
-5.27327372973
-4.36963274143
-1.67177765296
1.94870900039
5.44569221011
7.91446374591
8.81360411023
8.05406121368
5.96499650602
3.1713289146
0.421784821502
-1.59846886856
-2.43783437036
-1.99436507624
-0.541615382393
1.35613716698
3.02527124871
3.90546412286
3.73182894861
2.60249623408
0.902763401338
-0.878472226474
-2.35242677058
-3.35687161222
-3.94892826539
-4.28077009475
-4.44078314479
-4.36365539512
-3.87332946446
-2.84120221679
-1.36313013915
0.169642844422
1.18533745819
1.21032936154
0.183693805784
-1.36970466798
-2.44088726293
-1.92031226016
0.880027233401
5.80587472476
11.7658971564
17.0549260148
19.9934928372
19.6189083109
16.1154365526
10.7712207139
5.45818603601
1.85261528151
0.741682272711
1.72972462651
3.47775329674
4.36375838365
3.25652688319
0.0454835639879
-4.31241757614
-8.2381596408
-10.2484856839
-9.60670050544
-6.61226288793
-2.41785456559
1.51027202243
4.0136158933
4.65241377411
3.74028923659
2.03461258696
0.280806281085
-1.13935104323
-2.28728234466
-3.47108315472
-4.92282026547
-6.55997226772
-7.97895955821
-8.68267360605
-8.39905763724
-7.28744577339
-5.88917453743
-4.82689179272
-4.41039690399
-4.37772565451
-3.94390142883
-2.17096476961
1.50592248339
6.86320925254
12.8165820561
17.7636324979
20.2072309392
19.3779176829
15.563215405
9.98688091432
4.29548993273
-0.104153063525
-2.54887593508
-3.24462795042
-2.98764041873
-2.65393438482
-2.7323587102
-3.13359984345
-3.34720318981
-2.82901361058
-1.38402040197
0.675293036493
2.67966270001
3.96903315092
4.25805636977
3.78694347495
3.16708026375
3.00687534393
3.53274805162
4.42895544299
5.00058386373
4.58074583648
2.9575722022
0.572536469443
-1.64253132869
-2.72552254342
-2.20525029864
-0.397769166917
1.70286353716
2.90946300624
2.46612319982
0.486304022791
-2.04065758334
-3.70432744005
-3.37739968926
-0.81683756277
3.15242162961
6.98225685946
9.11823496545
8.737856232
6.14096094948
2.59368231676
-0.297749158359
-1.36824408438
-0.436110400961
1.66443899167
3.56817572959
4.12151823817
2.99099676475
0.817964753969
-1.15949512985
-1.81302684421
-0.776842223993
1.31162242545
3.12694437459
3.37459722612
1.53895715443
-1.7438540584
-4.90967345032
-6.20292956493
-4.57137841335
-0.268037494844
5.15810334969
9.50313826227
10.8870384879
8.60380861939
3.43465430484
-2.72365806782
-7.73000187048
-10.1450317753
-9.80031412137
-7.73420255167
-5.55602548536
-4.57935096039
-5.16706497522
-6.60880842381
-7.57179524458
-6.87381682344
-4.17001614683
-0.198724235351
3.53631671424
5.48163022669
4.7843128974
1.70406712278
-2.50847869726
-6.19336272544
-8.02640285366
-7.56523549201
-5.350231763
-2.54634735382
-0.336979836806
0.614191162403
0.378537495659
-0.414348979844
-1.00857974945
-0.953051816336
-0.300941879019
0.506582552337
0.974818099902
0.894194706645
0.478989132031
0.22709635202
0.588619964393
1.6445513068
2.99377243485
3.92940713899
3.81995130498
2.48907182736
0.378684318852
-1.61029108058
-2.53440078823
-1.87616062716
0.174663887644
2.7753019642
4.79943495979
5.34330453909
4.12374259198
1.58177439539
-1.34454127984
-3.65223217409
-4.69353970569
-4.38993562084
-3.16445441414
-1.66359569559
-0.436550153994
0.261520791857
0.465687873222
0.343281740867
0.0117568958506
-0.53897793545
-1.37246608776
-2.44182559199
-3.46715801339
-3.96988315616
-3.48553413869
-1.85753010393
0.557810798096
2.92187005726
4.2129732127
3.67981309218
1.23413332192
-2.4254926053
-6.04799725469
-8.33617367158
-8.49664213999
-6.5719914642
-3.39189918994
-0.163713600571
2.09950265316
3.03470266408
3.04798396359
3.045774141
3.92098196719
6.05788079654
9.10596919123
12.1331625567
14.0750043336
14.2484933729
12.6712982803
10.0314633889
7.33312792204
5.40633336569
4.53108292107
4.35858366957
4.15454539158
3.22468405196
1.29607772847
-1.33871402305
-3.9768526168
-5.86501270414
-6.56884918659
-6.16305097083
-5.15640313786
-4.20822169699
-3.79628212918
-4.00945654959
-4.55930291502
-4.9818460849
-4.90287923391
-4.21881244035
-3.10680611168
-1.8824430593
-0.808280603295
0.0257632035005
0.685801684603
1.27005515567
1.77776964331
2.07546917821
1.9985633605
1.52935263799
0.926333228643
0.690309517496
1.3417160483
3.10385122105
5.66752436198
8.19920648811
9.64234353063
9.20254527655
6.78690415125
3.1580462317
-0.31726057578
-2.24785998599
-1.87162672153
0.534657744562
3.71146282402
5.9462830784
5.851229091
3.02792951035
-1.70384189576
-6.63949608058
-9.94383115403
-10.4791120601
-8.31795001572
-4.69752043733
-1.43631331781
-0.0901129833839
-1.24581766904
-4.28118475473
-7.69152351758
-9.81314305776
-9.59051091991
-7.02633213432
-3.11991240132
0.647485613174
3.00810365931
3.44123496901
2.30294159374
0.524236219547
-0.934598726223
-1.57731167071
-1.56393636034
-1.5250415518
-2.12301612264
-3.61246520716
-5.64158618063
-7.39994455735
-8.03112019274
-7.09013775262
-4.80552337675
-2.01046152741
0.221450789791
1.05303647263
0.2405793226
-1.79253162394
-4.18296222745
-6.0273314905
-6.7550688376
-6.30702459138
-5.06440847695
-3.59976313723
-2.39772485554
-1.68447687716
-1.42532736172
-1.45055709917
-1.60728150103
-1.84026185783
-2.16674354781
-2.58647168435
-3.00972138698
-3.26885869653
-3.2157399564
-2.84026735212
-2.31962981269
-1.94309581369
-1.93537419604
-2.27563368093
-2.63114008599
-2.47411809733
-1.3501049853
0.82985659833
3.6353307661
6.20944091163
7.59674228803
7.16738976339
4.93473611679
1.6010392031
-1.70803383099
-3.90639460954
-4.39295353261
-3.26919003302
-1.22985605544
0.809951999964
2.15814785492
2.63602508707
2.57749687836
2.55478590859
2.99193694837
3.88321949446
4.77187794508
4.99944674268
4.08577938272
2.02671762027
-0.659725356552
-3.16999100205
-4.80901552416
-5.32694532024
-5.01238161073
-4.48899092228
-4.32816061957
-4.69754484309
-5.25212712261
-5.34375828949
-4.44506431613
-2.55226881684
-0.324442884108
1.15505043591
0.907902735267
-1.37524928884
-5.03670531505
-8.60746989918
-10.3864906602
-9.19592176083
-4.96094668934
1.1708286149
7.24601994334
11.2819670207
12.0562745773
9.55740089252
4.90689463209
-0.186699162949
-4.16907239723
-6.22933057591
-6.48633479342
-5.73349520146
-4.91997695038
-4.65833495873
-5.00459786528
-5.58807785309
-5.97009767469
-5.99106654295
-5.88642983757
-6.09870375863
-6.90118901953
-8.07233154221
-8.84654758164
-8.22059885022
-5.49122806774
-0.750473174637
4.94455196974
9.86678840386
12.2888603489
11.2367680885
6.97192678479
0.954889606573
-4.72015304595
-8.18111631085
-8.54294866298
-6.23708681242
-2.75976496518
0.039578800345
0.8005083935
-0.757002322591
-3.74854161514
-6.56670799825
-7.62875097473
-6.08449897742
-2.17546536634
2.89019624929
7.45998444008
10.1038668881
10.1340522002
7.77995240115
3.99074563621
-0.00129903245887
-3.14383359415
-4.86702391235
-5.14280252601
-4.33851659174
-2.98078703801
-1.55213873075
-0.390085616803
0.314269758247
0.470827305066
0.0559229756066
-0.886027421663
-2.22057294799
-3.71789628508
-5.08973046333
-6.06137934431
-6.44252190775
-6.15679013873
-5.21596956999
-3.66340510938
-1.53597824574
1.11460771661
4.14110298729
7.20975434621
9.7742499854
11.1706897234
10.8294796835
8.52816621255
4.56627988417
-0.241637626795
-4.78567495922
-8.02488742281
-9.35257213709
-8.8065563071
-7.03023080161
-4.99861221912
-3.62771115879
-3.43477926275
-4.38832251071
-5.99547944918
-7.5662822174
-8.5218600585
-8.60908215602
-7.94407379849
-6.89604066196
-5.8937135954
-5.25607186852
-5.11395611288
-5.42660378035
-6.04630945376
-6.77357140114
-7.37543031519
-7.58597247814
-7.13507365568
-5.83723465086
-3.72269066864
-1.13983080545
1.25931049521
2.69839676283
2.58330288543
0.811026649108
-2.07953847511
-5.02823208451
-6.83972916934
-6.6915981247
-4.53626614682
-1.18963948277
1.9721677559
3.60365323928
3.01411046223
0.532535044239
-2.57807048711
-4.64690335808
-4.34263767556
-1.30648942512
3.6259089822
8.73039618073
12.103546888
12.4626809133
9.67887457985
4.80640868533
-0.396753967893
-4.23084772592
-5.74839119836
-5.07208879412
-3.2124645317
-1.49765962727
-0.903216958685
-1.60273456264
-2.94026333445
-3.815186188
-3.27394259605
-1.01359563107
2.4421921427
5.96714094313
8.33554713764
8.75839633736
7.20417427148
4.37123041015
1.34825782514
-0.860616790718
-1.72350607844
-1.32023369169
-0.20308477888
0.921152615981
1.51943219146
1.42202059246
0.811853333484
0.056407687389
-0.507461091437
-0.722624245646
-0.635903580074
-0.413453643094
-0.216581708139
-0.113950227625
-0.0699125788188
0.00332024379715
0.17738967719
0.471044367597
0.861724353626
1.32381062731
1.85230713889
2.44300556809
3.03596791866
3.46417859888
3.45851012212
2.73395266378
1.1327994379
-1.24349127019
-3.99258288562
-6.5045729675
-8.17054109958
-8.62367548822
-7.90349407447
-6.46008836949
-4.98498461369
-4.13520203731
-4.26810846084
-5.30130440847
-6.75551937408
-7.95688319173
-8.30712956313
-7.50723091762
-5.64932511773
-3.15554422499
-0.607586794117
1.45248995181
2.67416432421
2.96283300927
2.46025050494
1.47305292262
0.384551441573
-0.430276429721
-0.683357722815
-0.245941173905
0.796577858919
2.134066723
3.29334823227
3.77782911956
3.2507377975
1.69140745532
-0.5535492239
-2.8684519488
-4.59480043984
-5.29718032424
-4.94847200625
-3.93954831256
-2.89569963693
-2.37605614481
-2.59605211608
-3.31086022948
-3.92572300624
-3.78940355168
-2.53338732667
-0.290507824631
2.32006627207
4.44296259518
5.35806434242
4.79862049797
3.06639262325
0.893369564096
-0.877092945028
-1.63190991522
-1.1911619416
0.211112371063
2.13353348113
4.19140152248
6.2257162714
8.28632217454
10.4495968823
12.5909151706
14.2649283507
14.7927681114
13.5418614747
10.2714255409
5.36633742728
-0.176451946114
-5.03010767613
-7.97966856538
-8.33534855371
-6.14211257798
-2.10773028108
2.69709165487
7.21503625801
10.6873889513
12.7497677074
13.352294043
12.6092793234
10.7031056076
7.90667668425
4.6871856359
1.77496558656
0.0776568381562
0.401927584539
3.07133381969
7.6273274782
12.8067269788
16.8844104836
18.2961515856
16.2981067831
11.3624663471
5.09479089046
-0.340655373394
-3.07450265751
-2.30742586817
1.33747126104
6.05633365424
9.61272727403
10.2776129754
7.55670143296
2.39158201242
-3.24807220043
-7.19806853613
-7.99532088723
-5.45568883764
-0.704648743454
4.3249162951
7.68898233635
8.1763463117
5.70277552372
1.2296628063
-3.70941480975
-7.63919337574
-9.66068969522
-9.67049929556
-8.24489067313
-6.29347070557
-4.66033709823
-3.83589898175
-3.86328970358
-4.42765252476
-5.0500169233
-5.2913761511
-4.89892607518
-3.86891768081
-2.43330080027
-0.989367992873
0.0104457257877
0.192716688386
-0.603774908469
-2.23581239062
-4.25024748568
-5.99277703798
-6.81513431722
-6.31370029209
-4.50210779001
-1.8337307782
0.95113691132
3.09842954382
4.11750007074
3.93844662289
2.88063789161
1.45636006699
0.116735004681
-0.924933664794
-1.70239101724
-2.34480623053
-2.86680310231
-3.0429292034
-2.46681775253
-0.78820765512
1.99384673431
5.35947787058
8.354549126
9.94457363589
9.49462216056
7.14069679134
3.84046760602
1.03021028451
0.00867766670144
1.32101995553
4.44364789771
7.9490487642
10.1082022703
9.67195066221
6.47010163315
1.53578998887
-3.32257513211
-6.31787667109
-6.48369251255
-4.10049443981
-0.543548556134
2.37936117102
3.28774461003
1.87652268401
-0.956896979783
-3.56649647197
-4.37356861758
-2.65246748023
1.09023449031
5.32323193255
8.18375437228
8.32635902464
5.52845722767
0.775972140341
-4.041472503958303
-7.375692163415138
-8.279707765182295
-6.91177425616992
-4.368598266523435
-2.113552821342921
-1.2904449846099766
-2.2459718950517242
-4.461990312648965
-6.890463970299592
-8.495292770182502
-8.725577500881712
-7.704360703041303
-6.075358789741088
-4.621823577287728
-3.8707437985078172
-3.8793430202022847
-4.28772870937
-4.76470116571
-4.75116840082
-4.20758177655
-3.4068245581
-2.74117728453
-2.47888017988
-2.61004248449
-2.8616731453
-2.86265087129
-2.35782169667
-1.34939071889
-0.0910962845111
1.05359435988
1.8030784089
2.08939935665
2.05922715663
1.9496549405
1.91523239692
1.90885582932
1.68786053265
0.946811938419
-0.490941394508
-2.52283463606
-4.73680400792
-6.51998940262
-7.25895338099
-6.54544392695
-4.30745207651
-0.826976513792
3.34253600938
7.51218231146
10.9972276173
13.2319298864
13.8564845232
12.7830063298
10.2367411287
6.749268939
3.07326078625
0.00819466573564
-1.83004323604
-2.21801606502
-1.41821348316
-0.0944319821488
0.941430200102
1.06001850942
0.0829211034421
-1.63589070857
-3.36200775027
-4.30478199886
-3.96836810186
-2.36750805457
-0.00869476533356
2.34937466183
4.03470724712
4.73255115613
4.55923590832
3.9163029658
3.21792527056
2.64942756481
2.09291896743
1.25859842609
-0.0601095947054
-1.76588651258
-3.41728593517
-4.41659765779
-4.34018215674
-3.230732678
-1.6708716735
-0.559979494583
-0.673011076107
-2.21006065979
-4.5760848765
-6.53697025803
-6.72025674701
-4.2521888771
0.762394383816
7.15626599598
13.0770140711
16.6775481545
16.8236593769
13.5111534644
7.81796831757
1.42985610341
-4.03146573598
-7.57238869077
-9.04966479643
-8.99582313492
-8.18706169911
-7.20493949476
-6.21982825385
-5.08314218827
-3.63520184067
-2.01361417295
-0.748629093748
-0.556146697586
-1.91907591574
-4.68567975596
-7.93172661643
-10.2155996246
-10.1573050874
-7.09332898243
-1.49345104523
5.08711579181
10.5421667573
13.0303724798
11.7267690825
7.1792128875
1.10615273133
-4.28464786057
-7.16844356265
-6.79959319676
-3.74732541359
0.408342057575
3.76882123968
4.89044629438
3.31717153149
4.087335151031297
4.144173792789971
4.97183890282
2.56371163487
2.16076250623
3.1972726532
4.65953328843
5.55505720577
5.30981148153
3.94082025275
1.96278942181
0.101088405374
-1.04725933237
-1.2597430044
-0.751710765035
-0.050140863265
0.253188887327
-0.240679540222
-1.5746218574
-3.42814687215
-5.26402296836
-6.56617098984
-7.06956475656
-6.88324748176
-6.4464388729
-6.32357707811
-6.91425903219
-8.20053676167
-9.65394305335
-10.3708059803
-9.41213198902
-6.2289024063
-0.997764574171
5.29295824722
11.0783461531
14.7131931119
15.0508040701
11.8744757033
5.99801625364
0.2780141755536363
-4.837151321417039
-8.031834837328276
-8.835562600706965
-7.679666490257446
-5.591515510729948
-3.6817462269169425
-2.6641197690875487
-2.6190388205843362
-3.08566180445699
-3.406293250334997
-3.1292380106031743
-2.2590690756267406
-1.2322403645033262
-0.6438493968643968
-0.8816843207805647
-1.8699413541
-3.74665655037
-5.07120097866
-5.2526512165
-4.17723786566
-2.28129601521
-0.345092891083
0.89029817672
1.08888825891
0.482474622695
-0.252007435377
-0.337591888959
0.709176359512
2.83090871279
5.44434184178
7.69908866524
8.84227637015
8.5083231004
6.80570785754
4.18805812617
1.20986228843
-1.68416306493
-4.22671270725
-6.24481752587
-7.51998843452
-7.72521360729
-6.52395724177
-3.80549297352
0.0772539123677
4.23850621878
7.46493277778
8.6591271571
7.33904432899
3.94462400331
-0.236991762074
-3.54691729843
-4.64987152423
-3.1397847116
0.238488999604
3.88190490326
6.02726794174
5.54494175598
2.45917540693
-2.05627715295
-6.21461094724
-8.43731913113
-8.07278490949
-5.66971145962
-2.67549433797
-0.707946907381
-0.75715232285
-2.7093473517
-5.42747016647
-7.34887366483
-7.3037479453
-5.14495122356
-1.86840770872
0.848319621239
1.47353814513
-0.587611244702
-4.6341115216
-8.93655751234
-11.5258165422
-11.1412610095
-7.88768314929
-3.27254724588
0.424977659737
1.19288873141
-1.72339258758
-7.32940392382
-13.1315531423
-16.0552128557
-13.6706625362
-5.23172353809
7.89609763581
22.5968418427
35.0218592312
41.8799992705
41.5223197337
34.4358657639
22.9939424871
10.5869381585
0.472238994395
-5.24019670378
-6.1266203583
-3.36469991583
0.892133139919
4.41338856223
5.717815039
4.53217900977
1.74101690026
-1.11658257656
-2.57828821798
-1.91413963145
0.557968428451
3.6189840691
5.68899540893
5.52894017391
2.80229822727
-1.74802433401
-6.58975127554
-10.0380104595
-10.9636606476
-9.26109611933
-5.86575268722
-2.3118695505
-0.0310538591914
0.285241426149
-1.03838982117
-2.87819290771
-3.91868027976
-3.35765761925
-1.36123244724
0.966292962823
2.10194168545
0.876554636278
-2.8698202482
-8.07759677359
-12.8275433999
-15.1266705803
-13.7689528582
-8.87679456003
-1.8736484621
5.09757764005
10.0386996156
11.8459797019
10.6147598902
7.3924411465
3.54293939538
0.0668468238177
-2.77515520667
-5.36171144042
-8.21909050447
-11.4361675175
-14.3373171837
-15.6304167492
-13.9931580887
-8.81735778565
-0.725198713612
8.43789651097
16.1825769886
20.2947100476
19.6870120069
14.796534682
7.35032231635
-0.382867612478
-6.49984217471
-10.1118865866
-11.4589809595
-11.4848234002
-11.1335524846
-10.7554716041
-9.93535814594
-7.82366705045
-3.77921647944
2.03839045001
8.46971345033
13.6941841586
15.9728356272
14.4450954027
9.58599283794
3.0831664134
-2.83142978757
-6.29763413278
-6.57284038423
-4.26924493897
-0.98522018029
1.4826192059
1.96989081899
0.433127509387
-2.11377224095
-4.15877585307
-4.46019721246
-2.65298706048
0.584581413131
3.86113202921
5.72110484145
5.29567793778
2.65742926621
0.022710081570778584
-2.555014178902212
-3.913826978856008
-3.5148930783661427
-1.56740546065
-0.0804616737654
1.33323641093
2.05572737532
1.92265071904
1.16997048657
0.206079724605
-0.640755153929
-1.26102442923
-1.73311762279
-2.17081221466
-2.56321699751
-2.71733270387
-2.34619935478
-1.25581806336
0.477663205078
2.44942688679
4.03515392425
4.62964781199
3.90820984321
1.98914238061
-0.57953581348
-3.005836696
-4.53313391277
-4.69846459613
-3.47235337897
-1.23946897863
1.35451882548
3.619497525
5.02199517018
5.3152274346
4.57893850233
3.17915093541
1.67000233071
0.658349871203
0.648798636588
1.89224932914
4.2745279265
7.29147970066
10.1477531905
11.9808378384
12.1581520102
10.5465525164
7.63846731073
4.45405439345
2.21892060045
1.91275576617
3.85386931132
7.49251258024
11.5206647693
14.2882178363
14.390956648
11.2164899296
5.23617762117
-2.08250959669
-8.72937741285
-12.8182936401
-13.2315829088
-10.0105380426
-4.35092555857
1.79582545465
6.37510759746
7.90763006986
5.96205231436
1.26717768178
-4.5624795146
-9.58149929999
-12.1521499109
-11.4511708457
-7.68450787953
-1.95675251901
4.13879347801
9.05391920594
11.7571025235
11.9925750317
10.2618671172
7.56402959414
5.01000649377
3.45667216694
3.28004798086
4.34066318196
6.11725063921
7.92964728346
9.1572697143
9.3852751801
8.45784553785
6.46065166946
3.67227733141
0.513174731107
-2.50617935024
-4.85687597872
-6.09903853852
-6.01376453308
-4.71262020814
-2.65995440723
-0.56251802807
0.863535799026
1.1702007539
0.378346944756
-1.00764896037
-2.20785819892
-2.52785619854
-1.71484455002
-0.129314995
1.37987834038
1.8745346095
0.835426046772
-1.46333189164
-3.92386924966
-5.00601666754
-3.39533065986
1.32256530456
8.29875872832
15.576233959
20.7524213568
21.9057046685
18.4037836689
11.237293532
2.70954383996
-4.41490822656
-7.96354611141
-7.17777307583
-2.96368962015
2.52625152905
6.79556962351
8.00536104334
5.66086788935
0.717673793218
-4.90158814713
-9.14233281289
-10.6371463613
-9.17726867872
-5.67931197606
-1.71535696513
1.15281498572
1.94492942811
0.529302867633
-2.46514122804
-5.98860871167
-8.97785748767
-10.6643357422
-10.7041608341
-9.15230564709
-6.36290951763
-2.89256457144
0.568525578438
3.26774993794
4.51094307424
3.84573212617
1.25664073904
-2.72718096238
-7.10492116191
-10.6823421971
-12.4777768426
-12.0967690535
-9.90415235369
-6.89582888662
-4.30299225992
-3.08796508784
-3.54981503775
-5.21657006234
-7.07489874294
-8.03553080809
-7.42564369702
-5.28874080061
-2.36263473062
0.246696416289
1.54319663309
1.05836348758
-0.966128254006
-3.69280608774
-6.03112078728
-7.05152879219
-6.30299078537
-3.92752642919
-0.561617640988
2.90361721864
5.5971957393
6.8892932238
6.51673293996
4.61500653654
1.67772118369
-1.54177331298
-4.18440025367
-5.49012601384
-5.02273186045
-2.84838600764
0.41542925673
3.7392515318
5.99912785738
6.37613294799
4.68266512506
1.46643404384
-2.17634786993
-5.02182988523
-6.20445398579
-5.55730239302
-3.65214617248
-1.51753597025
-0.162518602406
-0.12638285887
-1.26354016509
-2.85995555962
-4.01712754446
-4.11033545988
-3.09428266266
-1.5084600334
-0.186765719573
0.175798841267
-0.622800109401
-2.19471404122
-3.76622076729
-4.57205762477
-4.23455895389
-2.93485319246
-1.29572037324
-0.0476128783431
0.339423667396
-0.137202898551
-1.06981962248
-1.91887820703
-2.3479392816
-2.41966636579
-2.53448776552
-3.13852709463
-4.36234322911
-5.80299496745
-6.59816005642
-5.79202197152
-2.83391316609
2.03480064979
7.71497631643
12.571808908
15.0291281571
14.186791757
10.1930405252
4.20865036194
-2.02146795608
-6.80532769428
-9.08487151379
-8.73542312834
-6.4922224045
-3.57431110121
-1.19048939914
-0.1335846768
-0.60013580646
-2.25688239384
-4.47276267566
-6.58942826998
-8.12338952164
-8.85360050539
-8.80927412252
-8.20304564646
-7.34841841884
-6.57581329906
-6.14485034727
-6.15691966873
-6.49513940898
-6.83516475563
-6.75712994572
-5.94209631822
-4.37730147352
-2.46056506475
-0.916127643246
-0.514383801658
-1.6932359613
-4.25397473548
-7.30147132269
-9.50478231244
-9.60587737665
-6.97156703023
-1.93758578742
4.23282122361
9.78649785286
13.1406120384
13.4810548568
11.0357508084
6.90781202156
2.55898130632
-0.804291658109
-2.65285132254
-3.18278684118
-3.00389638284
-2.66783163875
-2.31108062639
-1.61479225901
-0.099296613911
2.42549678847
5.53400045314
8.20971213122
9.26106866519
7.94499825993
4.47438449328
0.110752564429
-3.2675459256
-3.96726986021
-1.29211220364
4.03294700699
10.0612525635
14.3961993088
15.2055302108
12.0196762059
5.94362731283
-0.820629173693
-5.92377898584
-7.85506115544
-6.51746006312
-3.14648115077
0.358981389986
2.35146756345
2.15193662727
0.241652372101
-2.12718854776
-3.67013915997
-3.76450422227
-2.74551738391
-1.66881845194
-1.68269422139
-3.35204348172
-6.29480545422
-9.3248050094
-11.0308996506
-10.4969136756
-7.79410923841
-3.99274995324
-0.681327546513
0.772078939139
-0.144841418077
-2.86398152954
-6.02602180914
-8.13568915117
-8.26194617896
-6.44895200229
-3.65241993801
-1.24903948215
-0.368228038522
-1.36984013602
-3.70844255255
-6.23135052708
-7.75126698124
-7.61332292328
-5.99256603751
-3.79548421006
-2.22639165729
-2.22721217474
-4.04360278333
-7.10032189802
-10.225490557
-12.1159842298
-11.8471623842
-9.22884391494
-4.88447760239
-0.0416818737007
3.87685094369
5.71558990573
4.95111773991
1.84991891917
-2.62434724183
-7.12378432343
-10.354168893
-11.5004405138
-10.496362294
-8.03435960845
-5.29398376128
-3.47208955981
-3.2867319828
-4.65779329149
-6.71472232109
-8.15442789595
-7.81776959533
-5.24079981105
-0.9267402407
3.80587750564
7.35460008972
8.51630445796
7.00822172156
3.57457418547
-0.382334584318
-3.47460176068
-4.97325985572
-5.0943562365
-4.76820812036
-4.9991842119
-6.15043842252
-7.55426568921
-7.70660635087
-5.01138158045
1.26215491371
10.3004676688
19.7496200479
26.5011572745
27.9727687051
23.3181380271
13.9788706151
3.25731937624
-4.96809725029
-7.84912882503
-4.77701015951
2.37318799924
10.1039013797
14.8914568377
14.7927858742
10.3154915455
4.13468072247
-0.224540969906
-0.128946534701
4.81903802584
12.4857783166
19.1266011486
21.1191185186
16.7165824427
7.00232665283
-4.41924854619
-12.8871661038
-14.6689474281
-8.59203148426
3.39669776829
16.9848814916
27.22644746
30.4985966991
25.8567482237
15.2493374218
2.56480311402
5.6824734992
-0.370393676066
-0.887308064372
2.55813081518
7.18000331386
10.3013916486
10.4426394578
7.74443376419
3.63379089467
-0.0167170254635
-1.79530557955
-1.31139955613
0.789804462239
3.2830336566
5.00810886108
5.37557172235
4.51596034292
3.0562956576
1.69013890638
0.787328085873
0.239433760597
-0.40446281934
-1.61144031157
-3.53813482972
-5.88213380544
-7.98929119014
-9.16146824396
-9.00922887288
-7.67323146795
-5.80214580729
-4.29031198025
-3.89042819854
-4.87522516908
-6.90294423522
-9.15416632167
-10.6898168208
-10.8811905311
-9.72375866171
-7.88504990164
-6.44082227945
-6.38489403507
-8.10525330727
-11.0565259653
-13.8038095014
-14.4771642755
-11.5059857486
-4.36477440372
5.98115644567
17.1588433941
26.038856148
29.7642615085
26.7911739124
17.5333932246
4.32855910376
-1.0935218355356682
-3.4358980734
-8.39802771507
-7.64098799756
-2.75890257848
3.45945251035
8.19011635937
9.66321893048
7.73805586395
3.75355695727
-0.234863919376
-2.45700709947
-2.20531883492
-0.0509444939297
2.56218029525
4.11123231579
3.76945253315
1.78329397767
-0.716438862183
-2.35118069536
-2.24039364739
-0.471388842446
1.94485983598
3.60533602639
3.4592439256
1.38260883633
-1.71315458564
-4.30026281174
-4.97775687758
-3.17304336506
0.543778906325
4.68743963067
7.51680531378
7.80946249567
5.38728166163
1.15878480462
-3.31755586501
-6.51977917749
-7.56762649829
-6.48114892915
-4.01815325681
-1.22769867558
1.01996426265
2.290164788
2.53855705691
1.85967781339
0.241236074747
-2.48079772897
-6.40997754361
-11.2439031815
-16.0350364728
-19.2755259334
-19.3657660449
-15.3103238619
-7.32616168836
2.96088680413
12.8959348951
19.6561001026
21.2619932015
17.3152679792
9.13908109899
1.3848042746168545
-5.332190517240761
-9.03521044328626
-9.13108409801
-8.35994814685
-6.37513615679
-4.77185082077
-4.43808755439
-5.28804076805
-6.49894684776
-7.07906961303
-6.4504621952
-4.75106907587
-2.72616852397
-1.29817861275
-1.06350571615
-1.98790912677
-3.45320064439
-4.61558575383
-4.87216372568
-4.18100173911
-3.0648220455
-2.3009026461
-2.46820911719
-3.59907853364
-5.12816172676
-6.17506712906
-6.02043880685
-4.52903735648
-2.29234108141
-0.398414062822
0.0786427388401
-1.3655767912
-4.33146262949
-7.57369312594
-9.44688199956
-8.55862769012
-4.35710311263
2.59123834803
10.7455120187
18.0931517234
22.8100430304
23.8288276834
21.1211346982
15.62379353
8.87428540118
2.51195212251
-2.17918781848
-4.55625083916
-4.68191843355
-3.19313556287
-1.04567845913
0.782661318519
1.55968781866
0.98572987461
-0.735183496501
-2.95978006444
-4.80336993217
-5.43455889146
-4.39002246571
-1.80363041401
1.55212888067
4.46652986154
5.70250856103
4.49756389644
0.970597382777
-3.74412895091
-7.73579610728
-8.89621941015
-5.66880184275
2.29189088499
13.8064912341
26.3575709195
36.7602385693
42.1206215901
40.7664596492
32.8235147161
20.2209898107
6.10415824809
-6.15593909713
-14.0162139132
-16.5102563731
-14.4308294249
-9.89194225553
-5.44704126855
-3.10589623025
-3.62781158605
-6.3560663891
-9.63978685619
-11.6509358039
-11.2429238204
-8.48185913985
-4.6212735699
-1.53055576248
-0.826232659773
-3.09053034305
-7.53172082507
-12.2540928815
-15.0394613512
-14.3118125722
-9.86468269787
-3.02176357975
3.86011360785
8.35152194338
8.97348928214
5.84549028325
0.673449954431
-3.9294844608
-5.51337475343
-2.81055434591
3.71777090143
12.0297063737
19.2789976886
22.8978293737
21.5495960523
15.5835366377
6.83830279635
-2.09302487769
-8.82035588985
-11.9574861105
-11.4800313517
-8.55105294547
-4.9376956184
-2.2841358509
-1.52942566349
-2.66882772121
-4.90352065704
-7.07339485797
-8.17654342444
-7.77116227662
-6.12069661031
-4.04766826174
-2.56589743172
-2.43306604447
-3.78883159348
-6.01559759501
-7.88846947953
-7.98550179415
-5.23417830016
0.594843902361
8.64244882324
17.094210075
23.6943084449
26.4924317177
24.5619246469
18.4050344793
9.85509540073
1.47210819183
-4.36271973067
-6.30675384806
-4.52052827285
-0.537294771741
3.4158072
5.36045150328
4.36946824902
0.883898488267
-3.58231313642
-7.19765394235
-8.66571777212
-7.77323524542
-5.38522510057
-2.91362150514
-1.54709264396
-1.64682970535
-2.62394960053
-3.3599844109
-2.93983762796
-1.28788594989
0.668718603659
1.44724894131
-0.123869490512
-4.0609557739
-8.88181933421
-12.0277795645
-10.9434235453
-4.35505753789
6.86238436226
19.7005317595
30.0037410765
34.0625388158
30.1420400494
19.2636012481
4.86548487722
-8.54022869587
-17.1461681461
-19.2952004341
-15.9716882695
-10.1464889017
-5.29789981857
-3.79309938707
-5.86024638894
-9.59421393366
-11.957477828
-10.2877064785
-3.61059373046
6.8299347007
18.0364518069
26.4757274018
29.485847844
26.2597225846
18.0201771016
7.38441566387
-2.73395514135
-10.1763813499
-14.1200089468
-15.02868163
-14.1174040846
-12.6647986172
-11.5114138374
-10.9210268921
-10.761258638
-10.8019893356
-10.9114450957
-11.0431863979
-11.0722585797
-10.6513981593
-9.25051328467
-6.42042539415
-2.15978167837
2.83765428564
7.2514077286
9.56344487432
8.69424382865
4.55390548205
3.370602434135634
1.91872465608
-3.03861965424
-4.85087843464
-3.37473936469
0.296295750992
4.34434071621
7.02915400204
7.40953424949
5.66054937164
2.86377082763
0.40186707289
-0.72904678684
-0.353455625772
0.895761746864
1.99640145086
2.12179749145
1.0794954167
-0.617194478452
-2.06480488471
-2.48857651885
-1.67912542226
-0.112289929102
1.30923611198
1.75111442915
0.912317114674
-0.791085711333
-2.42586240451
-3.02567167462
-2.10923603838
0.0379787982822
2.46963072825
4.02508737758
3.89544021135
2.0257168312
-0.848265449487
-3.54687217438
-5.00464032773
-4.76339599813
-3.16048948323
-1.1271039705
0.293732048108
0.463424245445
-0.55862002585
-2.08370249603
-3.17977807802
-3.17145686614
-1.99779671685
-0.248087326017
1.13879324585
1.35581099655
0.14465114157
-2.06309181204
-4.35205298619
-5.77394360168
-5.81804905968
-4.66565299762
-3.09821238908
-2.09870449331
-2.33667559922
-3.78748856853
-5.67678914653
-6.79082577041
-6.02267572458
-2.91261049631
2.06164137383
7.5821586529
11.9459663458
13.6954024958
12.1679548299
7.74546835961
1.70835039525
-0.6151306086964183
-1.3339054863292716
0.368302380576
0.748657774581
2.54066280441
4.45481711587
5.32922876475
4.55172080817
2.24059008147
-0.861668823167
-3.71621609465
-5.39534782049
-5.41165451969
-3.8558567247
-1.3133971024
1.38429669962
3.46263959751
4.44317076277
4.24167549764
3.11310668829
1.4929503341
-0.182737684961
-1.60347670207
-2.62049813508
-3.20593401766
-3.38296729604
-3.17939981044
-2.63171174665
-1.82743853179
-0.94378011322
-0.237745310479
0.029408343473
-0.292255472639
-1.14510937612
-2.24906379049
-3.19574919655
-3.62290871337
-3.39041241653
-2.66554563814
-1.86016965581
-1.43349881622
-1.64772938994
-2.40030152113
-3.23199250746
-3.52986782824
-2.84393127336
-1.16618458224
0.979405005178
2.70989960625
3.16894874292
1.96160887331
-0.568703554116
-3.37473285803
-5.07178856589
-4.50180530522
-1.25758219086
4.06950860017
10.0446366708
14.9000793305
17.1952654487
16.3505840718
12.8322562889
7.91830845029
3.15833033308
-0.231564913203
-1.78035956536
-1.82201130424
-1.21175276605
-0.859895291337
-1.31262921255
-2.56541960641
-4.16600150338
-5.51830221705
-6.20868173788
-6.18319817479
-5.69958203607
-5.10616370743
-4.59276638208
-4.06729528893
-3.23406972962
-1.82986832814
0.122294472504
2.20001188832
3.69628190396
3.92567653634
2.57440097409
1.0027662046945949
-1.0906189700337023
-2.706737699400051
-3.079137890703379
-2.0277758115617956
-0.051308682493669266
1.8959681189852802
2.8444977031698357
2.2623278297337635
0.3074156874399847
-2.238572813508341
-4.320975950527199
-5.07911417854
-5.19256086281
-4.02939820691
-2.3905632635
-1.135672928
-0.798183047803
-1.38751301294
-2.45675179941
-3.38014448611
-3.6857422344
-3.27307461016
-2.41698416515
-1.57596245974
-1.12370825693
-1.15476229377
-1.46520164357
-1.70746429221
-1.62111413478
-1.20147032166
-0.706212595245
-0.494360777118
-0.789955612426
-1.50981657513
-2.26382215889
-2.54247889362
-2.00001984419
-0.680188205205
0.948276859875
2.18551078589
2.44164563844
1.55786252914
-0.062387790007
-1.59593902909
-2.16610553242
-1.26634876288
0.963279838813
3.75027990965
6.00352447878
6.79242818159
5.77411930759
3.36991121801
0.605061602856
-1.3203480126
-1.53915436732
0.120644961168
3.07410750215
6.23521976233
8.46706650809
9.02449159398
7.80426487503
5.31663541813
2.42187461388
-0.0267223015121
-1.46923761588
-1.74729340006
-1.02699028085
0.379784953118
2.17663234788
4.14047236046
6.06784874358
7.67790497729
8.57099253171
8.30938947868
6.60878199917
3.54984352703
-0.315227762166
-4.05226027665
-6.63162636755
-7.30991586005
-5.94284733626
-3.07942876217
0.22384798565
2.80524309281
3.85078317955
3.20297595863
1.39008317062
-0.635621095592
-1.93161793216
-1.97527095351
-0.867904602895
0.752550969485
2.04056654925
2.35400573156
1.55388358868
0.0569515368654
-1.37536379044
-2.00415427313
-1.45914946402
0.0970764003794
2.05533831925
3.64327922418
4.26130394145
3.70882836962
2.20168898332
0.191611595168
-1.9007256797
-3.8873992285
-5.83864833135
-7.9210408335
-10.1451156252
-12.1775225443
-13.3487537368
-12.8900103213
-10.3086318595
-5.72389066444
0.0183499073718
5.54471340436
9.41645759903
10.6733006896
9.223746984
5.90021404759
2.13820578628
-0.595127897128
-1.38289992838
-0.201844748014
2.11843325256
4.295960715
5.17331847421
4.2126155395
1.69322707227
-1.46258714895
-4.13946296228
-5.53479734023
-5.48418828581
-4.46414467067
-3.28853920411
-2.66172688926
-2.81544960541
-3.40912102661
-3.73860909388
-3.14378438001
-1.4057114088
1.07131213801
3.39215567276
4.56209643817
3.95267636151
1.61823066061
-1.3154314126147426
-4.08638038935446
-5.649055666091115
-5.490917474797229
-3.8282680627543897
-1.4732567679553625
0.5588548521961627
1.5142096837936094
1.2204115527460857
0.11970387348222289
-0.9883301884274402
-1.3613894795107342
-0.683020185735927
0.7905152977153733
2.3706063420554955
3.2909202095447654
3.102158342205982
1.9154941715431875
0.37586827357293373
-0.626754966713
-0.773910577585
0.506765032917
2.71900645569
4.85262249365
5.77928398958
4.72672759828
1.63961508319
-2.72036982315
-6.98165997549
-9.60787655284
-9.42494501345
-6.04641196595
-0.0497883769856
7.15841327948
13.7486703729
18.0178962737
18.9087578884
16.3333716889
11.1955718635
5.10036325278
-0.159297690691
-3.17163669215
-3.34014006055
-1.03279801733
2.60558585817
6.10745753843
8.23017464798
8.38537213978
6.7831617873
4.24064619111
1.74660505017
-0.0183525893715
-0.984625326439
-1.67592372396
-2.87547294133
-5.13316636487
-8.35614354294
-11.6989028377
-13.8369386189
-13.5270848895
-10.2120122401
-4.3872504145
2.45907494628
8.33803916649
11.4915729257
11.0574174579
7.38284692655
1.8541158879
-3.67903360439
-7.62913590265
-9.23480582407
-8.73538833303
-7.11403603937
-5.5619565436
-4.93008428941
-5.41637094807
-6.60288498128
-7.77867645131
-8.35231638814
-8.13520637092
-7.36764845549
-6.50973996232
-5.94513710236
-5.78047757603
-5.85151925173
-5.91309346875
-5.87280744435
-5.89784145581
-6.30109170243
-7.25593025404
-8.51526177651
-9.34138147427
-8.75864823737
-6.06151116317
-1.3396379184
4.28069879411
8.88339992385
10.4769789338
7.90620132273
1.54407413064
-6.60687111168
-13.538008842
-16.3863460851
-13.6477631656
-5.91135768586
4.25120219934
13.2500336074
17.9197779732
16.8322270539
10.9030120041
3.01044355694
-3.2263293783
-4.99029883218
-1.4651590707
5.82740439176
13.6907388031
18.6185839107
18.2645724229
12.386312382
2.88042308601
-6.5849112918742065
-13.355614396654659
-15.566825315428048
-13.237052420766531
-8.05324366746801
-2.493955317748103
1.2724976433127466
2.219306115647811
0.6932738804121783
-1.981102767995779
-4.2695155720561075
-5.171088560241316
-4.596761148930128
-3.252034861359448
-2.1434211629572673
-1.99618932400314
-2.8840976184210945
-4.23707061855
-5.60174943667
-5.88369380134
-4.94516252017
-3.25179540008
-1.62134179796
-0.806908971404
-1.13417152624
-2.3707354022
-3.87805986494
-4.95189378203
-5.1695042818
-4.57103117186
-3.59684801857
-2.82956286125
-2.68259309362
-3.19295760194
-4.01210665322
-4.58344072584
-4.40470018375
-3.24179930536
-1.19865053584
1.37054037146
4.04011537355
6.47968476583
8.52677818457
10.1462022334
11.3235472075
11.9740426052
11.932286579
11.0348039035
9.24782725644
6.76118569623
3.98330382236
1.42416618389
-0.485745379639
-1.55527787905
-1.89271533364
-1.83518067191
-1.77998229256
-1.99780311747
-2.51496910189
-3.11674505639
-3.4644357258
-3.26592479601
-2.41770804143
-1.05510013767
0.505508232714
1.89752434877
2.84343400661
3.24130457579
3.16916380723
2.8194250316
2.40524550568
2.08545235369
1.9355345308
1.96253473086
2.1388575392
2.42574317083
2.77159658329
3.09294353116
3.26186985284
3.1232099032
2.54743918555
1.50112450626
0.100107489337
-1.38812159527
-2.60619806494
-3.21632430079
-3.01629090509
-2.01430908346
-0.43021729818
1.37867157376
3.03684599373
4.26622525799
4.95258795145
5.14036443805
4.96552382792
4.56287497911
3.99346827045
3.22633059975
2.18217468764
0.81708037151
-0.795530540413
-2.42760026155
-3.72921216709
-4.32767634728
-3.96034896979
-2.59180110992
-0.468026058715
1.91911341989
3.95253873889
5.0603024639
4.88160135169
3.37483587614
0.833316903575
-2.1949715114
-5.05616096763
-7.16040144101
-8.12278057091
-7.8392761551
-6.48562006781
-4.45054845422
-2.22986091503
-0.310824156893
0.929512774274
1.29731089393
0.817516964446
-0.274658993341
-1.5913851684
-2.69704310743
-3.24327332129
-3.09793156079
-2.41852778731
-1.62591159795
-1.26357406436
-1.77572536158
-3.28419884059
-5.46535987497
-7.60529517194
-8.8447875459
-8.53801044494
-6.57953896181
-3.54125119626
-0.52135178702
1.2739584269
1.0669719523
-1.0650414037
-4.08554712211
-6.31180588666
-6.0636074023
-2.40421362277
4.34017307563
12.5326516
19.7183777791
23.4987063946
22.4518136752
16.7234046576
8.03048027585
-0.943166797235
-7.5279621802
-10.0342973846
-8.31644969583
-3.7183319016
1.55393308844
5.35015965939
6.39290938623
4.664650397
1.2406349092
-2.3095380907
-4.65040326549
-5.20636781183
-4.27377617694
-2.71830426036
-1.45089049964
-0.962476396443
-1.14233788463
-1.44244207115
-1.26774087455
-0.362535083419
1.02146374452
2.2620765256
2.72574570155
2.14465188912
0.798107026541
-0.609448788232
-1.31643508821
-0.924276211756
0.358946615674
1.79311263401
2.47568364896
1.82497004876
-0.0724768285759
-2.44019273655
-4.14561952612
-4.23833465141
-2.43185609209
0.713017580776
4.00465389221
6.14368898795
6.30758482702
4.51783722535
1.61373892181
-1.15402103509
-2.71330648607
-2.66001903609
-1.41424770195
0.0257186530327
0.604245821728
-0.255185610711
-2.36117251926
-4.85183184739
-6.62603948314
-6.89257003948
-5.56483346534
-3.30585125203
-1.19963100641
-0.207152232721
-0.669913340234
-2.10212086001
-3.37622389674
-3.22186713735
-0.81296500202
3.82172949244
9.74711121254
15.4496399506
19.3991953112
20.6043816168
18.9352646521
15.098573751
10.3028877926
5.77578464078
2.33996081723
0.209000878725
-0.945056482367
-1.71787222392
-2.63409994106
-3.89279094437
-5.29128306483
-6.33685249163
-6.47935708814
-5.36017355406
-2.98103085199
0.261276822056
3.67471167764
6.46342756698
7.94657028759
7.74127086648
5.86328056174
2.72265428299
-0.982544186863
-4.44750064668
-6.97022668888
-8.1321617864
-7.89637317465
-6.59130693605
-4.78354532373
-3.08165179789
-1.93964443213
-1.53019575289
-1.73112020345
-2.22348660532
-2.65462741341
-2.7943115092
-2.61876505097
-2.2920394909
-2.06115737793
-2.1187550637
-2.49790449999
-3.04479188536
-3.47667671179
-3.49424431622
-2.89688757501
-1.65433736632
0.0869466997443
2.05366882743
3.92224784035
5.38985495733
6.22092659875
6.26858012439
5.48249000967
3.91468390571
1.72502863773
-0.822433294944
-3.38404881411
-5.58616713705
-7.09058426311
-7.65657544461
-7.18080031136
-5.70767352825
-3.41751111225
-0.607525930705
2.32468345626
4.90117262158
6.6076300194
6.98142691481
5.74285571978
2.93422721563
-0.997237316179
-5.23833322202
-8.79980096715
-10.8210975119
-10.8877854053
-9.22782781448
-6.68040052517
-4.41493067567
-3.48728113717
-4.40492549394
-6.889278325
-9.95481550871
-12.2943785831
-12.8232491104
-11.1543356795
-7.79432469481
-3.96380648244
-1.10620482294
-0.288961715536
-1.7520924478
-4.79854097034
-8.0735804556
-10.1126373254
-9.92375227854
-7.36225771346
-3.15246698088
1.43272841833
5.08063491276
6.91552517418
6.75713810506
5.08630386589
2.7749212213
0.727568207126
-0.406239169492
-0.352172188832
0.83738627874
2.92353247738
5.61272576062
8.61553741851
11.6326111944
14.3212392223
16.3056534722
17.2573526356
17.0141290458
15.6662729933
13.5436074587
11.0879165435
8.66373782133
6.40532085564
4.18883491075
1.75628446759
-1.06742857948
-4.18296345832
-7.16738703125
-9.41577789663
-10.4192675884
-10.0426232992
-8.64949549447
-6.99003100516
-5.88417225003
-5.84476834848
-6.82778730006
-8.24476924205
-9.24638439534
-9.14715922997
-7.78181785106
-5.60790690156
-3.49032954221
-2.26351388739
-2.28572876442
-3.21482634117
-4.13343856775
-3.98109397465
-2.0944035662
1.40657453254
5.58306652585
9.02709685209
10.4454879528
9.21358796725
5.6455347549
0.860206287001
-3.68939831015
-6.80238084132
-7.96607251131
-7.45876179219
-6.101101447
-4.80313015426
-4.13793981054
-4.1394815883
-4.3943609679
-4.34545249391
-3.62725357834
-2.2555630354
-0.588964099206
0.889778070073
1.83060116266
2.16190058971
2.05381542007
1.74303373358
1.34719179762
0.800143657224
-0.0406996499982
-1.18026261585
-2.31294878884
-2.83436789198
-2.08383555096
0.276437040911
3.94397059161
7.92187007993
10.8165602207
11.3972360094
9.17307338769
4.70170595426
-0.554583824453
-4.80024443605
-6.66597027208
-5.80560064894
-3.03612873184
0.0664551423796
1.94018634591
1.81408050618
0.105996580323
-1.77073260676
-2.12041067896
0.134382131389
4.80485854508
10.3771920557
14.6065124854
15.5132300227
12.3266470312
5.92785780572
-1.43557193662
-7.05752232281
-8.90862471892
-6.49463882064
-1.05687907946
4.96857796313
8.98370020983
9.29129503973
5.72816094781
2.745319114671304
-0.6312303105980703
-2.36542595124
-4.59657991926
-4.15221761445
-2.09670606627
0.167690689559
1.57663744179
1.80302869669
1.22967240143
0.571413152521
0.388890755621
0.764132269876
1.29502630866
1.38053914735
0.612979401605
-0.952359934565
-2.79853561212
-4.2097568068
-4.64103713222
-3.98638146464
-2.60108376654
-1.07628281971
0.0960827066978
0.770778075281
1.16662523038
1.64810823055
2.40757056631
3.24975525772
3.6291874765
2.94742405477
0.95891515368
-1.94932883514
-4.79503879361
-6.38859851236
-5.91240398147
-3.40611088847
0.114114451448
3.01570667156
3.76961586865
1.71647699295
-2.48894743742
-7.00137656088
-9.47381032338
-8.04493831084
-2.20479564992
6.84936244327
16.546027586
23.8465066203
26.364280806
23.2445767661
15.456626904
5.40038929355
-3.98942672213
-10.268654643
-12.2410308253
-10.1913803456
-5.5706002951
-0.324696610426
3.82912234536
5.90458754016
5.78769004757
4.04636236205
1.5604713462
-0.843386298784
-2.62098560771
-3.56744741369
-3.74865484452
-3.38718842103
-2.76469280112
-2.15899465904
-1.80008174492
-1.82525751012
-2.23633030431
-2.88691338525
-3.53039180529
-3.93019905746
-3.98917552957
-3.82477361154
-3.72817140115
-4.00119700656
-4.73953028087
-5.68100328859
-6.22803022654
-5.67726128624
-3.57937760417
-0.06411950277
4.04750450252
7.44209881972
8.77930739199
7.24049412483
2.91488951286
0.7006139334363866
-1.6688323800606213
-2.630515637922926
-1.26123599906
-1.67481507395
-0.656201338561
0.568145330306
1.02832241465
0.458416243915
-0.638729961614
-1.33398635356
-0.840173415651
0.992369757565
3.51797799847
5.57053935653
6.04244358666
4.47503793319
1.34960092603
-2.09067702168
-4.4224432159
-4.75065910143
-3.18683945353
-0.837951494703
0.719265513764
0.245453572113
-2.4608911075
-6.32838187267
-9.39491984274
-9.66816186133
-6.08816837089
0.852416871594
9.13791016603
15.932221397
18.6764536925
16.1222329253
8.86336284628
-0.85760078745
-9.9829432898
-15.7641737506
-16.7214914508
-13.0737181079
-6.51237139322
0.533270917906
5.80517278312
7.93457966288
6.72862291221
2.99271745657
1.606637783116085
0.3024853317735108
-0.03302530526717362
0.963811477753
-0.379761456302
-0.711244897952
-0.340271151861
0.451324014797
1.39559205419
2.20861584924
2.6093805746
2.40199123972
1.57669148459
0.356859799819
-0.859241577334
-1.65419036429
-1.77610854615
-1.25875943208
-0.410851893988
0.325332215673
0.577105464112
0.204736357938
-0.654653849066
-1.67769884162
-2.52358231747
-2.98626603174
-3.05083678009
-2.83431823411
-2.46029963751
-1.9548043235
-1.23539631608
-0.205101472251
1.1073794558
2.45712201798
3.4179316128
3.54887299321
2.61684944017
0.753791070994
-0.23716511013428487
-1.0247656751584628
-1.1043011510693361
-0.3716007641809398
0.8023285729538543
1.7362377316582922
1.7772387959468432
0.6510367472527179
-1.355842349248178
-3.4862529122099204
-4.845587373235361
-4.822621566405857
-3.3908441153546676
-1.1350709553311447
1.018687169472969
2.24349411936
1.20809135635
-0.771783408061
-2.89354782645
-4.26816181692
-4.35351151071
-3.20314011591
-1.40672850933
0.241847532731
1.17142839942
1.32814358086
1.17947951289
1.42325275657
2.55554807857
4.53187224497
6.71339900344
8.14441075647
8.03167794173
6.18272328544
3.16918258246
0.113003885388
-1.81707973713
-1.95930351087
-0.48787108349
1.65529520862
3.2063007281
3.19524521276
1.43607281654
-1.35080899685
-3.85022085382
-4.7568939976
-3.39064817272
-0.0340204071922
4.16391853422
7.66982279195
9.20940038383
8.27996491524
5.31191309815
1.42914486779
-2.05786334803
-4.18305738203
-4.64794489605
-3.82257070069
-2.46883958462
-1.35070798699
-0.922996079525
-1.22221529697
-1.96450773103
-2.75405780425
-3.27092103733
-3.34940459942
-2.94310079878
-2.04558793352
-0.6534583919
1.18635805448
3.27811376014
5.21535242126
6.43867278036
6.42973770812
4.9667247604
2.30603677056
-0.831882134751
-3.50599626416
-4.93864935314
-4.86218519395
-3.64837328417
-2.13626488983
-1.22410537648
-1.41897047259
-2.57328454676
-3.9544576294
-4.62840472636
-3.97196131426
-2.05074453571
0.345601946158
2.05102440988
2.09534559203
0.216290953945
-2.95854845113
-6.1729541043
-8.13558897417
-8.15632173453
-6.49792865415
-4.24536114715
-2.73399957401
-2.80995397044
-4.30038438169
-5.98951743242
-6.1579324457
-3.4601519179
2.27258091941
9.71299391042
16.4059599787
19.71319721
17.9446820541
11.177895132
1.3832318238
-8.23145613608
-14.4043950601
-15.0475820479
-10.0160356907
-1.11570533029
8.62778072313
16.1137859957
19.2488556846
17.5510459108
12.0922904903
4.88315571477
-1.98085214946
-7.03809963578
-9.78458688055
-10.5529793916
-10.0979335676
-9.13915729509
-8.08110848719
-6.99743867536
-5.8171874193
-4.55642284068
-3.44271464517
-2.86517053276
-3.1935500583
-4.58272119879
-6.87720554216
-9.66294147255
-12.4242330813
-14.7067604689
-16.1944720913
-16.6722932998
-15.9273588738
-13.6887296232
-9.68845469417
-3.85187795722
3.46682949645
11.3435362168
18.3599756961
22.9305242359
23.7935270585
20.4873415649
13.6131544952
4.75713973424
-3.92512202467
-10.3258995113
-12.9902296615
-11.5035816405
-6.5457074357
0.379811392734
7.42110657485
12.887406017
15.6383357606
15.2668650149
12.0711624208
6.87182998205
0.754946488346
-1.3988253155379624
-2.4959761475655284
-2.0091290621468545
0.172437501892
-0.383992535855
-0.0663344561386
0.496393381761
0.791088698321
0.573210660454
-0.0845969445686
-0.868399073235
-1.39273506887
-1.39072571075
-0.839440903103
0.0356288480028
0.87535924768
1.36070309284
1.35576288015
0.947307748679
0.363030206779
-0.183691324985
-0.633992255045
-1.12701399401
nan
nan
nan
nan
nan
nan
nan
nan
nan
nan
nan
nan
nan
nan
nan
nan
nan
nan
nan
nan
nan
nan
nan
nan
nan
nan
nan
nan
nan
nan
nan
nan
nan
nan
nan
nan
nan
nan
nan
nan
nan
nan
nan
nan
nan
nan
nan
nan
nan
nan
nan
nan
nan
nan
nan
nan
nan
nan
nan
nan
nan
nan
nan
nan
nan
nan
nan
nan
nan
nan
nan
nan
nan
nan
nan
nan
nan
nan
nan
nan
nan
nan
nan
nan
nan
nan
nan
nan
nan
nan
nan
nan
nan
nan
nan
nan
nan
nan
nan
nan
nan
nan
nan
nan
nan
nan
nan
nan
nan
nan
nan
nan
nan
nan
nan
nan
nan
nan
nan
nan
nan
nan
nan
nan
nan
nan
nan
nan
nan
nan
nan
nan
nan
nan
nan
nan
nan
nan
nan
nan
nan
nan
nan
nan
nan
nan
nan
nan
nan
nan
nan
nan
nan
nan
nan
nan
nan
nan
nan
nan
nan
nan
nan
nan
nan
nan
nan
nan
nan
nan
nan
nan
nan
nan
nan
nan
nan
nan
nan
nan
nan
nan
nan
nan
nan
nan
nan
nan
nan
nan
nan
nan
nan
nan
nan
nan
nan
nan
nan
nan
nan
nan
nan
nan
nan
nan
nan
nan
nan
nan
nan
nan
nan
nan
nan
nan
nan
nan
nan
nan
nan
nan
nan
nan
nan
nan
nan
nan
nan
nan
nan
nan
nan
nan
nan
nan
nan
nan
nan
nan
nan
nan
nan
nan
nan
nan
nan
nan
nan
nan
nan
nan
nan
nan
nan
nan
nan
nan
nan
nan
nan
nan
nan
nan
nan
nan
nan
nan
nan
nan
nan
nan
nan
nan
nan
nan
nan
nan
nan
nan
nan
nan
nan
nan
nan
nan
nan
nan
nan
nan
nan
nan
nan
nan
nan
nan
nan
nan
nan
nan
nan
nan
nan
nan
nan
nan
nan
nan
nan
nan
nan
nan
nan
nan
nan
nan
nan
nan
nan
nan
nan
nan
nan
nan
nan
nan
nan
nan
nan
nan
nan
nan
nan
nan
nan
nan
nan
nan
nan
nan
nan
nan
nan
nan
nan
nan
nan
nan
nan
nan
nan
nan
nan
nan
nan
nan
nan
nan
nan
nan
nan
nan
nan
nan
nan
nan
nan
nan
nan
nan
nan
nan
nan
nan
nan
nan
nan
nan
nan
nan
nan
nan
nan
nan
nan
nan
nan
nan
nan
nan
nan
nan
nan
nan
nan
nan
nan
nan
nan
nan
nan
nan
nan
nan
nan
nan
nan
nan
nan
nan
nan
nan
nan
nan
nan
nan
nan
nan
nan
nan
nan
nan
nan
nan
nan
nan
nan
nan
nan
nan
nan
nan
nan
nan
nan
nan
nan
nan
nan
nan
nan
nan
nan
nan
nan
nan
nan
nan
nan
nan
nan
nan
nan
nan
nan
nan
nan
nan
nan
nan
nan
nan
nan
nan
nan
nan
nan
nan
nan
nan
nan
nan
nan
nan
nan
nan
nan
nan
nan
nan
nan
nan
nan
nan
nan
nan
nan
nan
nan
nan
nan
nan
nan
nan
nan
nan
nan
nan
nan
nan
nan
nan
nan
nan
nan
nan
nan
nan
nan
nan
nan
nan
nan
nan
nan
nan
nan
nan
nan
nan
nan
nan
nan
nan
nan
nan
nan
nan
nan
nan
nan
nan
nan
nan
nan
nan
nan
nan
nan
nan
nan
nan
nan
nan
nan
nan
nan
nan
nan
nan
nan
nan
nan
nan
nan
nan
nan
nan
nan
nan
nan
nan
nan
nan
nan
nan
nan
nan
nan
nan
nan
nan
nan
nan
nan
nan
nan
nan
nan
nan
nan
nan
nan
nan
nan
nan
nan
nan
nan
nan
nan
nan
nan
nan
nan
nan
nan
nan
nan
nan
nan
nan
nan
nan
nan
nan
nan
nan
nan
nan
nan
nan
nan
nan
nan
nan
nan
nan
nan
nan
nan
nan
nan
nan
nan
nan
nan
nan
nan
nan
nan
nan
nan
nan
nan
nan
nan
nan
nan
nan
nan
nan
nan
nan
nan
nan
nan
nan
nan
nan
nan
nan
nan
nan
nan
nan
nan
nan
nan
nan
nan
nan
nan
nan
nan
nan
nan
nan
nan
nan
nan
nan
nan
nan
nan
nan
nan
nan
nan
nan
nan
nan
nan
nan
nan
nan
nan
nan
nan
nan
nan
nan
nan
nan
nan
nan
nan
nan
nan
nan
nan
nan
nan
nan
nan
nan
nan
nan
nan
nan
nan
nan
nan
nan
nan
nan
nan
nan
nan
nan
nan
nan
nan
nan
nan
nan
nan
nan
nan
nan
nan
nan
nan
nan
nan
nan
nan
nan
nan
nan
nan
nan
nan
nan
nan
nan
nan
nan
nan
nan
nan
nan
nan
nan
nan
nan
nan
nan
nan
nan
nan
nan
nan
nan
nan
nan
nan
nan
nan
nan
nan
nan
nan
nan
nan
nan
nan
nan
nan
nan
nan
nan
nan
nan
nan
nan
nan
nan
nan
nan
nan
nan
nan
nan
nan
nan
nan
nan
nan
nan
nan
nan
nan
nan
nan
nan
nan
nan
nan
nan
nan
nan
nan
nan
nan
nan
nan
nan
nan
nan
nan
nan
nan
nan
nan
nan
nan
nan
nan
nan
nan
nan
nan
nan
nan
nan
nan
nan
nan
nan
nan
nan
nan
nan
nan
nan
nan
nan
nan
nan
nan
nan
nan
nan
nan
nan
nan
nan
nan
nan
nan
nan
nan
nan
nan
nan
nan
nan
nan
nan
nan
nan
nan
nan
nan
nan
nan
nan
nan
nan
nan
nan
nan
nan
nan
nan
nan
nan
nan
nan
nan
nan
nan
nan
nan
nan
nan
nan
nan
nan
nan
nan
nan
nan
nan
nan
nan
nan
nan
nan
nan
nan
nan
nan
nan
nan
nan
nan
nan
nan
nan
nan
nan
nan
nan
nan
nan
nan
nan
nan
nan
nan
nan
nan
nan
nan
nan
nan
nan
nan
nan
nan
nan
nan
nan
nan
nan
nan
nan
nan
nan
nan
nan
nan
nan
nan
nan
nan
nan
nan
nan
nan
nan
nan
nan
nan
nan
nan
nan
nan
nan
nan
nan
nan
nan
nan
nan
nan
nan
nan
nan
nan
nan
nan
nan
nan
nan
nan
nan
nan
nan
nan
nan
nan
nan
nan
nan
nan
nan
nan
nan
nan
nan
nan
nan
nan
nan
nan
nan
nan
nan
nan
nan
nan
nan
nan
nan
nan
nan
nan
nan
nan
nan
nan
nan
nan
nan
nan
nan
nan
nan
nan
nan
nan
nan
nan
nan
nan
nan
nan
nan
nan
nan
nan
nan
nan
nan
nan
nan
nan
nan
nan
nan
nan
nan
nan
nan
nan
nan
nan
nan
nan
nan
nan
nan
nan
nan
nan
nan
nan
nan
nan
nan
nan
nan
nan
nan
nan
nan
nan
nan
nan
nan
nan
nan
nan
nan
nan
nan
nan
nan
nan
nan
nan
nan
nan
nan
nan
nan
nan
nan
nan
nan
nan
nan
nan
nan
nan
nan
nan
nan
nan
nan
nan
nan
nan
nan
nan
nan
nan
nan
nan
nan
nan
nan
nan
nan
nan
nan
nan
nan
nan
nan
nan
nan
nan
nan
nan
nan
nan
nan
nan
nan
nan
nan
nan
nan
nan
nan
nan
nan
nan
nan
nan
nan
nan
nan
nan
nan
nan
nan
nan
nan
nan
nan
nan
nan
nan
nan
nan
nan
nan
nan
nan
nan
nan
nan
nan
nan
nan
nan
nan
nan
nan
nan
nan
nan
nan
nan
nan
nan
nan
nan
nan
nan
nan
nan
nan
nan
nan
nan
nan
nan
nan
nan
nan
nan
nan
nan
nan
nan
nan
nan
nan
nan
nan
nan
nan
nan
nan
nan
nan
nan
nan
nan
nan
nan
nan
nan
nan
nan
nan
nan
nan
nan
nan
nan
nan
nan
nan
nan
nan
nan
nan
nan
nan
nan
nan
nan
nan
nan
nan
nan
nan
nan
nan
nan
nan
nan
nan
nan
nan
nan
nan
nan
nan
nan
nan
nan
nan
nan
nan
nan
nan
nan
nan
nan
nan
nan
nan
nan
nan
nan
nan
nan
nan
nan
nan
nan
nan
nan
nan
nan
nan
nan
nan
nan
nan
nan
nan
nan
nan
nan
nan
nan
nan
nan
nan
nan
nan
nan
nan
nan
nan
nan
nan
nan
nan
nan
nan
nan
nan
nan
nan
nan
nan
nan
nan
nan
nan
nan
nan
nan
nan
nan
nan
nan
nan
nan
nan
nan
nan
nan
nan
nan
nan
nan
nan
nan
nan
nan
nan
nan
nan
nan
nan
nan
nan
nan
nan
nan
nan
nan
nan
nan
nan
nan
nan
nan
nan
nan
nan
nan
nan
nan
nan
nan
nan
nan
nan
nan
nan
nan
nan
nan
nan
nan
nan
nan
nan
nan
nan
nan
nan
nan
nan
nan
nan
nan
nan
nan
nan
nan
nan
nan
nan
nan
nan
nan
nan
nan
nan
nan
nan
nan
nan
nan
nan
nan
nan
nan
nan
nan
nan
nan
nan
nan
nan
nan
nan
nan
nan
nan
nan
nan
nan
nan
nan
nan
nan
nan
nan
nan
nan
nan
nan
nan
nan
nan
nan
nan
nan
nan
nan
nan
nan
nan
nan
nan
nan
nan
nan
nan
nan
nan
nan
nan
nan
nan
nan
nan
nan
nan
nan
nan
nan
nan
nan
nan
nan
nan
nan
nan
nan
nan
nan
nan
nan
nan
nan
nan
nan
nan
nan
nan
nan
nan
nan
nan
nan
nan
nan
nan
nan
nan
nan
nan
nan
nan
nan
nan
nan
nan
nan
nan
nan
nan
nan
nan
nan
nan
nan
nan
nan
nan
nan
nan
nan
nan
nan
nan
nan
nan
nan
nan
nan
nan
nan
nan
nan
nan
nan
nan
nan
nan
nan
nan
nan
nan
nan
nan
nan
nan
nan
nan
nan
nan
nan
nan
nan
nan
nan
nan
nan
nan
nan
nan
nan
nan
nan
nan
nan
nan
nan
nan
nan
nan
nan
nan
nan
nan
nan
nan
nan
nan
nan
nan
nan
nan
nan
nan
nan
nan
nan
nan
nan
nan
nan
nan
nan
nan
nan
nan
nan
nan
nan
nan
nan
nan
nan
nan
nan
nan
nan
nan
nan
nan
nan
nan
nan
nan
nan
nan
nan
nan
nan
nan
nan
nan
nan
nan
nan
nan
nan
nan
nan
nan
nan
nan
nan
nan
nan
nan
nan
nan
nan
nan
nan
nan
nan
nan
nan
nan
nan
nan
nan
nan
nan
nan
nan
nan
nan
nan
nan
nan
nan
nan
nan
nan
nan
nan
nan
nan
nan
nan
nan
nan
nan
nan
nan
nan
nan
nan
nan
nan
nan
nan
nan
nan
nan
nan
nan
nan
nan
nan
nan
nan
nan
nan
nan
nan
nan
nan
nan
nan
nan
nan
nan
nan
nan
nan
nan
nan
nan
nan
nan
nan
nan
nan
nan
nan
nan
nan
nan
nan
nan
nan
nan
nan
nan
nan
nan
nan
nan
nan
nan
nan
nan
nan
nan
nan
nan
nan
nan
nan
nan
nan
nan
nan
nan
nan
nan
nan
nan
nan
nan
nan
nan
nan
nan
nan
nan
nan
nan
nan
nan
nan
nan
nan
nan
nan
nan
nan
nan
nan
nan
nan
nan
nan
nan
nan
nan
nan
nan
nan
nan
nan
nan
nan
nan
nan
nan
nan
nan
nan
nan
nan
nan
nan
nan
nan
nan
nan
nan
nan
nan
nan
nan
nan
nan
nan
nan
nan
nan
nan
nan
nan
