nan
nan
nan
nan
nan
nan
nan
nan
nan
nan
0.694196794547
-1.02015515147
-2.04129333136
-1.99133425977
-0.950521636532
0.582358634688
1.92362271861
2.51747571715
2.17776804553
1.1468542797
-0.0487040598474
-0.867096971097
-1.00920323147
-0.541193493515
0.170323559033
0.667559423823
0.64227177968
0.0846261918147
-0.730830487998
-1.40672452151
-1.198056319103543
-0.5004005090745665
0.4623320931965509
1.3232505205492942
1.7745017828505922
1.7328121886005476
1.3798215847723299
1.0563847790934773
1.068422036010162
1.5094729158898872
2.196922610483
2.759266079190567
2.831928711077225
2.2607789066732096
1.2061245239849967
0.08933076216266045
-0.5958841571594178
-0.5158339405511612
0.3422897132428204
1.6617012595062732
2.9446182361054696
3.7452299807480784
3.8725552688699025
3.4644031144276823
2.8983528803917977
2.5866838083475727
2.759038022466356
3.341382706610517
3.9909118521712657
4.268883618719698
3.8657155348758323
2.7679165751113146
1.2857547003046363
-0.0716132607448
-1.0729875257
-1.19879002672
-0.523879220488
0.581646123766
1.61573991537
2.15289070419
2.00581948293
1.27657008253
0.287141504389
-0.567711725999
-0.975753509407
-0.808262220337
-0.137965140654
0.814937380411
1.77114461835
2.47465994278
2.74564467316
2.50284909775
1.76880335333
0.669481223464
-0.572595307836
-1.66495308926
-2.30455291491
-2.26745378115
-1.50276110928
-0.188279171148
1.29105055821
2.45354537505
2.89073961364
2.43272856291
1.23528582918
-0.259979864408
-1.48960189906
-1.99715112302
-1.6329971216
-0.635875588104
0.447213152745
0.978222507033
0.496854664694
-1.0709570479
-3.35547820033
-5.66605968023
-7.24880442353
-7.57612219163
-6.55069129021
-4.54074596591
-2.23247585682
-0.359721245428
0.579769985535
0.508252590842
-0.21938389987
-0.976030064017
-1.12878686007
-0.303893555581
1.45434610816
3.69120254248
5.70999788713
6.83361851464
6.65726745239
5.19684665797
2.87989392182
0.387282436164
-1.59017787095
-2.58667999701
-2.50168718894
-1.59919723475
-0.37546685433
0.645878628594
1.10832243888
0.93313924007
0.310956515521
-0.411280205252
-0.892596335893
-0.938747439915
-0.565687547413
0.032572906419
0.58754434831
0.878368922094
0.816476056582
0.459129036331
0.3535630515228405
0.2489410087590187
0.21777871470651178
0.2295777678087063
0.18272870242540762
-0.025998128900241113
-0.4330654073242215
-0.9761510560103659
-1.512569482191651
-1.8753967128095326
-1.936671091055473
-1.6470724273296469
-1.0381642564638867
-0.195980661351
0.385915903325
0.974373331416
1.43649064079
1.6127907811
1.32911463056
0.450042209703
-1.03483736876
-2.93093536394
-4.81874310283
-6.13331361247
-6.34024308407
-5.15289345237
-2.69976763721
0.445950223101
3.41514388529
5.33490868084
5.65900269693
4.40098715549
2.16252472647
-0.0713933565064
-1.30036388711
-0.896230232721
1.14709670471
4.20528568286
7.26042100668
9.28460150186
9.61280724967
8.15734850072
5.38914447885
2.11272856381
-0.854309113698
-2.95735156769
-4.03096581531
-4.24828598694
-3.94844941154
-3.44360064469
-2.89941833511
-2.33056514129
-1.68597226649
-0.954249644658
-0.218473274351
0.370952967283
0.681841047596
0.68304994646
0.464941407369
0.177259920588
-0.08159478363
-0.353578425755
-0.822754450935
-1.71058045567
-3.10956879535
-4.84600529272
-6.46153813872
-7.35117592904
-7.01497381299
-5.31319390961
-2.5973608578
0.363758309473
2.65212724018
3.55684880572
2.86384063731
0.945829584789
-1.39357720896
-3.25633003576
-4.01790362106
-3.56298292523
-2.28691320516
-0.870383362294
0.0604537897369
0.226094656207
-0.196621376116
-0.691106341181
-0.67888590424
0.180438648742
1.81104770646
3.7439974443
5.32119627872
5.97494088668
5.44837317318
3.86016351697
1.59953727141
1.506471297267879
1.5250416910208315
1.773231698549921
2.208843646223869
2.76807490786
0.903188016632
-0.591911298311
-1.44622425786
-1.47446252096
-0.721061073171
0.498184481632
1.69270407332
2.39294520996
2.3499184642
1.63616250796
0.593523033655
-0.348570945206
-0.892601578607
-1.01691065536
-0.968140622706
-1.1042967418
-1.66951662206
-2.62034460292
-3.60071339238
-4.0890996485
-3.65304518386
-2.18807447864
-0.020068190116
2.18747674402
3.6871894917
3.95074772103
2.88439243088
0.860534729602
0.7360080421983213
1.02492495325
0.143855388837
0.173361120914
0.806085344959
1.55945685228
2.01051578027
1.97113714362
1.53141099465
0.96826264685
0.580417984387
0.538826058771
0.823084987517
1.26280391885
1.6473011478
1.83639435895
1.81296746166
1.65694750514
1.46681378288
1.28277391287
1.06079839168
0.713148321305
0.188932305981
-0.458068094837
-1.06238401112
-1.41525611484
-1.37897734306
-0.987380258952
-0.4733739896
-0.197207179557
-0.498073434553
-1.53218774032
-3.1718943891
-5.01646455602
-6.5171062379
-7.16897529543
-6.6944573039
-5.14672457761
-2.89671671565
-0.513441516038
1.41398078798
2.44861955404
2.41878855187
1.44564518233
-0.110585602522
-1.76033584017
-3.01696684764
-3.52053171513
-3.12829940696
-1.95332025105
-0.338530056146
1.23575568323
2.29585580056
2.53380759424
1.92886827403
0.779239901825
-0.384271440954
-0.987693115805
-0.644718885967
0.661149370041
2.52598396898
4.24345915766
5.06001796317
4.47292546746
2.4496243
0.3695988212099479
-1.8336064368171208
-3.2857154167100617
-3.4053412132030587
-2.127097533288122
0.07996115569849849
2.406402772987846
4.0277641184980695
4.42600000462572
3.57643661948687
1.9298997224128698
0.2080066782586698
-0.893473102294
-1.81870234585
-1.71566601695
-0.941558287195
-0.0214339125658
0.582324189693
0.641732674337
0.212364995712
-0.443083981651
-1.00518227674
-1.24580865892
-1.11045716994
-0.710954145352
-0.248922908808
0.0823099120712
0.169573925879
0.000449481064138
-0.362025699727
-0.824010840057
-1.29601255871
-1.70411550684
-1.98293677091
-2.06852826608
-1.90727536424
-1.48232160122
-0.842348918676
-0.110152688417
0.543864031809
0.958963611858
1.0481101605
0.83666920972
0.453208752185
0.0731219209614
-0.159284429537
-0.19185894142
-0.0777395619733
0.0661246812052
0.13269674536
0.0904471853605
0.0038293535618
-0.00448294147692
0.169519463326
0.537591002217
0.992455428356
1.34838144742
1.43365771589
1.18923387356
0.719948970865
0.26509228562
0.0946777091129
0.377232225258
1.08356857796
1.97800166459
2.70853345308
2.9593800968
2.59657781564
1.73723354053
0.706690482431
-0.0998929767324
-0.389263377472
-0.0959047243661
0.59642139018
1.34684310387
1.81885496537
1.83408314599
1.44579873758
0.899131957619
0.500231424129
0.460675126811
0.79466610586
1.31941324604
1.75698944261
1.88469033777
1.65607065365
1.22909666172
0.884573497459
0.874237510071
1.27552863293
1.92964410303
2.5000958652
2.62912276907
2.11818907029
1.0423255392
-0.264061243693
-1.35184849967
-1.86949280153
-1.74256976147
-1.22951406905
-0.816676845546
-0.991076448152
-1.99071966267
-3.65021672484
-5.42295357884
-6.58461261151
-6.53982017584
-5.10194760425
-2.62047478443
0.108977222443
2.12507849151
2.66185816246
1.44321903882
0.8198127573359386
-0.44886767631901137
-1.40760115633
-3.27093961388
-3.75507302169
-3.07796218665
-1.83716281741
-0.725543305682
-0.23597287806
-0.48071573714
-1.19397592633
-1.90161212603
-2.16912325176
-1.80971817669
-0.95987943434
0.00378665390518
0.657655299022
0.736759231076
0.254775724169
-0.514667567581
-1.18009401842
-1.42428307258
-1.15217178965
-0.52540775488
0.128292124479
0.481933777148
0.36817073667
-0.146606503268
-0.805644484366
-1.29643924092
-1.40629132963
-1.12054783936
-0.616470581341
-0.159610931007
0.0411598273108
-0.0561191076513
-0.30803360247
-0.46808938516
-0.326284266464
0.16774815623
0.864238588423
1.47995466515
1.74147247985
1.53366895994
0.976399873517
0.385377793471
0.129398384671
0.448051676676
1.31635840575
2.42402313989
3.28555665844
3.43743759156
2.6378985595
0.982627698914
-1.11365073602
-3.06150911135
-4.30587742613
-4.51437381495
-3.67315176494
-2.06170795529
-0.12950147148
1.66647303961
2.99717735638
3.72611360793
3.89602036467
3.66355956406
3.22209122885
2.74498107383
2.36070049855
2.15040494619
2.15032837503
2.34801304776
2.67621432001
3.01945548818
3.24644062301
3.26619569913
3.08566355864
2.83490708849
2.73314476463
2.99468985197
3.70727866395
4.73867016315
5.72590769821
6.17163260959
5.62427903272
3.87530129498
1.08881060177
-2.2013258495
-5.2403078945
-7.29837543304
-7.92023920017
-7.07808761596
-5.16551452548
-2.83530808352
-0.749512369784
0.653638550789
1.28083226312
1.34891508382
1.22020069222
1.19087476812
1.33409100689
1.47121387128
1.28288246885
0.504545700562
-0.890337999646
-2.61289571489
-4.13359648157
-4.8856074311
-4.51183802852
-3.04589486156
-0.940765172899
1.07820709776
2.28421138014
2.23649340777
0.966011298848
-1.02077589033
-2.92713823415
-3.97027772181
-3.68493073816
-2.10561474503
0.245316257785
2.55906582241
4.05086460792
4.25620191811
3.19655036419
1.35213966396
-0.542365612623
-1.79282994802
-2.01065382433
-1.24301269381
0.078092872309
1.33839455319
2.00441954348
1.83453115743
0.952339069052
-0.240443208259
-1.2640800713
-1.77885854695
-1.72239571094
-1.30824269068
-0.89381090972
-0.786334564634
-1.08297229465
-1.62272753191
-2.07253011952
-2.10391806701
-1.57185682609
-0.605203263662
0.439284256333
1.14057307519
1.21659171075
0.666768739114
-0.219802507844
-1.00032598397
-1.29712870934
-0.994611778649
-0.315933317374
0.264146763916
0.235597027446
1.7467583451192894
2.4220616785843703
2.69506453375
0.689159851069
-0.57006323609
-0.872650769158
-0.420900194906
0.271369124161
0.626892575131
0.285696937951
-0.713910882124
-1.9418444702
-2.77114898938
-2.67378876584
-1.48137309519
0.510449167602
2.64410886342
4.16463702655
4.52895482516
3.62346352128
1.79721786907
-0.297173485565
-1.97705724822
-2.79284160221
-2.66800600406
-1.86639472657
-0.819385708899
0.0927115754763
0.697532195797
1.05743825496
1.36754629609
1.79105034202
2.32600079916
2.77686142045
2.84666844614
2.30149108529
1.12053648572
-0.448647241458
-1.96366568473
-2.9597031657
-3.1422934529
-2.51138508105
-1.35989597385
-0.148503901734
0.685259130983
0.897918599976
0.518144913849
-0.195358641767
-0.888323377124
-1.2710301514
-1.2316793237
-0.858268549765
-0.369760772098
0.00183988092583
0.119203418738
-0.0107114256762
-0.26081249931
-0.461653808705
-0.490368610164
-0.32826662038
-0.0641569656696
0.152042027648
0.179221754533
-0.054310437849
-0.52342409825
-1.11809728717
-1.68401385246
-2.07259240501
-2.18262472924
-1.98352097179
-1.5186470281
-0.892215365621
-0.244122126715
0.283465730879
0.583078407502
0.614592046717
0.422506034962
0.127494624884
-0.111062888327
-0.152814353307
0.066002402468
0.500047779604
1.00522407879
1.3924308434
1.50510942414
1.28779271484
0.814260615506
0.260585502328
-0.166762050667
-0.316347661396
-0.15251431871
0.235300295581
0.676824033674
0.995415123822
1.07579914739
0.893529850613
0.496154420215
0.44725202364180916
0.29226833127070506
0.026430657769964228
-0.37236091257169335
-0.8873018234601062
-1.4140729111316972
-1.756592489733805
-1.6831111057581438
-1.0260403238476101
0.2188117930355844
1.845384780054033
3.4759669155213544
4.680677740349523
5.134065946799765
4.743628184759373
3.6929740173425074
2.377404799915368
1.256381819580639
0.684181531121
0.206631413523
0.287456089123
0.638817872171
0.945440099482
1.00129291347
0.781397946038
0.421480576541
0.122580530341
0.032096688981
0.161214686068
0.378152057132
0.477966106065
0.291953692341
-0.218983745091
-0.933822484133
-1.61926040177
-2.03323883004
-2.03478890443
-1.648136095
-1.05098522793
-0.492695977643
-0.180604824961
-0.187032315103
-0.419409830122
-0.666709767827
-0.700721085987
-0.386362241002
0.248331291919
1.01375114612
1.63171472833
1.84928655404
1.54586254245
0.789208560896
-0.182552029225
-1.0460199133
-1.51135849866
-1.42910779899
-0.844805376914
0.0180205471336
0.838603473263
1.31220059205
1.25377598854
0.655177721013
0.3581639402149648
-0.053633804803354224
-0.309642420607
-0.782021356545
-0.859859908652
-0.621600171018
-0.224330955894
0.170159233069
0.458764559848
0.624414226144
0.719822176027
0.820448239291
0.973010418077
1.16633359213
1.33861789386
1.41566558163
1.35802782235
1.18998512409
0.992689747631
0.863205151874
0.860628767419
0.969443848359
1.10311280764
1.15034979454
1.04260045649
0.806763982205
0.570920949069
0.512601368512
0.769089044404
1.35225854204
2.11356517369
2.78437485702
3.08111881572
2.83076029204
2.05735469962
0.984255129801
-0.0558304964464
-0.766247724975
-1.02103964637
-0.923724464157
-0.758301152061
-0.85130057486
-1.40783384754
-2.40000176733
-3.56373926576
-4.50949058265
-4.89686645542
-4.59072638836
-3.7229680785
-2.62871269916
-1.68680134885
-1.14265730121
-1.00211788373
-1.05113835899
-0.993525120046
-0.637431986989
-0.0322679107347
0.522808283548
0.616653615751
-0.0463355747548
-1.4370709858
-3.12119620082
-4.36568501476
-4.40739231195
-2.78011119029
0.439124756803
4.5786487669
8.55269157603
11.2144418605
11.7486100828
9.95195513656
6.29492931792
1.74587911504
-2.56713413085
-5.72240887247
-7.2622743845
-7.25942770015
-6.19154889916
-4.69861762991
-3.33354690677
-2.40272763629
-1.94028434874
-1.7958370035
-1.77021333725
-1.72516170833
-1.62090750213
-1.4815162
-1.32744847065
-1.12791454511
-0.807900385315
-0.307549740026
0.343850712174
0.990918752585
1.38791090164
1.30432853111
0.656068048819
-0.404824134888
-1.49887449361
-2.14294719286
-1.95141179797
-0.83397448337
0.901173181087
2.60035714014
3.47439558394
2.89894781986
0.692987135041
-2.73971167471
-6.47696601502
-9.34706120884
-10.3152194964
-8.8516536531
-5.14406026883
-0.0689421242911
5.07755199141
8.99956248771
10.8247790303
10.3798363038
8.21930698376
5.39956620871
3.08210053612
2.11240568361
2.72734919479
4.49372879529
6.49347930746
7.68022532278
7.27190659617
5.03652813046
1.37342862258
-2.82879231995
-6.49577986625
-8.7179014295
-9.02618163227
-7.50909516876
-4.74833563888
-1.61419549959
0.999136698221
2.41189842551
2.30770755676
0.768796157292
-1.1681897277839681
-3.5107543486165156
-5.602896529671895
-6.896287591843148
-7.065344930735677
-6.0709852330959535
-4.161533643558002
-1.8066452360672542
0.42702896571606175
2.0319433235223983
2.704874963934145
2.4336342860901254
1.4909262082681494
0.331691519564
-1.25331557325
-2.25977008479
-2.61352471745
-2.48303624027
-2.17057620441
-1.9512506101
-1.93494912087
-2.01700835673
-1.94237723967
-1.45363472649
-0.451119520065
0.915310043924
2.27318326928
3.16748129997
3.25327579266
2.45286593852
1.00349292654
-0.628491596049
-1.92926469047
-2.53313547599
-2.34531361719
-1.54149604502
-0.453634458157
0.595392750815
1.42472864796
2.03418442371
2.53875127784
3.04452657615
3.54151632147
3.87775380016
3.83312776971
3.2546181186
2.17759152806
0.860829704284
-0.294335323664
-0.909462019287
-0.800274731963
-0.0668143911163
0.947518719574
1.81329230803
2.21407211052
2.08856304763
1.64304850538
1.22535613597
1.12240151718
1.38496250178
1.77345079555
1.86028568001
1.24582384631
-0.215358764729
-2.29186830231
-4.4250993661
-5.93855233072
-6.31674608863
-5.427384492
-3.5839461535
-1.41855880136
0.377625676005
1.32904382933
1.34317743998
0.701355219866
0.22716411903496692
0.022312331165196042
0.28694971432128114
0.9168234027840043
1.5965363286417613
1.9918355604059883
1.9375177733441404
1.5243144658076346
1.0429398262212146
0.8178205262497045
1.019327574066466
1.553790115794854
2.090700580641524
2.216916207583637
1.6433413962444092
0.36240774291569267
-1.3222812172705147
-2.9113141298375638
-3.917548101268693
-4.070859506293047
-3.4260967754219394
-2.3273967313041624
-1.2493978028950181
-0.5914644769750481
-0.5190507681748073
-0.9198605144262757
-1.4859989055128722
-1.874883632155857
-1.8688444848493333
-1.4600302418754296
-0.8278653571869654
-0.22947848334416676
0.13677715956701775
0.226352874651
-0.177154616984
-0.52792068447
-0.641603979329
-0.45772945806
-0.0721282964309
0.310528622578
0.479053195019
0.322578777711
-0.108937898155
-0.618436183125
-0.943102615657
-0.867039447096
-0.316734472379
0.599957201113
1.62570240103
2.44203386599
2.77905729335
2.50604853288
1.6725053913
0.488902435927
-0.742589884582
-1.72204655626
-2.23963234965
-2.23099243364
-1.78534573988
-1.10618258867
-0.438496348954
0.0136608046141
0.152453119733
0.0126017690541
-0.260474713682
-0.473334437751
-0.465266063086
-0.17635359974
0.324550927743
0.864676049167
1.23674516633
1.28577504435
0.97752972262
0.419149668148
-0.178368536855
-0.581896657541
-0.629220139645
-0.295319449602
0.295229046574
0.914470442707
1.31666571136
1.32878616831
0.911096675669
0.166906564644
-0.698188568617
-1.44820834303
-1.89131472043
-1.9316822176
-1.58578638812
-0.964895176079
-0.236027942923
0.423366940191
0.865222265344
0.999310479166
0.808912723256
0.353392812806
-0.243469944434
-0.820391387277
-1.21842303727
-1.32540658346
-1.11130275114
-0.639994569831
-0.0496065372823
0.49455762887
0.857834210949
0.981595856389
0.896672867853
0.698439261317
0.494313532888
0.347326994966
0.241585699942
0.0854565722222
0.7159607098040084
1.0599981686886935
1.0784882362774368
0.8203384142334613
0.4059028249608758
-0.014886949170261232
-0.3089278715967083
-0.3908286581111895
-0.228789558544
-0.786794699789
-1.13298720338
-1.29646517125
-1.30981424417
-1.21578711805
-1.06921135431
-0.924890022385
-0.813016990944
-0.715579201636
-0.562142710627
-0.256586095103
0.270157102184
1.00398186979
1.81905860023
2.49995993158
2.81517979806
2.61577096041
1.9151960817
0.908907047073
-0.0840341882368
-0.739512289533
-0.858876267626
-0.453436860997
0.257665607712
0.938965277208
1.2811485511
1.13143926398
0.553169065247
-0.21202526399
-0.860764800981
-1.16796526064
-1.08462691427
-0.748629005583
-0.406035067766
-0.283393071977
-0.474305773285
-0.895221517161
-1.33039426951
-1.54183208258
-1.38865938407
-0.896935282489
-0.246750163677
0.314998227957
0.591363012638
0.523650621424
0.209264137474
-0.156503361047
-0.382306257139
-0.373357796516
-0.168890221437
0.0915030698464
0.251577010292
0.226177674179
0.0466087288651
-0.1590768139
-0.238631609525
-0.101065661552
0.23115083424
0.631068739305
0.932620257039
1.01760299399
0.878047662775
0.620620552112
0.410156566057
0.381506041505
0.565906300906
0.871181824587
1.12769921345
1.17810720616
0.965738362437
0.575930418232
0.206870886678
0.0808511039514
0.336189624941
0.950297248932
1.73067289047
2.37987703002
2.60747147336
2.2418403654
1.29628913161
-0.034979056188
-1.44521939794
-2.61686723393
-3.31600621334
-3.44731386626
-3.05767467218
-2.29859771356
-1.37114535892
-0.477652307519
0.205828972462
0.536820057406
0.404661978507
1.079003516129518
1.1873819054516161
0.7763295761657076
-0.01318340425071085
-0.9424047077864373
-1.70026669741
-3.38715973712
-4.30527362608
-4.31819084142
-3.47345737747
-2.0093565402
-0.308508148881
1.19487285363
2.13063868689
2.29641856507
1.71365958573
0.612821697972
-0.651672291849
-1.72878038927
-2.39276550865
-2.60998523716
-2.52052941038
-2.34042855756
-2.22751990535
-2.17538960513
-1.99251452063
-1.387466647
-0.129856594296
1.7859379734
4.05888782901
6.13678647819
7.40405605046
7.43114087171
6.17581854839
4.03689588101
1.72029867325
-0.0375772986431
-0.773189338708
-0.488161072871
0.36438037637
1.10291205056
1.15396520196
0.345938531854
-0.984053393398
-2.13235970579
-2.36466456531
-1.29260564746
0.890934848246
3.44236195194
5.36686533171
5.86014911131
4.68967183378
2.33017065009
-0.224359864417
-1.89989608451
-2.03747439432
-0.713002873395
1.27699667501
2.77181905913
2.79243461626
1.0285173745
-1.96455780864
-4.96446859186
-6.6032531288
-5.98692335947
-3.13620165671
0.957177645732
4.69817292307
6.53287273951
5.59817504945
2.09917350747
-2.74852092871
-7.18970200733
-9.61851626235
-9.20249904823
-6.19194730601
-1.80081234709
2.27748043362
4.5133774617
4.0869822357
1.13510501618
1.2372953845835184
1.17937967613
-2.20056173992
-3.69460210868
-3.27871904323
-1.57661822933
0.438829688693
1.82873265438
2.01483967321
0.94778977002
-0.919381560576
-2.82347621833
-3.97448990255
-3.8373035115
-2.32636353832
0.145118021575
2.78014533012
4.64963354025
5.00937686404
3.5812487703
0.695846459096
-2.77164012183
-5.67355821123
-6.9913004629
-6.22572199159
-3.62218000124
-0.124465857762
2.94871226313
4.39735296479
3.61666573598
0.861765522382
-2.81918564627
-5.97196268765
-7.29804304843
-6.16743254395
-2.8727588163
1.48156259812
5.41056893149
7.62261563745
7.5002861181
5.29563618286
1.97137665912
-1.22974816949
-3.29418996778
-3.80827329187
-3.04379369207
-1.74278207046
-0.716755415116
-0.449650061127
-0.880781957149
-1.45494375217
-1.40464569807
-0.129895668658
2.49439006419
6.01356952935
9.52936134374
12.0143104193
12.6752942938
11.2278360863
7.98875477314
3.76965866974
-0.375493673196
-3.45496795044
-4.8004866305
-4.21844511454
-2.00598445468
1.15567827835
4.39351534624
6.87146236072
8.00326166842
7.59946501011
5.90865253357
3.53407018161
1.23986190873
-0.301007329952
-0.736424444474
-0.158125574312
0.9363935851
1.84016063039
1.9241914783
0.905823356347
-1.01294987403
-3.20110152135
-4.83450500073
-5.22240047746
-4.09357541478
-1.72484710502
1.14215217847
3.56337016406
4.72914297599
4.24349080364
2.24224132842
-0.68435894931
-3.72023222886
-6.10486282881
-7.36021815148
-7.39116955724
-6.44636726941
-4.9807584522
-3.48799645774
-2.36431339296
-1.83533064191
-1.94339581414
-2.57286701563
-3.49072446726
-4.39339462501
-4.96381953978
-4.94385915381
-4.21411828591
-2.85534757292
-1.15711178832
0.449143708663
1.52521311
1.78633184177
1.22161913247
0.116813421975
-1.0420610626
-1.75382108745
-1.70310287056
-0.892137280965
0.355416181803
1.52312495123
2.10988422955
1.83009637745
0.72334647269
-0.867860900172
-2.43605272605
-3.49891248849
-3.76205523445
-3.19504892474
-2.00494631094
-0.536070489107
0.850782322179
1.8708620264
2.35698907157
2.25799307461
1.61959676576
0.570032478222
-0.685892782085
-1.8796457934
-2.71904613791
-2.96155041556
-2.50097307714
-1.42741266834
-0.0205256551086
1.33799427373
2.30643511816
2.71931765088
2.65068991158
2.3654426112
2.17240959956
2.24523146222
2.50090422973
2.60604003483
2.12302535443
0.73852537911
-1.53058528019
-4.25828309156
-6.71024818826
-8.09649657223
-7.87520066119
-5.97788938621
-2.85587528444
0.675948242959
3.73353516746
5.67245916626
6.28378624874
5.80339879961
4.74580270367
3.64931324889
2.85192108311
2.39309677014
2.07050396242
1.60567080123
0.825191097221
0.4459131423177354
0.0127995590433585
-0.18247467865732858
0.05895265678697115
0.7337883449930018
1.6307006868200773
2.427251059636248
2.8376977049164367
2.73748335137914
2.206414553238389
1.4766139660482622
0.819228564132
-0.313399770453
-1.11249671985
-1.62783654756
-1.94891148798
-2.12339842874
-2.11712782525
-1.83775584613
-1.20696043896
-0.238279251162
0.925769568169
2.04179623228
2.84859377977
3.16588006026
2.96135310601
2.35498806256
1.56093728441
0.797252941474
0.206865362724
-0.175861984144
-0.403992682312
-0.560764470556
-0.700220057535
-0.816450805313
-0.853608172784
-0.746120803713
-0.463989064774
-0.0383758848029
0.443945206317
0.871138027112
1.14397732562
1.20258024232
1.03386543431
0.66383674754
0.145834712641
-0.446291906588
-1.02000431982
-1.46922585166
-1.69231739445
-1.62427335428
-1.27180980688
-0.73127390951
-0.171841561472
0.218688141745
0.307779476034
0.0793278294281
-0.34964028406
-0.770529904269
-0.969183409787
-0.81911093568
-0.338426253773
0.317576203651
0.925776505037
1.29370946969
1.33990754206
1.11827289588
0.777448711387
0.479371122896
0.321189390128
0.300806720551
0.340610278255
0.35074810497
0.291221460161
0.193840440189
0.130187998437
0.146103225229
0.206710987331
0.19375938663
-0.0318251403563
-0.529905557202
-1.2007327068
-1.78052365005
-1.93499609757
-1.42013049643
-0.235708231324
1.31216195366
2.68883640734
3.33338791839
2.90432411384
1.45630847921
-0.543163229223
-2.38003736101
-3.38113847034
-3.20014018719
-1.97340940924
-0.271426372875
1.13736269368
1.60770473087
0.88165119954
-0.530280219756861
-2.337947577514683
-3.8695726214708515
-4.654198578463976
-4.605303983749039
-4.018551294492411
-3.3960406470998805
-3.189486061163066
-3.5875023092501976
-4.443927874637097
-5.371107292807082
-5.94170987163119
-5.894342133513575
-5.24376735507461
-4.250199658234152
-3.274561847892869
-2.6006435016919767
-2.3148642401849173
-2.2977347365
-2.55510873882
-2.65191715827
-2.52404782046
-2.2608189913
-2.03271586554
-1.97615671767
-2.10346497899
-2.28887638226
-2.33683764064
-2.09252071399
-1.53188633104
-0.781444674893
-0.0579349583516
0.43747644192
0.611954993128
0.511531243219
0.276790706138
0.0536566139971
-0.0865758152101
-0.171538295497
-0.284933938661
-0.486620228074
-0.749319879709
-0.956683491795
-0.97009989503
-0.727138352135
-0.309369826677
0.0716743128415
0.177792229562
-0.109886491012
-0.682143918646
-1.20146386064
-1.23119513869
-0.446252779804
1.17352030098
3.27024350015
5.20842457262
6.32014242787
6.19147642308
4.85794478067
2.81148111337
0.805969993146
-0.456867201583
-0.620586971418
0.187541253185
1.43548528517
2.44390683626
2.6999826116
2.0808847923
0.886090465918
-0.328832339997
-1.02932114385
-0.952049404791
-0.2089886359
0.797619348002
1.59719271593
1.89142022707
1.69067769159
1.28092632901
1.04495415152
1.23664603977
1.82955335816
2.52070484579
2.88888887162
2.62585471366
1.72030765573
0.497505023684
-0.51045025168
-0.80381638308
-0.149632524018
1.30048065561
3.06388240111
4.52432638819
5.17941897237
4.8257542762
3.60540558798
1.90755051725
0.186680938025
-1.20916783768
-2.12377202364
-2.5688981427
-2.62828876503
-2.36044675722
-1.76302540154
-0.818197444009
0.414580348553
1.72437362447
2.75278118519
3.09407534125
2.45499516738
0.800218323105
-1.59043424529
-4.18868102509
-6.38662915493
-7.6986804707
-7.91336975069
-7.13727778674
-5.72362679731
-4.12779511485
-2.75679684903
-1.87015537827
-1.55448490237
-1.75497535723
-2.32540954959
-3.06396849864
-3.72779476089
-4.04610295348
-3.76039192727
-2.70348674526
-0.895894280097
1.39056056731
3.65469060944
5.29567244192
5.81996542727
5.04640939
3.21432983268
0.929687404561
-1.04815194964
-2.10129752218
-2.00615465962
-1.02914599062
0.186030813235
0.898972547124
0.602119236605
-0.746323862691
-2.69231960881
-4.47574882369
-5.35807278975
-4.94319365897
-3.34944393848
-1.15780166287
0.837870372813
1.96496482712
1.94217891142
0.969986525077
-0.389846616339
-1.48180974838
-1.84486663891
-1.39257433256
-0.412543491899
0.601104990712
1.19369030193
1.15613300093
0.600086108779
-0.121563325314
-0.598264072094
-0.553637600663
0.0467430592019
1.01622176918
2.07463613088
3.00864658964
3.77817240786
4.5136689725
5.40755543377
6.55921480914
7.85882193325
8.97811529197
9.48430930599
9.03151443639
7.54194213808
5.28737423518
2.82188209183
0.782183404672
-0.366637303554
-0.532669657202
-0.0547848357585
0.418403461272
0.189055483994
-1.18967535189
-3.69514524635
-6.79251124905
-9.59529706733
-11.1767400272
-10.9176952488
-8.75832632127
-5.25372842585
-1.40616943658
1.66877723341
3.12100888895
2.65021219062
0.591466688472
-1.6241974829406018
-3.5913316405172964
-4.485273609673456
-3.9423908158921535
-2.1517655791617756
0.2636156516028052
2.5186102970418602
3.976374646981398
4.374343023067695
3.883415511781706
2.99022100528
1.51835346959
0.625959462731
0.416409392023
0.682027798321
1.03711474031
1.11768266575
0.75473268453
0.045777826376
-0.7010807265
-1.11853864856
-0.954946693002
-0.194644823503
0.926019355068
2.00919830575
2.64996634327
2.58893762158
1.80361663058
0.508731610384
-0.926289683935
-2.10508609946
-2.72918570342
-2.6806033899
-2.04360834755
-1.06875247811
-0.0968649380291
0.534072645511
0.577685172546
-0.0542272256457
-1.26164581522
-2.77280130096
-4.20907400616
-5.18717318752
-5.43230583144
-4.86582285581
-3.63306384999
-2.05497306976
-0.515918795968
0.671724483922
1.3721078611
1.65517071717
1.73743623904
1.86082244854
2.1655182948
2.61720629993
3.02413278201
3.13641503263
2.77911197821
1.95252520331
0.84792940017
0.36338646563970656
0.18104272741165062
0.42514734912940355
1.0132021838809777
1.704188482114148
2.2255167960989866
2.4150587403432127
2.306009453070658
2.110711044536643
2.11103355407613
2.511233376327297
3.3291908731203392
4.382591012397597
5.377317748845655
6.0514231029651455
6.297938234795623
6.200151946209772
5.959482013084326
5.755026541049702
5.614075546155036
5.371714556311574
4.753513098275548
3.549217568122401
1.79112386485
-0.705765070084
-2.78490036181
-3.795034835
-3.32124784639
-1.39588607871
1.45698867504
4.37679623065
6.46595564393
7.11225106029
6.20014158131
4.12480216414
1.60870803257
-0.59466927882
-1.98054852269
-2.44062225344
-2.22847961202
-1.77599787179
-1.45765495055
-1.41520936431
-1.51835194277
-1.46806308114
-0.982429066905
0.0296406852193
1.38959056941
2.69924202347
3.49311001785
3.4228244002
2.39471079432
0.607853148318
-1.51452503147
-3.46511865541
-4.80708806526
-5.29045192516
-4.90068166784
-3.83755841782
-2.44242073927
-1.09948830175
-0.135089661478
0.26589904145
0.109699308477
-0.405728616819
-0.948319518564
-1.16258854946
-0.806406749057
0.133108616886
1.39706684005
2.52000040906
2.99704193169
2.49969758902
1.05384447812
-0.905334393459
-2.6457743632
-3.39475138061
-2.64866840686
-0.411772046409
2.74364822638
5.83711035211
7.81222468124
7.91921182158
5.99876102653
2.55301811406
-1.4275584802
-4.81587359894
-6.74260213388
-6.88294303041
-5.53128496223
-3.4451984131
-1.52953549629
-0.488359235228
-0.576497881562
-1.53611736647
-2.72903705807
-3.40355092877
-2.99156533009
-1.329887936
1.2662114563
4.09510844427
6.29100605738
7.10328459293
6.14673247618
3.5469201737
-0.0654874775045
-3.71642983009
-6.3667004165
-7.22975127717
-6.0324125902
-3.12957166248
0.577862884059
3.91067296246
5.78696485808
5.58118794411
3.33696855384
0.5940064859035061
-2.3986513143171067
-4.5445751135641075
-5.139215662814593
-4.108877491122044
-2.0009676676279184
0.2684381144268997
1.8042258242670783
2.097014699157455
1.2127829984876968
-0.26689996253155357
-1.52064926546
-2.65420334557
-2.5939483087
-1.58712718565
-0.266614471069
0.648882528879
0.681304290465
-0.199124377258
-1.57272115922
-2.7685572782
-3.16725444102
-2.47174586653
-0.829973014821
1.23589742155
3.05275077613
4.06841270583
4.05505976306
3.16562209368
1.83374718108
0.574489479213
-0.221883744323
-0.418728445066
-0.143193503126
0.308893949832
0.618906501134
0.575737743718
0.142173081892
-0.556340168039
-1.30075080027
-1.86748993119
-2.1013623926
-1.95156670577
-1.46908700845
-0.776833586408
-0.0277947032257
0.636459782995
1.11919822215
1.38877474079
1.48127010637
1.48265955536
1.49277911107
1.58156552118
1.75503948421
1.94864758883
2.05588967694
1.98329902611
1.70685997631
1.29938134467
0.908631802246
0.689452820532
0.718852695512
0.93737617486
1.15320110833
1.11798676347
0.647242343052
-0.26915181425
-1.42340176486
-2.44453091406
-2.93829667374
-2.65668331004
-1.62187284222
-0.144442378213
1.28013130202
2.15825382522
2.19080499259
1.38915415317
0.0646686412174
-1.30281151432
-2.25911387112
-2.54794567872
-2.18905940149
-1.43482251145
-0.633060361155
-0.0644472467595
0.169994652901
0.163599761626
0.121829458607
0.22964578725
0.536642345454
0.916679106211
1.1212029286
0.900381586965
0.134771546816
-1.08383767547
-2.46007173601
-3.58940676467
-4.10081426207
-3.79035328879
-2.69446642502
-1.07791825271
0.654761133717
2.08794012305
2.9159927322
3.01643620392
2.45553044021
1.43215042553
0.186441880381
0.2073010338532697
0.28251974874004304
0.3883443319477493
0.4385703136884018
0.3608171289959614
0.16837471568102558
-0.00617037202844
-1.2474284869
-2.00085314807
-2.11290843989
-1.60430061175
-0.692748395225
0.266777503889
0.90904847001
1.0038592691
0.555424999486
-0.194867834207
-0.873434784458
-1.14808394799
-0.893673726972
-0.268652920305
0.344193124278
0.518148125744
0.00843373321867
-1.0829394518
-2.29209552456
-2.9542166607
-2.48530633852
-0.666829427609
2.19739108155
5.33526650502
7.7654576086
8.66311948551
7.68181971972
5.09435320855
1.69028689269
-1.527709022
-3.72029109379
-4.50292829383
-4.03571044644
-2.88650161429
-1.74222686739
-1.10510574736
-1.1078448539
-1.51821373101
-1.91150355017
-1.91361582794
-1.39274078344
-0.512430703271
0.367197749639
0.878779174652
0.827345876432
0.273637284907
-0.510300777506
-1.17845988378
-1.46383001662
-1.27070326204
-0.670694601918
0.177602108591
1.1262070048
2.091276318
3.03520374508
3.89889013864
4.54034356712
4.73511438931
4.25762300906
3.01051089466
1.13183653196
-0.989613391332
-2.81952967996
-3.87051101393
-3.89825527427
-3.00769651875
-1.61287993423
-0.262944546506
0.587911108244
0.759882572048
0.39358806234
-0.154915194292
-0.513467423321
-0.485197271025
-0.135960307442
0.26311311418
0.403283571425
0.124155091064
-0.483328844087
-1.11455215173
-1.4132277233
-1.17505654867
-0.486075614808
0.280639334807
0.615944316113
0.1048678949
0.15182847341084482
-0.5205502514620264
-1.3845125406905083
-1.8411595326733163
-1.45318210937
-1.6170355241
-1.01249919919
-0.0388360999581
0.893466144003
1.52186871824
1.79299564481
1.81301941273
1.7316394922
1.63297573231
1.49414212139
1.22777373465
0.774398218445
0.182255866082
-0.379209785841
-0.686366965705
-0.575338834037
-0.0402775515274
0.74073898095
1.47129629308
1.86408517923
1.76721377359
1.22646571622
0.453858711992
-0.278732391416
-0.76458069102
-0.942513026096
-0.896117906663
-0.78010614779
-0.72061549826
-0.747428318073
-0.794596951642
-0.764583647012
-0.613370999881
-0.401461269646
-0.275468996728
-0.386109569687
-0.78758989197
-1.37814515437
-1.92241441889
-2.15287865084
-1.90297687236
-1.2034349137
-0.288334174855
0.498190871405
0.852763219092
0.648492293162
-0.0108175545468
-0.844027841999
-1.5257433278
-1.83181528588
-1.72545544092
-1.34462831297
-0.903521998704
-0.565104676276
-0.354912492692
-0.161812102544
0.176947156775
0.755377901638
1.51150729691
2.22404266113
2.59885074345
2.40317188212
1.58003466618
0.285647222777
-1.1674503573
-2.43083610385
-3.24354983174
-3.50078465827
-3.24381199433
-2.59123189938
-1.66158386521
-0.53646107382
0.717259634645
1.98926258224
3.08271436855
3.73329118644
3.70179346123
2.90360354027
1.50511514149
-0.0793713934985
-1.31439110775
-1.75537967449
-1.25699044269
-0.0775974488255
1.18191159034
1.79488856234
1.19842472401
0.68425882985116
-0.8610692846439321
-2.712748025785757
-4.01385258087
-5.48154479497
-5.426245961
-4.03111114604
-1.84757717098
0.420464893779
2.15163181673
2.97294678319
2.81206639952
1.84589692159
0.394010520124
-1.1879983425
-2.58158460818
-3.54279657478
-3.92318085804
-3.69156630228
-2.95506239554
-1.95724671466
-1.02782263283
-0.478175187937
-0.472129516418
-0.929725373655
-1.52301042416
-1.7891335039
-1.32970685536
-0.0142307666845
1.91144413818
3.87864008504
5.20757154596
5.39561435837
4.35444033869
2.48042526184
0.512110511459
-0.774458013633
-0.9023470477
0.0900811118594
1.65726114109
2.98328202312
3.34697905138
2.45328255382
0.580729999692
-1.52403649536
-2.96073998372
-3.06127304182
-1.6779784116
0.749762093085
3.37571246102
5.29122768072
5.88371887957
5.0595511007
3.24720804744
1.19423450527
-0.343558643369
-0.886013382427
-0.375319489127
0.856509458952
2.26321614734
3.31375488768
3.67822259895
3.30664702959
2.39164989591
1.25421035081
0.213627595733
-0.506076929066
-0.810071925383
-0.714967246184
-0.305899891548
0.304718404789
1.00266773832
1.68254877623
2.25275198868
2.64248760557
2.81133282676
2.75556663152
2.50531867397
2.11205964784
1.63260786754
1.11824733978
0.61359068149
0.162172738203
-0.189850760136
-0.399433935299
-0.44151024728
-0.323313567088
-0.0847526247059
0.222212905474
0.568023429245
0.972968243928
1.50380692018
2.22864068035
3.14378689139
4.11006093368
4.84328623728
4.9862693873
4.2510913415
2.57852101381
0.238247802147
-2.19422832735
-4.00071722096
-4.57584330812
-3.67613306735
-1.55296144607
1.10090271812
3.38527388874
4.52120189789
4.14189358905
2.4240483421
0.0032612015787
-2.29055697215
-3.76435050937
-4.11926041332
-3.5294992465
-2.51980580847
-1.70786120052
-1.53377122003
-2.09626485303
-3.15818782663
-4.30148215829
-5.14430611449
-5.51150837175
-5.48180643083
-5.30179356902
-5.22344864885
-5.35535559931
-5.60384084846
-5.72880681925
-5.47852286017
-4.72930129431
-3.55795156712
-2.21358081303
-1.00845871813
-0.186969871018
0.162174329865
0.113023162961
-0.164189408473
-0.499819103886
-0.798631032334
-1.05738152346
-1.32864494149
-1.66342188631
-2.07247312648
-2.52835203099
-2.99933349404
-3.4829460543
-4.00605078336
-4.58171272393
-5.14648014352
-5.5237002019
-5.45301458833
-4.69260234845
-3.15574997833
-1.01258544209
1.30822266482
3.24138675545
4.29286574662
4.24600163988
3.26757342552
1.85380129298
0.628566802856
0.0781751867982
0.342539156948
1.16168809063
2.00642956713
2.33520974571
1.85775212564
0.680745486467
-0.734400147549
-1.78254896188
-1.99482303382
-1.25506135374
0.148645183678
1.65902476198
2.70372798184
2.94562627704
2.41166246403
1.44472164389
0.510537340072
-0.0388598919458
-0.126000702216
0.0442766519264
0.128491988613
-0.138576438266
-0.767913020582
-1.47384393271
-1.79055570945
-1.29392349316
0.176893834374
2.40392974771
4.8367793743
6.78185305582
7.65211845335
7.17194825587
5.45720433295
2.94938018134
0.244796705395
-1.5153735069753083
-2.556669739937661
-2.7654129576718987
-2.2465349695604573
-1.2440083227504317
-0.05634291183395135
1.0250692727959887
1.7532731960229029
1.9548575305224318
1.5654956024472142
0.6688815616998482
-0.484045399185
-2.11561200059
-3.1836685789
-3.35282608786
-2.52122479361
-0.893818643785
1.05241141066
2.71309899027
3.56360517394
3.3488052542
2.17710924347
0.476966323948
-1.16914669282
-2.24661408816
-2.49649931487
-1.99471068415
-1.09475293752
-0.263456212281
0.118426508859
-0.0915430956051
-0.750506696597
-1.50040755016
-1.91963641609
-1.69177192291
-0.726295572005
0.809235928116
2.5491066154
4.05166245719
4.93638098043
4.99012572696
4.2138637852
2.80424207649
1.08468142914
-0.587621723216
-1.91049936018
-2.69906914458
-2.90947524204
-2.62371825308
-2.00535607951
-1.24259105314
-0.496994298783
0.127770618332
0.591355206559
0.90054180074
1.08345292515
1.16797438826
1.17333664722
1.11481820486
1.01344805604
0.900136343799
0.80847799454
0.759730969939
0.751170895069
0.759440624949
0.76196319502
0.766097119352
0.825766018889
1.02663719814
1.43582479675
2.03462782479
2.67080381528
3.06799583042
2.90903309676
1.97344070207
0.274381219441
-1.87407173953
-3.90993572539
-5.19913419677
-5.27822241627
-4.06684420864
-1.95145452069
0.313463216045
1.865568966
2.06203587628
0.742739746976
-1.68357683689
-4.37367180572
-6.3568332559
-6.89344781938
-5.7419250104
-3.23023989287
-0.111662818118
2.72612445351
4.57322599265
5.10670307502
4.42696021031
2.93181625309
1.10629690166
0.05562115227539266
-0.7630974988987305
-1.346249191063663
-1.770589097167388
-2.089815603434346
-2.285458821207783
-2.290522524435545
-2.05719436956349
-1.6144005635116798
-1.0704615719796493
-0.553528330509
-0.921546056266
-1.31446550774
-1.55972319635
-1.46575374209
-0.94329634177
-0.0894095270421
0.820667113645
1.44228907159
1.52381578179
1.04136160901
0.231904827207
-0.501533588982
-0.773989776194
-0.404674545155
0.487979898758
1.53350509704
2.28018657477
2.40827150445
1.88140346879
0.961296168254
0.078052472935
-0.379725754782
-0.251232687768
0.325021145615
0.987277385287
1.33287347936
1.11356850444
0.346932080229
-0.707413953948
-1.68742143917
-2.30660485715
-2.47694807796
-2.3169188374
-2.04895811874
-1.85054663373
-1.74611661365
-1.6016130408
-1.22383276357
-0.505848049778
0.46835261991
1.42628649317
2.02393950076
2.01954401166
1.41089256779
0.457694259877
-0.430720634849
-0.889807128737
-0.776990976594
-0.237311090555
0.380756277281
0.718769451698
0.610474469009
0.183476156951
-0.199295218181
-0.134785286981
0.586042397579
1.82848259771
3.13400455672
3.91084027627
3.70828020173
2.44128235116
0.452164859755
-1.62578756383
-3.14058292459
-3.69980129017
-3.32176347622
-2.38968826139
-1.43703158244
-0.875605812579
-0.804552718733
-0.994482501176
-1.04961498474
-0.658487100933
0.201924558612
1.21944340179
1.886007564
1.75409101747
0.678254219155
-0.518428876608084
-1.8464991930141679
-2.7042239494303573
-2.731780861096439
-1.9858038316209132
-0.9113224793174339
-0.12022334931248224
-0.08172937087900323
-0.8758348040019257
-2.132302717082709
-3.189250779063812
-3.399581432952786
-2.4418346499870864
-0.4888480162966715
1.8460732149470545
3.762227552207534
4.6092112517956
4.157910168357361
2.686992237828136
0.8530553610334408
-0.590537015207
-1.65378656263
-1.63942494415
-0.824465861232
0.254537287034
1.05008304434
1.22780046237
0.773987583434
-0.0452707246972
-0.837732869215
-1.27148430737
-1.2103328599
-0.747144082922
-0.134822763758
0.341607191645
0.489645052977
0.279113179187
-0.163753589033
-0.624478200894
-0.894441367016
-0.85042411896
-0.491592644481
0.0733840546156
0.677154599682
1.15927965902
1.42200173817
1.45800365574
1.34273149585
1.19566938399
1.12516850082
1.17766676917
1.31209730335
1.41258777443
1.33823227715
0.992216579702
0.380937307397
-0.366315739442
-1.03251897626
-1.39440590444
-1.31822465579
-0.826482214952
-0.101071621875
0.584923427283
0.980710644423
0.966285934338
0.604217047243
0.107170679472
-0.266645969287
-0.341693530973
-0.114383321699
0.24255111113
0.465918507479
0.338204492057
-0.193030554343
-0.973662698672
-1.70351287664
-2.07237511954
-1.90640522778
-1.25300905934
-0.36187855111
0.428774165576
0.844380965322
0.789241974458
0.36902408474
0.42177497538212094
0.5580851444524058
0.8712122404496512
1.2922678304331612
1.6531148299794438
1.8120615751372213
1.7697358512884307
1.704688165357851
1.89928201473694
2.585828767684461
3.7898142389141896
5.256013074040908
6.507769706588377
7.0260130407393575
6.473910582306544
4.866010469844909
2.601614208596189
0.34170601420819935
-1.22131246643
-2.49734448833
-2.47492310777
-1.40853852375
0.199208152481
1.7934634631
2.94669894236
3.454734278
3.32943440683
2.7177863037
1.80403892067
0.745565868699
-0.338131953034
-1.33992398035
-2.13962254854
-2.60917439671
-2.65307932508
-2.26036149713
-1.5320384364
-0.659616101689
0.141141333075
0.708650416967
0.98365210998
1.0001156827
0.825019955839
0.484556990822
0.66600906803356
0.5192408686199741
-0.03879698976375323
-0.9734258678897447
-2.0878515010694514
-3.0640496840355667
-3.581542690236347
-3.4605431816338097
-2.755258776180142
-1.7419782105317125
-0.797829918528663
-0.22411351712210603
-0.10155630002219596
-0.2537760040035266
-0.342676358137
-0.388597040634
0.06459960214
0.859898308927
1.63256270626
1.99434603771
1.74172854386
0.979330261425
0.0897205635894
-0.441380742245
-0.259816325568
0.680694961527
2.09154419552
3.48682873626
4.41586821138
4.67130422532
4.36620453009
3.84312872628
3.4682408315
3.42608037619
3.63091241004
3.80673918078
3.69298919326
3.25782954471
2.7884875233
2.7883125752
3.71473544921
5.68638959338
8.31943145348
10.8008585694
12.1921914177
11.8363022632
9.67601767516
6.32213522904
2.82129105593
0.217945782977
-0.891246808583
-0.601810377686
0.373077947414
1.06277667201
0.714349124003
-0.844152912526
-3.12541067584
-5.2244696906
-6.25999350709
-5.79892971387
-4.05880572759
-1.79305714232
0.0787475579067
0.909816052089
0.617473055941
-0.313012197579
-1.10724791884
-1.11825658044
-0.169915042104
1.34367927067
2.64992668919
2.98247238267
1.96705199391
-0.18085423259
-2.74031860804
-4.80610218102
-5.68884139123
-5.20431892462
-3.72272134926
-1.96879314322
-0.681373196565
-0.29869570168
-0.809579282442
-1.81911053502
-2.77095068631
-3.20123997023
-2.90145166679
-1.93149432447
-0.51036638511
1.1283762207
2.82548234432
4.48806254357
6.01367763638
7.22224189652
7.86696850307
7.7421026732
6.83492077029
5.42578348524
4.05248598482
3.32178845456
3.63796532786
4.97729653817
6.83246405124
8.37843529556
8.80471906601
7.67147292473
5.12527047986
1.86884624283
-1.10845226381
-2.92102793199
-3.12401369461
-1.85071749955
0.298144262798
2.54445596574
4.25404968812
5.13946686633
5.26712563601
4.89905021651
4.28312263549
3.52231830361
2.59561530032
1.50483957948
0.438715066824
-0.173984569764
0.207693008192
1.96400983888
5.0294556415
8.7599462172
12.0599838265
13.7550680188
13.0661583297
9.97495170258
5.30043219908
0.429144027225
-3.20140499275
-4.64984714226
-3.81295591989
-1.41681912832
1.33081488378
3.26379532451
3.71976647118
2.74248239506
0.954246566394
-0.815311809883
-1.94963599218
-2.3100728275
-2.22921220582
-2.25747026652
-2.80919746433
-3.89796877619
-5.09754627174
-5.74539325381
-5.2816138713
-3.54986512282
-0.9092915533
1.89640741013
4.04604727339
4.97414613414
4.57415786704
3.18652674614
1.39522647644
-0.252901909958
-1.46380115934
-2.2501117566
-2.81817795784
-3.37084360187
-3.9472171697
-4.39158475688
-4.46522800296
-4.03082693273
-3.19527713348
-2.31691295674
-1.85671678028
-2.14096552167
-3.15785365115
-4.50255495354
-5.51610859554
-5.56721981454
-4.35085668025
-2.06181763733
0.645556903789
2.90325165292
3.97771325334
3.56905226201
1.93153599375
-0.23451740008
-2.06890878253
-2.89048559584
-2.44690624992
-0.979200203678
0.910803206955
2.51958351421
3.31200754604
3.0952964677
2.04218037558
0.576740117262
-0.811167712467
-1.7406042756
-2.04160689005
-1.76444311947
-1.11593710984
-0.363980123704
0.250711333765
0.573791845922
0.564354473181
0.296338071893
-0.0606470285541
-0.281715206942
-0.149732607383
0.466583590433
1.54203654897
2.86481564037
4.07508387855
4.77694789302
4.69384090955
3.8081072648
2.4188998608
1.07671870015
0.401593557339
0.845164265497
2.48991456621
4.97366716753
7.58258272567
9.48819011929
10.0420306038
9.01305993985
6.67207211824
3.68753717119
0.873578569186
-1.10902260235
-1.97963631557
-1.90458725529
-1.38348733223
-1.00912495722
-1.20511787073
-2.0509173917
-3.26333231102
-4.33588558532
-4.77135566076
-4.30629191797
-3.03328010636
-1.37264298757
0.0905886537801
0.833609463553
0.592415823961
-0.549825911673
-2.21281874781
-3.88004447013
-5.09953216176
-5.64155493148
-5.55331983181
-5.09727017502
-4.60902301289
-4.34222493185
-4.36831776424
-4.57050155733
-4.72682858452
-4.63745414191
-4.23314628665
-3.61356861166
-2.99867862367
-2.61843687392
-2.59547963409
-2.87883500777
-3.26254450624
-3.48241327006
-3.34605607622
-2.83399252139
-2.12144438972
-1.50674004324
-1.27627646763
-1.56719604856
-2.29221555788
-3.16410622111
-3.81205646204
-3.93935014202
-3.45155670335
-2.49665669508
-1.39806375023
-0.510317449289
-0.0626995903908
-0.0615731928252
-0.295149738684
-0.437205962091
-0.200964706235
0.528017133529
1.64031440864
2.85422368308
3.84421265457
4.38504615663
4.4446909486
4.18469821572
3.87102579384
3.74002513725
3.88405527612
4.21019290998
4.48974878958
4.47321585097
4.01524321608
3.15089385125
2.08851650201
1.12394304612
0.516627471394
0.384333774835
0.662510816243
1.14349944163
1.57428280171
1.7664384004
1.66904381944
1.37466396314
1.06028095125
0.894225313696
0.953950374212
1.19257649031
1.46862808245
1.62435116208
1.57620152257
1.3755121875
1.20974372368
1.33946338442
1.99303638019
3.25933649297
5.02161092755
6.96192289599
8.64032216834
9.62514181587
9.63063985565
8.6132315331
6.79032964421
4.57259389884
2.43201672077
0.752994428608
-0.278766176296
-0.708261969128
-0.753793683416
-0.686397816499
-0.699431004566
-0.826731879386
-0.947065277656
-0.8734860341
-0.48542937927
0.162347023643
0.813805612881
1.09307867524
0.667286699794
-0.578075009415
-2.43401410359
-4.39220515953
-5.80390546063
-6.11851172379
-5.10660804025
-2.97250237573
-0.303623592479
2.12860500741
3.63908249636
3.86309905726
2.86288112623
1.07043511306
-0.900482356992
-2.48853063168
-3.36797059227
-3.51441302397
-3.14383246085
-2.57116976596
-2.06331074997
-1.75163530924
-1.63008544072
-1.61825850579
-1.63973345881
-1.66723736438
-1.71456294875
-1.79206736776
-1.86592429709
-1.85748393754
-1.69076427319
-1.36063950638
-0.973976767227
-0.725052300092
-0.802495169917
-1.268793123
-1.97947095061
-2.59942845732
-2.72917168235
-2.09435905052
-0.709284960789
1.07581933696
2.68680581824
3.56446290282
3.42943859689
2.44718190878
1.20149589234
0.468120408417
0.874206463073
2.59079663605
5.2019525901
7.82371114747
9.43799703668
9.30917554974
7.30889405728
4.00859516945
0.494723992292
-2.02266769615
-2.65211961792
-1.13973892649
2.05449870133
5.94131610288
9.36292832001
11.3840643926
11.5694089716
10.0623479795
7.46464979358
4.58950459156
2.19330493061
0.778014441588
0.510386156746
1.25227977724
2.66093085219
4.30940602236
5.79075416272
6.79050418873
7.12762164981
6.76828085744
5.81372942383
4.46170312195
2.94629056132
1.47236608434
0.169429361033
-0.913318682656
-1.76656147307
-2.35648924736
-2.57676955475
-2.25597099977
-1.23420462125
0.516789292156
2.78927389363
5.11681793687
6.87061027216
7.45770699525
6.54900680981
4.23780846875
1.04860384868
-2.22396986628
-4.79029414411
-6.14400729625
-6.22581803141
-5.40359933466
-4.28136416413
-3.42687594277
-3.14276665403
-3.38172334752
-3.83426966973
-4.13341066004
-4.06568287612
-3.67994448455
-3.24196869757
-3.06506514778
-3.31210013665
-3.87879626448
-4.42465635378
-4.53903374601
-3.95701357774
-2.71124316844
-1.13708333681
0.276308249456
1.1160684853
1.24066249072
0.840286652035
0.331610808155
0.140940947252
0.487313892191
1.2767032021
2.16037947468
2.72476058088
2.7116468021
2.15253346685
1.34683561874
0.697117055948
0.490783659791
0.746522064415
1.20932251496
1.49805385218
1.32655964523
0.677681115571
-0.167422400141
-0.765862208494
-0.746812338769
-0.0185074003295
1.16548064811
2.32264062688
2.98537109895
2.94596231313
2.37039293345
1.71335837486
1.47066435047
1.89426162284
2.82193510982
3.72122334094
3.93965195149
3.04460019406
1.08254116263
-1.3810139474
-3.4755680456
-4.402315541
-3.79702549074
-1.90286619966
0.535361676757
2.61036308013
3.66529869372
3.58298876694
2.81200134385
2.1170973681
2.17533852237
3.21454077349
4.87076041196
6.3359338652
6.72721757362
5.50375027219
2.73512100394
-0.902236974549
-4.39553185304
-6.80479697903
-7.62395874607
-6.93812539171
-5.32355103664
-3.55756166747
-2.28649549636
-1.80421927132
-2.02518781885
-2.6332706942
-3.30413824695
-3.87521573369
-4.38055738259
-4.95098336818
-5.65595134852
-6.39245535888
-6.89434747413
-6.86257290243
-6.14421156303
-4.85623105326
-3.37619649022
-2.19279027065
-1.68582879423
-1.94694484313
-2.73527577964
-3.59522627188
-4.08027603656
-3.97113712759
-3.37764439345
-2.67167193604
-2.28387820901
-2.46669920608
-3.14428811026
-3.9276905215
-4.29177417967
-3.8302530725
-2.46629853203
-0.517361024246
1.41739801041
2.69521312483
2.88499732155
1.9278875623
0.139740452222
-1.93302754329
-3.72920906557
-4.86187207964
-5.20701889914
-4.87403336945
-4.09672818158
-3.11310949611
-2.0926171987
-1.13142066596
-0.293486118246
0.348049537466
0.706888519715
0.723194154521
0.418653397806
-0.0767234146589
-0.556259336225
-0.82171713569
-0.780692278075
-0.500318468457
-0.17878400974
-0.0386755766686
-0.19152418671
-0.545646693912
-0.81468942225
-0.636853919573
0.242718789386
1.81198482116
3.73747730618
5.45369200013
6.36821261444
6.09761612011
4.6304216209
2.34289769222
-0.141582303226
-2.18900039911
-3.38420195145
-3.65598245805
-3.24998548381
-2.57178100814
-1.97995052917
-1.62746844312
-1.42192136789
-1.11583323001
-0.476429134782
0.551533143193
1.77033669221
2.7789103199
3.126718711
2.50456003742
0.89017655587
-1.4118422974
-3.85064212395
-5.79667774905
-6.7324584501
-6.40055243209
-4.86592339845
-2.48445760264
0.19971879006
2.58968176062
4.16642820038
4.58928633239
3.75433985868
1.80854205522
-0.879190597921
-3.78723520211
-6.34434038737
-8.05165959732
-8.59867947989
-7.94194945299
-6.31947951354
-4.18944511854
-2.10537088083
-0.562599748987
0.13688964178
-0.0417351157829
-0.877111899011
-1.98220731995
-2.94242416732
-3.45385340409
-3.41540269157
-2.9454368193
-2.31992558947
-1.85582563345
-1.78179992816
-2.14267037495
-2.77291156057
-3.35133835683
-3.52091785993
-3.03328720642
-1.86557496764
-0.262865116119
1.31697918751
2.34491709381
2.40363314856
1.3465356359
-0.62900034373
-3.02787732077
-5.21269898978
-6.61472891927
-6.92223391989
-6.17413762494
-4.72302228534
-3.08390253373
-1.73199556902
-0.933322056207
-0.676542858848
-0.729010737272
-0.784507870967
-0.629665731277
-0.249392200107
0.177841858095
0.390294714635
0.202589184252
-0.366519329963
-1.06541853647
-1.50025488191
-1.30744905908
-0.329578241367
1.28846776354
3.13149792896
4.66471869425
5.43947660479
5.26525970276
4.27457014893
2.85566061361
1.48667868139
0.546444490699
0.183429972745
0.294033118972
0.609555912556
0.843098601587
0.824688423728
0.564235504828
0.219862162676
-0.00553910347553
0.0146872384007
0.250788254232
0.513121431412
0.524555274853
0.034930679677
-1.07147961176
-2.71766539481
-4.64387574516
-6.47808479607
-7.83966161327
-8.44281694976
-8.17208409707
-7.11368669419
-5.53816053072
-3.83834671315
-2.43384452905
-1.66036145806
-1.67015168279
-2.374245364
-3.45275587113
-4.44259475932
-4.88488993829
-4.48687259345
-3.23830640788
-1.43114224113
0.435952191918
1.840189042
2.43620132758
2.19387494739
1.41080203921
0.588041078008
0.216981378255
0.566493553451
1.56312594976
2.81924170958
3.8001455992
4.05957224736
3.44145414487
2.15946300825
0.718789009778
-0.286702980842
-0.415245201276
0.445607053769
2.03710486329
3.83504238679
5.25337129497
5.85882791979
5.51198083532
4.38769233229
2.88129189517
1.45095993588
0.463859407615
0.0999138805534
0.333870543806
0.981923023315
1.77958627004
2.45831807054
2.8034799897
2.69290267483
2.1224731383
1.21993628657
0.237101637868
-0.494774278052
-0.653148383927
-0.0409839747645
1.30675229944
3.0770009359
4.73047379356
5.65340091106
5.36618836532
3.71296016462
0.952882886133
-2.29354672193
-5.23378848649
-7.1621807252
-7.69135458729
-6.86804157228
-5.13145705939
-3.13597984596
-1.51284371899
-0.665321264172
-0.671230470337
-1.31673959584
-2.23009131581
-3.04762891942
-3.54142561338
-3.66554264776
-3.52014595606
-3.26810184729
-3.05175351702
-2.94567734765
-2.95446733225
-3.0393753005
-3.14728649561
-3.22342325054
-3.20778534554
-3.0313074055
-2.63010040497
-1.98295234316
-1.15666722302
-0.329404977331
0.235117610695
0.268420407686
-0.391323057439
-1.70464073376
-3.40204701576
-5.04691677983
-6.17592060016
-6.46545057437
-5.85577431675
-4.57838578922
-3.07138333218
-1.81537517262
-1.15665210348
-1.18942947544
-1.74263634549
-2.47131032941
-3.00891403764
-3.11413021906
-2.75282916519
-2.08782315579
-1.38980390908
-0.913897895264
-0.795119871673
-1.00153801137
-1.35567990513
-1.60695813964
-1.5224179939
-0.963805648444
0.0686759672544
1.4305135075
2.85955845068
4.02730309302
4.60823862814
4.36033227633
3.20399081396
1.27815782874
-1.05258392569
-3.25939353387
-4.7779982386
-5.17528064966
-4.29982719925
-2.35679335663
0.132802764343
2.48715545411
4.08507492131
4.57377183043
3.98228099268
2.69345769924
1.28337509551
0.291773105539
0.0167764578603
0.417475047556
1.16228752362
1.79866072289
1.96776426785
1.56926028181
0.804145165772
0.077878849581
-0.192438214093
0.218809455576
1.22220970728
2.42458521876
3.2723888502
3.26870550646
2.17512973573
0.117091560773
-2.44841403179
-4.88828303888
-6.61024621552
-7.25894638325
-6.82117560757
-5.60841042835
-4.13177018769
-2.9216617982
-2.35871002296
-2.57135935626
-3.42603913745
-4.60114435043
-5.70944223149
-6.42304196117
-6.5617213306
-6.12384721358
-5.26084785519
-4.21324314713
-3.2339725218
-2.52278141457
-2.18674436054
-2.23113622654
-2.57585396363
-3.08767672026
-3.61794444217
-4.03729331544
-4.26196705956
-4.26850017298
-4.09490744262
-3.82759741181
-3.57512051542
-3.43312782395
-3.44894885932
-3.59718386726
-3.77736153551
-3.83954911894
-3.63433796998
-3.07283186642
-2.17476439206
-1.08303250012
-0.0325735950605
0.721636158081
0.994783261578
0.746843386501
0.109664455503
-0.649622123488
-1.22025169567
-1.36215966771
-0.998417372021
-0.247035969574
0.623746185703
1.30148749936
1.55541327027
1.33093143035
0.773300791447
0.169710030896
-0.167232970008
-0.0273298345878
0.609740616729
1.56187944221
2.51061630984
3.11822305713
3.14989552151
2.55604048691
1.48814974598
0.248272499077
-0.804971141663
-1.36004263192
-1.23508691438
-0.421192244712
0.917790251004
2.48308937292
3.90678534639
4.83497509469
5.01594533056
4.3761940997
3.06200276698
1.42462629086
-0.0616974800548
-0.937631405447
-0.91520725443
0.00218086252171
1.48916855381
2.98375415392
3.87162268911
3.70888371978
2.39898581304
0.249481357302
-2.12262640241
-4.00791631062
-4.86273415062
-4.50689410136
-3.1813896753
-1.4433115148
0.0574525671887
0.826523768332
0.696761981258
-0.142699420966
-1.26313964994
-2.19951820503
-2.64760258304
-2.57121115935
-2.18144519081
-1.80950554353
-1.74042643037
-2.08659448123
-2.75416133053
-3.5071305336
-4.0876224499
-4.32867601658
-4.2068292567
-3.81766311769
-3.29853783809
-2.74761250369
-2.18517029481
-1.57561885629
-0.89233138491
-0.182610257054
0.410335329404
0.687643000481
0.481585167362
-0.253949155076
-1.39692860423
-2.68209585401
-3.79010953031
-4.46229795794
-4.59018166599
-4.24160619638
-3.61588439406
-2.95297933272
-2.44033518182
-2.15730049022
-2.07475212195
-2.09932805648
-2.1324288456
-2.11274245387
-2.02611147094
-1.88790224008
-1.71785863536
-1.52771642107
-1.32876577502
-1.14936018375
-1.04272748094
-1.07021890608
-1.26207910898
-1.57657331587
-1.8863625176
-2.01130618846
-1.79259507834
-1.17683929408
-0.265907849417
0.70145116086
1.43925798439
1.74093730724
1.58441057328
1.16045482559
0.801358012789
0.834212406902
1.42277838371
2.47306564993
3.65288636143
4.52454741712
4.73607783502
4.18591890595
3.08450058531
1.8808525598
1.08307198078
1.04980024424
1.84315507655
3.20570097615
4.66837307407
5.73902677375
6.08879948657
5.65958207253
4.65574425919
3.43635779539
2.36500330431
1.68490466971
1.46554380736
1.62684791861
2.01018226848
2.44979315449
2.80949607197
2.97818686817
2.84625765461
2.29666820745
1.23305868659
-0.359871738718
-2.35510890339
-4.46242455833
-6.27510910209
-7.37997818456
-7.49310904003
-6.56655638586
-4.81968794094
-2.67936392826
-0.651334838779
0.827269955058
1.50010297918
1.33348150247
0.485148954029
-0.774360322403
-2.1498303
-3.38826411643
-4.31315874581
-4.83322836213
-4.93997709054
-4.70261341477
-4.25659530501
-3.77466641889
-3.41431144669
-3.25196476184
-3.23193386751
-3.16352225803
-2.7851844446
-1.88311047873
-0.418203116309
1.40085183842
3.14686569277
4.31199055473
4.50740713721
3.64060892852
1.98542489227
0.101148147328
-1.37588763977
-1.98306339873
-1.61363942045
-0.545349229028
0.701175095337
1.61087027028
1.91349210616
1.69898346865
1.35172857638
1.33393477689
1.92392794767
3.04098224188
4.24979538379
4.95155440042
4.67559782265
3.33164171626
1.2954272812
-0.723543108741
-1.9798166148
-2.02109902039
-0.894742434634
0.868637612253
2.49183379337
3.30182735266
3.03365833414
1.94700415836
0.701977125062
0.0528158405315
0.502410021556
2.07712782222
4.32282532533
6.51770986697
7.99641306314
8.43032331797
7.93458648239
6.95880384571
6.02375684934
5.43955461924
5.14677517498
4.75947016405
3.78848174176
1.93421693011
-0.697312251635
-3.566263045
-5.88134574485
-6.9163521069
-6.32079471934
-4.28583323411
-1.49100972943
1.14589976207
2.80896459656
3.07207029962
2.02067433296
0.168750047545
-1.78034203012
-3.2198405792
-3.85365405535
-3.76088771156
-3.30269735232
-2.92866870297
-2.97382719599
-3.52936064477
-4.42907427834
-5.34134715676
-5.91629409599
-5.92434144657
-5.33608847206
-4.3232455695
-3.19138023003
-2.27531462051
-1.83323292978
-1.96908769275
-2.60119374143
-3.48308236786
-4.27227667583
-4.63259891404
-4.34537572029
-3.39689873063
-2.00895985235
-0.591099435535
0.382353531549
0.537160438923
-0.25078759564
-1.78100814455
-3.56867521223
-4.99672686204
-5.53055733786
-4.91551097501
-3.27821205738
-1.08737095583
1.01474268955
2.44573079239
2.88946727933
2.39447053092
1.32838962906
0.212483391083
-0.49182182865
-0.556202755907
-0.0524421321207
0.704337114584
1.30134644121
1.3949842439
0.830620810043
-0.324025536934
-1.8292444982
-3.37051103464
-4.65409573029
-5.4661319946
-5.68776128023
-5.28384429716
-4.29124573602
-2.82183161961
-1.0738038556
0.672037812827
2.09453828133
2.91703151662
3.00998999328
2.4652195119
1.59613792962
0.845603681117
0.625366101422
1.14897725164
2.33241562243
3.81410508142
5.09579009531
5.74984301418
5.60375202132
4.8172174445
3.81197180411
3.08035576657
2.95583110084
3.44968821594
4.23179041802
4.76980202095
4.56917552517
3.40834147137
1.46267631513
-0.741721846709
-2.52850937315
-3.34120061141
-2.96687229555
-1.61748022307
0.164902117776
1.73622120596
2.612885543
2.65757561185
2.11409445658
1.48421434538
1.30659005644
1.9352871233
3.40849112617
5.45239499854
7.6039700176
9.38781670467
10.4673045838
10.7126043665
10.1742117047
8.99630428742
7.32777472994
5.28036116963
2.94962245554
0.474545828489
-1.91326247582
-3.89646311187
-5.15056524183
-5.46845153394
-4.87379065505
-3.66195312684
-2.33373320248
-1.43384968625
-1.35171554373
-2.16485112791
-3.5937449042
-5.09439471783
-6.05864277948
-6.04662338136
-4.96004279437
-3.08680940955
-0.998134404296
0.662098637675
1.41322383316
1.10716147401
-0.0329467615512
-1.51618343985
-2.78428367217
-3.42674145691
-3.32496406504
-2.67107688831
-1.85945224566
-1.30104451838
-1.24097909042
-1.65647307114
-2.27687649581
-2.71529614105
-2.65372195304
-2.00063038641
-0.951331694678
0.0777149398105
0.615789503838
0.337417894248
-0.789374651509
-2.469918913
-4.18143532134
-5.36499740286
-5.63352928983
-4.91172679729
-3.45250322826
-1.72644456412
-0.233480495125
0.683177400778
0.94489811794
0.728063659506
0.350321260669
0.110514801974
0.157134313285
0.442596016001
0.777699151107
0.9528506614
0.862560868744
0.570952240666
0.287077829008
0.263960565683
0.672236687155
1.51034894279
2.59369403073
3.62549100336
4.31266546402
4.47045367875
4.06891840349
3.20724060712
2.03971779617
0.700540477271
-0.729482604496
-2.19943775565
-3.63001319381
-4.86650843261
-5.6861984042
-5.8729724259
-5.33045682519
-4.17468441015
-2.74729560556
-1.52361378926
-0.942015579272
-1.22561655831
-2.27992650794
-3.72118628079
-5.03101133306
-5.77168555123
-5.76398033201
-5.14389479797
-4.27141205897
-3.53661893739
-3.16042179209
-3.09137117007
-3.05265709698
-2.71638970366
-1.91426779384
-0.770289167174
0.323386981531
0.887334236397
0.608589396131
-0.462109070827
-1.88001067358
-2.97589972934
-3.15831995912
-2.20819402538
-0.418207660271
1.50449927404
2.74278225162
2.74822831655
1.51708389201
-0.37425146103
-2.00392408279
-2.51230759546
-1.49976209394
0.770424849776
3.46369114536
5.52619514269
6.14225198937
5.09193908886
2.84775085967
0.367644759754
-1.32062015028
-1.55625636669
-0.310258189421
1.83217664692
3.95160530578
5.20016080149
5.14749597164
3.91914100389
2.08303686594
0.357251287026
-0.712752626528
-0.958250159392
-0.593038957561
-0.0423318080984
0.301742313648
0.270058619707
-0.0355106546926
-0.342947939553
-0.389965226972
-0.0787551998051
0.475913903837
1.02297936336
1.32467696596
1.29141365879
1.02676001414
0.760719611449
0.712523383395
0.962318014788
1.4042424838
1.80654686002
1.94428378113
1.73003085027
1.2697970154
0.81318932228
0.625466219882
0.851810958282
1.447588403
2.21091558415
2.89661249616
3.34549171735
3.55523748951
3.65328347483
3.78916865644
4.01174739492
4.20783384386
4.14587640606
3.60827400872
2.54193660297
1.13955731005
-0.204586359258
-1.05544213972
-1.14105066498
-0.49695469198
0.527113226652
1.4095995612
1.68415157228
1.14208973266
-0.0882212337082
-1.62183571216
-3.0128245508
-3.9619180435
-4.42899392262
-4.59618898808
-4.70970372698
-4.8957828547
-5.06168859546
-4.94583390113
-4.29624593568
-3.0787474462
-1.58933316878
-0.387230407343
-0.057597293446
-0.908900673687
-2.75815348728
-4.92820316668
-6.48487224115
-6.62338794719
-5.03240178551
-2.06306681413
1.38560563462
4.22358783667
5.61295624861
5.29900424081
3.68237008022
1.60607983129
-0.0364628969296
-0.686870287501
-0.325346543853
0.5891742859
1.39494337712
1.57162601667
0.981639410737
-0.100621885344
-1.16797749367
-1.75961239332
-1.68809590091
-1.09954685961
-0.347935687439
0.23390194885
0.530755530585
0.695873647433
1.02794288348
1.74641383957
2.79809631042
3.81513844385
4.26383543173
3.7176772468
2.11369461441
-0.15011985934
-2.34333820134
-3.7100135213
-3.81134398958
-2.73606425513
-1.07007165987
0.367072195426
0.896225878872
0.285168747886
-1.15847910406
-2.74962188523
-3.76068891995
-3.76422464088
-2.81812624415
-1.40992549822
-0.197072957081
0.321001758571
0.0349973122969
-0.747663292472
-1.48429695555
-1.68491289542
-1.15651826083
-0.083204555581
1.08901134471
1.89240994898
2.07242708488
1.69690864718
1.09181678242
0.649214619269
0.61808093695
0.990844139421
1.53967756575
1.97083117017
2.10067893312
1.94919592335
1.69873763329
1.54804332612
1.55612188438
1.58014432228
1.35836936245
0.701687146361
-0.315366847046
-1.28803352544
-1.60674313721
-0.740389683515
1.45106316925
4.53793431376
7.59063459045
9.49891669146
9.41721715822
7.14025473732
3.2319250514
-1.16395756015
-4.75850614274
-6.61176178753
-6.47111610636
-4.81119733352
-2.57009120888
-0.714592749943
0.160657262588
0.0218791055811
-0.695647354852
-1.3906026712
-1.64298040767
-1.42759531608
-1.09296547807
-1.12926770737
-1.8568615311
-3.20442723561
-4.69621409879
-5.65855651444
-5.54328294783
-4.20660719192
-2.00489724427
0.340042344003
2.04105199615
2.56847730316
1.84767437797
0.249160603879
-1.60855001771
-3.13735008332
-4.00434652332
-4.20717707561
-3.98644318814
-3.64332982605
-3.36969086011
-3.17798734977
-2.95437699075
-2.58714165223
-2.08326537874
-1.59805814071
-1.35723687979
-1.51600440038
-2.0387195038
-2.67417435065
-3.05021713249
-2.84573842145
-1.95382033987
-0.551247750594
0.963959430994
2.13848853412
2.65274218051
2.44254844579
1.699643811
0.759698336801
-0.0579243341309
-0.575153335661
-0.786991954629
-0.797071679899
-0.707257276301
-0.53391861929
-0.2032003615
0.373021042957
1.1905001011
2.08798900612
2.77689283577
2.96412465105
2.50993193929
1.5341714689
0.40310016679
-0.412842712694
-0.55093396279
0.064187422913
1.16685620993
2.25865560516
2.83471439001
2.6224423407
1.71621438322
0.538992130527
-0.354340791673
-0.53837738679
0.0840471016452
1.2437845232
2.44702274631
3.22575048392
3.37047582882
3.02603065575
2.59930048297
2.52329242015
2.99743789875
3.84075706734
4.54233207356
4.49647301187
3.31504697972
1.06398889986
-1.70065420276
-4.13077026854
-5.4401602752
-5.25693656708
-3.80908924996
-1.84801900716
-0.332288971092
-0.00535251615369
-1.05475122137
-3.00999150046
-4.93372677801
-5.83080618287
-5.10012332796
-2.83008603181
0.198074117913
2.81060302129
3.9248935808
3.01437388806
0.356200575952
-3.04820053358
-5.85374460626
-6.90143059183
-5.68224565323
-2.54667587277
1.4243638644
4.83304808329
6.49398150704
5.86722787136
3.22723490867
-0.488071858337
-4.07213617801
-6.51697938269
-7.36058705676
-6.78313789066
-5.43434206422
-4.08967893472
-3.30028563145
-3.19179552336
-3.48850960218
-3.72922133201
-3.55179982055
-2.89685570377
-2.02816047969
-1.36502952792
-1.22112760634
-1.59518308014
-2.13498298258
-2.30688657907
-1.69244052895
-0.25800859512
1.55571576535
2.99503244198
3.34896898543
2.3335447242
0.30512829793
-1.83005301091
-3.00145321344
-2.49413722856
-0.356377177147
2.52257486336
4.74131955855
5.00593397584
2.77042283621
-1.40868986687
-6.00165079289
-9.1032055464
-9.25951412772
-6.15727893463
-0.844383072338
4.65413956379
8.18950047092
8.45085423496
5.60243121372
1.2873260464
-2.03828348247
-2.17439136913
1.81069013998
9.07930247127
17.2768524228
23.4529516166
25.2689896746
21.9762964025
14.7420522131
6.1805176393
-0.709025257141
-3.74189935681
-2.3770525817
2.16229205104
7.50005094476
11.1590107802
11.5841399286
8.70422215909
3.82272698466
-1.06622682574
-4.19542414461
-4.75536528212
-3.1323992653
-0.592769448923
1.39350449997
1.84671799279
0.667769478062
-1.42858388716
-3.36280103096
-4.27141413991
-3.92549893356
-2.79354907129
-1.74341526836
-1.55651507302
-2.51041460869
-4.23798776697
-5.92314967716
-6.72257317598
-6.1948117113
-4.52299424079
-2.42713698306
-0.818326119187
-0.370842755715
-1.22067061238
-2.9283726035
-4.71056283752
-5.81556871284
-5.8576217326
-4.95585940332
-3.62829163548
-2.51148342487
-2.0541262803
-2.33219123159
-3.06105749577
-3.77711821088
-4.08133929151
-3.81813464801
-3.1091934101
-2.24446416375
-1.50586664418
-1.02609357485
-0.754740404823
-0.537391408836
-0.248821021627
0.105603118991
0.382796287851
0.392874902705
0.0321621459187
-0.624320172859
-1.33190903218
-1.79007691294
-1.80223507479
-1.39200052499
-0.804994180885
-0.385031669169
-0.383336198543
-0.801393983657
-1.35802672238
-1.6116887655
-1.18868845154
-0.00782100522785
1.61604397359
3.05574048963
3.62172637861
2.8745162897
0.858995557264
-1.85232755216
-4.33894839988
-5.66872984261
-5.25470871615
-3.08543493599
0.264840986201
3.84726623729
6.68137930175
8.09101993113
7.90470346237
6.45465435091
4.39353701467
2.41780974326
1.01395192249
0.321596204121
0.150398598846
0.122764431949
-0.130592402629
-0.805538000261
-1.84969121972
-2.99510165816
-3.87341919306
-4.16233201828
-3.70817400079
-2.58478223891
-1.07387583211
0.422323201937
1.50666283619
1.9121021114
1.58842189069
0.723035746071
-0.313698671864
-1.08567557196
-1.23609143503
-0.612440222132
0.674475514359
2.28375803087
3.76338495589
4.71433216984
4.93811527251
4.50871498541
3.7377489791
3.04479657174
2.78498006798
3.10513508195
3.88853732885
4.81022395387
5.47696934782
5.58963317434
5.0575786836
4.01875037486
2.76334744523
1.60269859208
0.747304229727
0.248978955277
0.0269601179356
-0.0451885036458
-0.0443595806017
0.0520032513785
0.343855255329
0.928575677218
1.81004906453
2.85158017538
3.80560601411
4.41266038041
4.52367792875
4.18366262479
3.63012411789
3.19974391357
3.18197597437
3.68614038575
4.58470715341
5.56110189966
6.24181283292
6.35327858989
5.83299143266
4.84665093749
3.70791363889
2.7424159013
2.16151951267
2.00268411947
2.15762412584
2.46487845276
2.81249113854
3.19432214869
3.69054958962
4.38492230268
5.2665818692
6.17461737478
6.82338651005
6.90584870275
6.23099478221
4.83060574514
2.98088989091
1.12172507687
-0.297105653977
-0.97916917172
-0.885098284759
-0.233393291221
0.600224589184
1.24003205394
1.45668985868
1.24306630035
0.792944790453
0.398789762737
0.317673015019
0.663832443249
1.36985499262
2.22553280715
2.96993676256
3.39285169002
3.40333694685
3.04262055121
2.44503404149
1.77166650565
1.14843171383
0.632360965363
0.213123519968
0.20267693940543552
0.1819687218565207
0.11286716333430036
-0.01768124795442816
-0.20561538969853643
-0.44233725806601853
-0.7216055855919024
-1.0358130181872554
-1.3640958696233128
-1.6601516720210725
-1.8487493393931658
-1.8366906263408538
-1.53817054886
-1.36062097569
-0.879220361148
-0.209902862155
0.452316490313
0.873962898662
0.851059746317
0.289007611331
-0.731416766595
-1.931829273
-2.88071427908
-3.10811714992
-2.26635065146
-0.286425761155
2.53204390583
5.54801917762
7.93757465833
8.94762045739
8.16332133488
5.68853814827
2.15853467447
-1.43922755961
-4.08636724956
-5.08525471665
-4.30761259189
-2.23818052826
0.212198545063
2.05788371615
2.61854899554
1.77637727089
0.00518902130462
-1.84162234794
-2.89772838112
-2.65332157791
-1.17360604636
0.924638509241
2.72800948085
3.40579418503
2.55559185288
0.373369194681
-2.41863542724
-4.85160949072
-6.07948270942
-5.68866748878
-3.83075401472
-1.138565034
1.52560693366
3.37955520688
3.96769476593
3.26289093226
1.60891829894
-0.44793066251
-2.35645682446
-3.71212723461
-4.32347579153
-4.19820383942
-3.48384140134
-2.40265162152
-1.20385361917
-0.132785917296
0.597654371652
0.844977305437
0.579839173118
-0.0878248292792
-0.924309816619
-1.63936928383
-1.98809669033
-1.8663334192
-1.35301263578
-0.672454498613
-0.0870068230849
0.232687535572
0.29615431115
0.291728459202
0.488467531612
1.08331509143
2.06699933658
3.17891768509
3.98258225325
4.03632623834
3.08617719186
1.19304620483
0.6840716448928958
0.1689189256946122
0.18561689328
-0.863000882872
-1.04864447108
-0.639815827249
-0.0380712145503
0.403249102274
0.513577944593
0.337761337886
0.0643417316237
-0.102882597487
-0.0596225004792
0.153912409541
0.392125983315
0.495694383501
0.378747727916
0.0622023465787
-0.360975760076
-0.800748573842
-1.23267906323
-1.70287621954
-2.26540808601
-2.8867756307
-3.37957853688
-3.42062148729
-2.66800829691
-0.936682860622
1.64875767032
4.60793477635
7.20885015908
8.69906698506
8.5784094513
6.80076320947
3.81584019469
0.426508868076
-2.48519659353
-4.25510775534
-4.64074520207
-3.8577950543
-2.44717707145
-1.03958454601
-0.120011073846
0.116200006029
-0.226972611023
-0.852345386323
-1.42791130309
-1.72329476225
-1.67376864924
-1.36306424353
-0.953308852079
-0.605909778928
-0.427779679203
-0.45333453336
-0.650799769085
-0.934197932627
-1.17160875488
-1.19642302426
-0.837441425119
0.0232536888223
1.37655702651
3.03057589425
4.61364646106
5.65957902647
5.76126181069
4.73889467298
2.74882445723
0.272948323968
-2.02485941846
-3.52915618597
-3.89951370453
-3.19669032483
-1.85052743665
-0.479419201934
0.362834046069
0.404043901337
-0.257787210572
-1.22791001685
-2.01037222323
-2.23219760047
-1.79417585307
-0.88570766407
0.131622456921
0.905425455857
1.24619143086
1.18108089443
0.890728433891
0.572647212182
0.310155179111
0.0186552974841
0.18856434410338352
-0.06422221900392344
-0.7922492395622953
-1.8454930729341754
-2.9125261101919904
-3.646844611832094
-3.8147272675484913
-3.3898258793687006
-2.5476311660166573
-1.5649765369
-1.36329237834
-1.34497781361
-1.42667949938
-1.4283150112
-1.19926844129
-0.72647282078
-0.164030000597
0.233942026231
0.243679197854
-0.202714241423
-0.963818405559
-1.73886341097
-2.20001800232
-2.14374123968
-1.58743667188
-0.763951752174
-0.0161009477463
0.358551885171
0.239508396473
-0.268658365648
-0.891482167735
-1.31386446475
-1.32184397303
-0.893238698804
-0.200749390218
0.467386274416
0.828813632992
0.716623970806
0.134809917395
-0.754550725308
-1.69731007851
-2.43423092813
-2.7765342773
-2.6500566258
-2.10359750368
-1.28740525912
-0.410502323612
0.315726013377
0.739833468861
0.825782714898
0.68251634846
0.547851131469
0.717866862118
1.4350754659
2.77302428637
4.56783947414
6.43754015953
7.89702336888
8.53273152571
8.16703002768
6.93751542583
5.24771376377
3.60189936103
2.39271786798
1.73790085181
1.44519903305
1.12751533551
0.418421571294
-0.813634417881
-2.35915399526
-3.72914032245
-4.36534665319
-3.90680398001
-2.3881895728
-0.272037079807
1.70919240569
2.83780476219
2.69956343973
1.35045437398
-0.709857413392
-2.74306698373
-4.06374772778
-4.29246080078
-3.47012021269
-2.00054305633
-0.463962334361
0.607123451184
0.896817412951
0.36689075821
-0.785405426749
-2.22548160979
-3.57942835391
-4.49966814211
-4.70239584025
-4.00409323338
-2.37851389472
-0.0247104581992
2.59727442189
4.81699166476
5.91699529438
5.37839311528
3.11954272064
-0.385500483638
-4.19112924528
-7.16886724971
-8.4067263362
-7.56096793856
-5.00522659272
-1.69857073718
1.18629861762
2.72484552317
2.59709638041
1.18530594333
-0.62734132079
-1.86415940636
-1.8844090514
-0.643978644812
1.32264864262
3.17933360026
4.18714935059
4.03820649858
2.97606827298
1.66015634454
0.851618529432
1.07487252954
2.40835621355
4.48513478992
6.67917985534
8.36989361328
9.1550866394
8.92695609158
7.80781786975
6.0157680412
3.75616867705
1.20224129148
-1.44049372548
-3.85354636918
-5.59438868328
-6.20258065586
-5.39652640083
-3.26668718477
-0.351019991033
2.477715995
4.29387677421
4.461453115
2.88654125963
0.0602759245152
-3.13464957285
-5.77097865488
-7.2223611995
-7.35481158397
-6.4886093038
-5.16811647704
-3.86894232298
-2.79606980524
-1.87100314461
-0.900036350136
0.18480603397
1.16229010191
1.54581808536
0.802078111999
1.8815806567227185
1.7916197130085294
1.28020646052
-1.87380197985
-3.49742865133
-3.17946814043
-1.21097783785
1.51510761669
3.86448803709
4.92427634639
4.36162463812
2.52072541736
0.223490545645
-1.62371605825
-2.42940502364
-2.14029643849
-1.1983891603
-0.272157735762
0.09277996247
-0.271150390756
-1.10981450649
-1.92076813712
-2.24072490931
-1.8927427556
-1.06774684039
-0.206197926404
0.249638447748
0.0980009698395
-0.513045480151
-1.16414753912
-1.3871194503
-0.913808471507
0.177571144013
1.49277824592
2.51142441852
2.83889534005
2.39375728078
1.43946009199
0.449072509885
-0.125374652935
-0.0631687730581
0.535989234349
1.32079432504
1.87273896567
1.9098457579
1.41004668927
0.600421595715
-0.17209087385
-0.616024916528
-0.627408214368
-0.317822581193
0.065600793179
0.278456239725
0.201407790237
-0.112695297138
-0.48296313236
-0.704731010607
-0.656021783876
-0.353466064927
0.0639058279505
0.406310335998
0.518751015927
0.338651283548
-0.0951109866986
-0.674352529771
-1.2688030421
-1.76196025789
-2.06435231118
-2.11181476631
-1.86590976094
-1.32795786267
-0.562002553475
0.292606176592
1.03993378679
1.48364433035
1.50317000977
1.11428877699
0.478660352433
-0.151848281652
-0.53738472212
-0.553372433133
-0.244300623138
0.200788722026
0.541363971414
0.601651411288
0.351519999738
0.37185830032768763
0.3983118936113641
0.5932201366440637
0.9966849400999678
1.5100309357508621
1.959912475562902
2.2070054419347116
2.2367826269212543
2.1777060980686542
2.2312822117565503
2.5483335870369643
3.1191942151008902
3.74291220629037
4.101493509756352
3.9092976843201512
3.0646137530611384
1.7242716903265034
0.25799067995
-1.36243231458
-2.35767980898
-2.65082495856
-2.41065729397
-1.93859808453
-1.49886935917
-1.18372583423
-0.886823136209
-0.399148234044
0.42599759694
1.53314092322
2.63446196947
3.31727642807
3.24233667743
2.33270524171
0.85062419415
-0.687867953445
-1.72915735224
-1.92847123307
-1.30575791924
-0.231536430589
0.753624069826
1.19896083673
0.954879247252
0.231453366808
-0.523644923988
-0.864277798448
-0.579324878828
0.198817682959
1.06555545621
1.55739678322
1.3962294922
0.63766926227
-0.353749251733
-1.090120758
-1.21075874211
-0.668318316122
0.245874928805
1.05062601677
1.32130755293
0.907233928702
0.00854550277481
-0.92620103006
-1.42833763093
-1.24580763744
-0.467703113215
0.525134669876
1.2554385351
1.38879487073
0.894697606348
0.0502227644367
-0.71007407597
-1.01574034211
-0.737410930528
-0.0307793330381
0.7678487203
1.33115645092
1.50986534041
1.39105929579
1.21942599205
1.23162256543
1.50134551787
1.88525357284
2.10217212511
1.90207239413
1.22926462366
0.285172669788
-0.549955953952
-0.899226392938
-0.579091780017
0.305872476456
1.41661003779
2.35452907785
2.86358465582
2.94889887535
2.84583069261
2.85577852553
3.14057061311
3.59382042334
3.86861680624
3.55561240294
2.41958963876
0.563804468525
-1.57629488638
-3.41931326171
-4.51399126213
-4.75963742906
-4.44734777554
-4.0902389512
-4.12635040098
-4.65486656124
-5.35972635039
-5.6818322299
-5.16593883582
-3.80109423551
-2.15494242789
-1.19057658075
-1.81312191562
-4.3451068969
-8.19525066237
-11.9226038194
-13.7267835066
-12.1909555583
-6.96454773915
0.930271987299
9.33988293717
15.7070528424
18.0065371074
15.5075541927
9.04555198849
0.689368786212
0.298895286108
-4.7614812819
-6.34852656078
-4.95304467572
-2.02953548936
0.72238332086
2.08980448532
1.77910738685
0.391979669669
-0.99811534104
-1.43846520505
-0.571047068734
1.22198061188
3.04320805582
3.94242345938
3.3827773422
1.49131723084
-1.01047202184
-3.14538658018
-4.11721302443
-3.64135129386
-2.02860749818
-0.00406530778875
1.63639899179
2.36592362646
2.11432871113
1.23799261035
0.309955477315
-0.156658783103
0.0767380157145
0.906253511294
1.97306343521
2.84619292869
3.2084368739
2.9675382891
2.26097809424
1.37414631316
0.623500251206
0.257641404063
0.406114595713
1.07527063837
2.17019463529
3.51996776264
4.89675127493
6.03548838474
6.66831995982
6.58099570964
5.6819973028
4.05942959131
1.99636089088
-0.0736984973846
-1.66742848348
-2.38174050066
-2.01315876932
-0.628246230749
1.43782729825
3.65541720573
5.42768898921
6.23863322709
5.78573405367
4.06534842167
1.38853281986
-1.68108660443
-4.45847067869
-6.30942704932
-6.81993683895
-5.91214969448
-3.86622243703
-1.23387660655
1.33335277873
3.28445099759
4.32615388045
4.47876402925
4.01153493508
3.28865116708
2.59551614581
2.02352053005
1.46387353981
0.708765010415
-0.394676128722
-1.81950292599
-3.3321737919
-4.58445187949
-5.28325045427
-5.35394000467
-5.00954780182
-4.67967155033
-4.82044258493
-5.68819211098
-7.18385995733
-8.84882619061
-10.0262768045
-10.1258854537
-8.87949873675
-6.47582688936
-3.51340390398
-0.789807958484
0.984909826692
1.43306519902
0.617806094165
-1.01676371789
-2.83380784398
-4.23216708077
-4.82217495843
-4.49276647331
-3.37003797571
-1.71420858163
0.182217380781
2.05100331885
3.65397439748
4.76720018355
5.18368916982
4.75711399646
3.4747838921
1.51860715779
-0.733010016035
-2.78602002199
-4.17667228619
-4.62741770067
-4.14503875206
-3.01395878521
-1.68295108661
-0.591574572593
-0.00997950481556
0.0411787317061
-0.238429408629
-0.546623678066
-0.62659205339
-0.377366289679
0.117943538634
0.649789242097
0.990491645423
0.999560168082
0.680726237402
0.173200686689
-0.309068908164
-0.557147945248
-0.432741947021
0.0985329356571
0.965900664968
2.0127725915
3.02596753873
3.77215675033
4.04498580152
3.72308939291
2.82688162377
1.54901774395
0.231365353496
-0.722954487922
-0.984107499905
-0.428579724256
0.789376251498
2.27106443596
3.51202558362
4.09645742524
3.86503328537
2.97780330618
1.83695762427
0.898628475298
0.458094141944
0.510243981706
0.755476594489
0.753027457959
0.151067965431
-0.7895759593763358
-2.119503190668368
-3.3240486718315907
-3.884207097506632
-3.5231814894910656
-2.3469442008085792
-0.8072534672319165
0.49923623538143147
1.101786744351287
0.866870789591303
0.04833966367110065
-0.8469479631472154
-1.311185263651808
-1.0809814334561594
-0.25569251457449127
0.7677835345292294
1.5084089529927809
1.6534047213963134
1.22163609155
0.127839227675
-0.708627027039
-0.899353535924
-0.36052108315
0.638815579116
1.60632725997
2.06856088281
1.80351409499
0.946670495311
-0.0821410892724
-0.792996594924
-0.872142603479
-0.335735398693
0.485793667643
1.12323543102
1.213392164
0.687869110333
-0.1904623425
-0.962022421702
-1.20799708164
-0.770538006015
0.155849767701
1.10865626581
1.57664416277
1.24646791309
0.156229575543
-1.31769880719
-2.63212477537
-3.32201568031
-3.20123051817
-2.42642685057
-1.40076395154
-0.571701262413
-0.224941633482
-0.372314931543
-0.779761213309
-1.1104622095
-1.10380498983
-0.699238569772
-0.0484062617743
0.58085593269
0.950939800698
0.972553456075
0.736319417661
0.448655849787
0.312920070101
0.422189320165
0.719036068109
1.03835094831
1.20417927309
1.12489292446
0.835833853183
0.470307334176
0.179744031085
0.0498868846125
0.058669036808
0.0953355753151
0.0252573734671
0.2675630664786155
0.3128782226065141
0.23088561910266492
0.11542592969216514
0.03501387411782275
0.014532638222988226
0.05730712750879263
0.18715903038030035
0.473081251547967
1.0069118315091572
1.8342494274891408
2.8741296786204487
3.8817597958756096
4.4963674404701806
4.375157724739097
3.3639310695497358
1.6225764373351552
-0.3695978407609175
-1.95569445846
-3.0174891707
-2.81652213175
-1.54316856715
0.200582762442
1.63096246783
2.10530852266
1.39926846433
-0.188140552991
-1.95631653987
-3.10576334727
-3.09183245765
-1.87201614352
0.0674439268508
1.92347662302
2.93757346008
2.74836842719
1.57728215413
0.15938488777
-0.558572189692
0.170254059569
2.54358105281
6.07090693889
9.70634766406
12.2048730129
12.5650309067
10.3901135237
6.03577114446
0.49732086778
-4.91213922471
-8.96994108505
-10.8948953071
-10.5309018758
-8.32163999515
-5.10974606051
-1.84710824412
0.681207327725
2.03786697329
2.18170467424
1.39451444969
0.132272881227
-1.13965714239
-2.07568793757
-2.51389446425
-2.47113510833
-2.08736343829
-1.54850568971
-1.01739192548
-0.593159521649
-0.305577010531
-0.136952644053
-0.0552540055306
-0.0405450915062
-0.0928946060555
-0.220660462698
-0.418646109143
-0.651114044445
-0.852267333591
-0.947494214653
-0.88688428539
-0.674323284731
-0.375513805649
-0.0972654920985
0.0555797373972
0.0270622875829
-0.161495951799
-0.416824065056
-0.612691941144
-0.646197639809
-0.485772296792
-0.1880671784
0.125271969932
0.321386178534
0.316560707343
0.1158335269
-0.186122895798
-0.443269341263
-0.518598850082
-0.340360326552
0.0694322172098
0.60481700085
1.11799570977
1.47494411304
1.60194347759
1.50614964347
1.26479233888
0.989338610576
0.778513700885
0.675852444259
0.644603242864
0.567646803461
0.274334572029
1.0155767407661642
1.2495241759733204
0.9750908772361129
0.3384660006369131
-0.3785579928403848
-0.821055681632
-2.03568768087
-2.46379729095
-2.13704853379
-1.31189821115
-0.391559195951
0.217429528548
0.262746226991
-0.246678999967
-1.03467178554
-1.6645778607
-1.72199244831
-1.0000084079
0.39307026917
2.05454940433
3.43382394423
4.0462866291
3.66504847425
2.4088391886
0.689292140799
-0.957457332878
-2.07967735019
-2.46878121734
-2.20343755345
-1.56948678083
-0.903085754529
-0.436331337821
-0.216857266976
-0.13094923999
-0.00583720323404
0.271362283331
0.684214956829
1.10179085573
1.36386085054
1.38338871226
1.20465393675
0.981795156585
0.889269499462
1.01654115526
1.31088627827
1.6068798456
1.73168271857
1.62858979155
1.42426177129
1.38959263178
1.79993497539
2.75911163218
4.0812184875
5.30585678068
5.86146697046
5.31612192388
3.60330419529
1.11023302846
-1.42792629766
-3.19708623673
-3.62728463721
-2.62978844144
-0.641684797702
1.54500277698
3.09719552074
3.46241952202
2.56217439906
0.78169703151
-1.22630722921
-2.82553001571
-3.63751565455
-3.64093967339
-3.10335821701
-2.40044981797
-1.82479372182
-1.47900160768
-1.29378034265
-1.1409114604
-0.961820641493
-0.82942633912
-0.904153678243
-1.30970262767
-2.00454477221
-2.73322269384
-3.10196313597
-2.7559871218
-1.57639652686
0.205308065854
2.04491651856
3.27532589129
3.37432690826
2.19441179532
0.0502797826814
-2.3798579298
-4.30183163927
-5.10012135456
-4.55910230014
-2.92478473566
-0.790618937752
1.13653230906
2.29058509206
2.42266576705
1.64358578182
0.335387332305
-1.01573831696
-1.99269679518
-2.36656814058
-2.13383169274
-1.47870558464
-0.689247632975
-0.0598465360488
0.195441671959
0.0045437934743
-0.534864633865
-1.16981702277
-1.55498872849
-1.36007840327
-0.398571373198
1.2649421818
3.27901439794
5.07567844792
6.04312710499
5.74962934427
4.13339375872
1.57222201756
-1.21397635428
-3.40778390669
-4.39917602721
-4.02860141336
-2.66195572677
-1.0554869246
-0.0560059847464
-0.254335238755
-1.73462135443
-4.02612801967
-6.2813891736
-7.6102366397
-7.43387963287
-5.71498421221
-2.97168129053
-0.0727518441168
2.1003504885
2.98805873671
2.55315718612
1.2740213709
-0.0592626149155
-0.6613064231
-0.0581431593038
1.72753933313
4.17432298684
6.43700415283
7.63253056882
7.13816855415
4.80488424587
1.02048144036
nan
nan
nan
nan
nan
nan
nan
nan
nan
nan
nan
nan
nan
nan
nan
nan
nan
nan
nan
nan
nan
nan
nan
nan
nan
nan
nan
nan
nan
nan
nan
nan
nan
nan
nan
nan
nan
nan
nan
nan
nan
nan
nan
nan
