-1.14104701335
-0.077845316936
0.328093753906
0.206937523115
-0.116051783155
-0.316408628606
-0.232862765554
0.0792161698361
0.415481482103
0.561355335801
0.421413602404
0.0722364201543
-0.28248584689
-0.423509208195
-0.231639201741
0.251961226003
0.846984756037
1.31972441483
1.48609767566
1.28153599777
0.769970715094
0.0979619930745
-0.573995219202
-1.12560080842
-1.49445659954
-1.660581178
-1.62001189044
-1.3721022555
-0.930813915507
-0.349571453572
0.26404350727
0.764277900065
1.01592946236
0.955072021545
0.628202725339
0.18248640225
0.2283684204229104
0.47546581693698897
0.9343069749051693
1.4746500432311365
1.8789223831303588
1.9447715078615317
1.5890700002113363
0.902208555774493
0.12388352864073227
-0.4507880691546262
-0.5919628824359364
-0.22663227539983666
0.5402586618167504
1.4815629848757794
2.3497437331376005
2.9733355558768295
3.3028786655570457
3.390293491379353
3.321830412869346
3.148512261035492
2.856799721681739
2.3969912618060363
1.7516088324913568
1.00030169925
-0.172799505946
-1.00438573355
-1.28335188318
-0.948583177857
-0.142508096806
0.822646398742
1.57841040103
1.84565132367
1.5459557468
0.826221786072
-0.0161762617938
-0.673132636506
-0.964672666321
-0.911317902352
-0.70620893651
-0.601533901611
-0.765225017048
-1.17849341924
-1.6256657901
-1.78425223723
-1.37597050584
-0.310665144932
1.2423717084
2.88922333438
4.13988021314
4.57899469156
4.01188235023
2.53189048768
0.489019324762
-1.62198304505
-3.30912367257
-4.21531567535
-4.19776353403
-3.34107361346
-1.91319934015
-0.286396578789
1.15286741594
2.08664117296
2.32920450034
1.86406990724
0.847787985616
-0.4240974053
-1.5876646959
-2.30597363792
-2.36583422018
-1.74638013311
-0.633993653154
0.626505460419
1.63274033472
2.04654937748
1.69665566206
0.628270739314
1.9777084834822745
3.21363879099
1.99952042585
1.31511603028
1.26474292479
1.76695415407
2.59041903705
3.42890056177
3.99305906437
4.09500054392
3.70429862008
2.96016866295
2.13326039128
1.54240070627
1.44559498426
1.93711898066
2.88783871309
3.95857468438
4.69495322695
4.68187049766
3.70759277064
1.87476393553
-0.392907822365
-2.46444298507
-3.70514104275
-3.69946418094
-2.40854792912
-0.197592616258
2.28312279725
4.32179902797
5.38831678319
5.30319879715
4.26859027946
2.75449059774
1.29287877968
0.268440932083
-0.208152877059
-0.298154580663
-0.315744614113
-0.554341972974
-1.14058857721
-1.98051987511
-2.81626841324
-3.35956180566
-3.43454662948
-3.06187300632
-2.44720099502
-1.88415613807
-1.62143475149
-1.75785441243
-2.21228989843
-2.77727960244
-3.22501516536
-3.41178362123
-3.33167016596
-3.09860006215
-2.87244274415
-2.77138551166
-2.81647453242
-2.9344022234
-3.01240239337
-2.97147380279
-2.81523533384
-2.62578965307
-2.50747278834
-2.5088851074
-2.56771085614
-2.51383937781
-2.13807302861
-1.29981794372
-0.024282373127
1.46043899269
2.77236319907
3.49936640588
3.35209012408
2.28475943515
0.532958357994
-1.45045053027
-3.13967281163
-4.107312713
-4.15936823344
-3.38573394843
-2.11144021636
-0.771389948154
0.241931478798
0.702068868175
0.60291353476
0.131879205694
-0.419697460481
-0.770454722511
-0.745012079378
-0.321781354685
0.376888939387
1.14095676053
1.75080770995
2.05018686366
1.99340943207
1.6573127241
1.21889050398
0.906518191546
0.935955117662
1.44366254234
2.43120620479
3.73573854933
5.04076452828
5.93564519332
6.02000163267
5.03219506299
2.96515211366
0.125908189253
-2.89614753315
-5.36202816987
-6.59083987549
-6.18273995057
-4.18064368037
-1.10434026445
2.17156315439
4.67019493164
5.61869739908
4.70441786226
2.18754860305
-1.17625705353
-4.38199931712
-6.50590061962
-7.00315103433
-5.86677324507
-3.59374302824
-0.977583730171
1.18839580377
2.38220600879
2.49884583368
1.82493999982
0.866716421426
0.112258376308
-0.170579342091
-0.0215407104051
0.264968240641
0.298448248873
-0.219391924073
-1.35858001671
-2.93009026748
-4.56457790651
-5.85892518696
-6.52509772871
-6.48206635499
-5.86174147644
-4.93807428704
-4.01725151123
-3.33540397705
-2.9983437975
-2.97464866889
-3.13147457245
-3.29108698835
-3.28720675014
-3.00890087247
-2.42821040632
-1.61077576063
-0.706731943446
0.0828178786459
0.564643514059
0.627209328374
0.305176399749
-0.19726332475
-0.548905170758
-0.401099876519
0.466384133562
2.01947971257
3.92432105776
5.61846725289
6.48941287529
6.10190077748
4.38599457763
1.70406774815
-1.24209296978
-3.63906784466
-4.8418885693
-4.59842934881
-3.12955019781
-1.03372849929
0.944107033134
2.18578474548
2.40747562988
1.72541981067
0.565352547741
-0.534609008462
-1.13909916649
-1.06188304709
-0.394949582322
0.573608336846
1.50174374732
2.12790203292
2.34583544948
2.20408619992
1.85075548854
1.46282782752
1.19396684925
1.15263235453
1.39928927238
1.94198216164
2.7186710398
3.57522982998
4.26487459012
4.49436484475
4.02100181418
2.77184973963
0.931168820759
-1.05890205378
-2.60985414086
-3.18617544975
-2.52102322418
-0.756629824847
1.561214902
3.64871872717
4.75500272471
4.43393478095
2.70610092076
0.042560755273
-1.798663790918269
-3.1313030703981184
-3.523566712601337
-2.9526126460790323
-1.7570978969316826
-0.44392912864026357
0.5581112806829935
1.08671884044
-0.0331250030311
-1.09750603176
-1.70881668449
-1.63957140922
-0.937251931928
0.102626886682
1.07431960167
1.63989621898
1.66328980763
1.24271936482
0.635564719492
0.120414184552
-0.133408457062
-0.128432333738
-0.0113571720354
0.0216499908133
-0.167010954143
-0.590159764941
-1.14055987274
-1.1136931504133827
-0.9262382782907252
-0.5471655724974909
-0.04642079393023835
0.454655076015
0.521980559472
0.467952400685
0.354180136927
0.28255803484
0.327174255575
0.481329410678
0.651085636381
0.70146342441
0.532439410234
0.144572931361
-0.342417804585
-0.732068836352
-0.83791958933
-0.574844852017
-0.0111632596461
0.645202492832
1.12325239698
1.19627907525
0.774379680425
-0.0567128374112
-1.06552612692
-1.95925327575
-2.48692327963
-2.52064374268
-2.08656288359
-1.33982304126
-0.499912846174
0.224762554235
0.695280930118
0.867439357001
0.783108343706
0.538915843587
0.247853026919
0.00658956181674
-0.125079207709
-0.131933690761
-0.0401361526058
0.0948488378615
0.207560488832
0.246160299756
0.194485783621
0.0840592659301
-0.011786481888
-0.00404776438914
0.172144615032
0.519126311878
0.957866413302
1.34158143824
1.50201073582
1.31356606556
0.750255692057
-0.0897444536366
-1.00557528035
-1.7563183989
-2.14205628914
-2.0718694317
-1.59185327172
-0.862568868656
-0.0963416561132
0.518845549914
0.877724090007
0.97656602766
0.88918465781
0.715844868106
0.531553481829
0.357946925521
0.16929723473
0.7006626633415323
1.1587124676961054
1.5683365901057442
1.9852448259694455
2.457222109054868
2.9789751994484845
3.46749968602532
3.777468657451422
3.7576507915497643
3.3281017440742744
2.544045510336929
1.6133588923163842
0.851332803035
-0.279839201331
-0.70034622148
-0.388985105494
0.456624889425
1.47796652303
2.27621412243
2.55115036582
2.20487377978
1.3694288948
0.347427757839
-0.510236958586
-0.940075224713
-0.860699110198
-0.390090591524
0.217886208111
0.687064048511
0.831937829278
0.621903385071
0.17244577874
-0.32709151488
-0.711072724815
-0.912537978172
-0.980763815358
-1.03617243093
-1.18890235299
-1.46538573637
-1.78276441029
-1.98597640853
-1.92925332625
-1.55941026935
-0.955584718724
-0.301250015486
0.200605417878
0.426995508767
0.396289990394
0.255342497416
0.193722017538
0.326171235386
0.605811955696
0.820763209899
0.688051087109
0.00843148468778
-1.19113894079
-2.60400702253
-3.72085192894
-4.01925051924
-3.19104802514
-1.3068176534
1.16359740468
3.49627703074
4.9728630521
5.14987498989
4.02482267788
2.02876922163
-0.150231222118
-1.83534095777
-2.60559670692
-2.41667425434
-1.55724475366
-0.476329967752
0.427169112454
0.951961306785
1.11759846398
1.06962598981
0.933375663724
0.706014314701
0.250580049041
0.1793810577928383
-0.35245275501705464
-1.1927813559348692
-1.9887802020188303
-2.3246437051778486
-1.9251622274171467
-0.8221732653366018
0.61051153542968
1.7885648512840788
2.167264346376129
1.4982824626552684
-0.030731382880446745
-1.8482067085409142
-3.227829356969579
-3.594606212251307
-2.7678453487656896
-1.02847604354929
1.0191464247827753
2.722555585508175
3.659916978551479
3.7891165818371917
3.4010302334539233
2.910955884241119
2.6050120518812747
2.481094449580212
2.273853401732282
1.65441962057
-0.512547083961
-2.95106678572
-5.02220263605
-5.94869862306
-5.17444931892
-2.67767985031
0.924900826098
4.55576975059
7.07694512119
7.74317934651
6.5039795449
4.01259233282
1.3318923142
-0.532746894296
-1.06193606632
-0.417430812454
0.681932268261
1.33983398336
0.934524903649
-0.572032497589
-2.61322329278
-4.29177129842
-4.81496850543
-3.88229362411
-1.84189737092
0.455236208567
2.03048110854
2.20280999227
0.86644733881
-0.6630988939917444
-2.410979535525115
-3.6080264488421534
-3.8472569343603737
-3.1996656574488043
-2.089475583518464
-1.0132739122546042
-0.2608226884000828
0.21493561574868636
0.7173292714772117
1.5693516260983387
2.860267975087879
4.324365049688467
5.43031588554976
5.645587610465327
4.742051710351021
2.978339552101687
1.04929215277
-0.734880472671
-1.20659634093
-0.275083957008
1.53996981357
3.313447573
4.11663920234
3.43546474246
1.41232044741
-1.20254717831
-3.37130463944
-4.21708085214
-3.39974563257
-1.25323076835
1.3707520302
3.474798216
4.33244297066
3.76569025342
2.17088587283
0.298559386472
-1.0983722161
-1.58343562024
-1.18539081848
-0.327139755773
0.412563608716
0.582267766
0.0556960565408
-0.934118599671
-1.92154474045
-2.42267097342
-2.13565258671
-1.04664481928
0.585532062891
2.33707903325
3.75915501697
4.49354076611
4.3364043594
3.25545874378
1.38298567298
-0.998309552663
-3.47912801207
-5.57528322816
-6.82244216986
-6.90531593267
-5.7813074607
-3.74047313028
-1.3549958385
0.687015425925
1.81391048052
1.77939139126
0.756128027664
-0.735466448448
-2.04244886663
-2.65114045384
-2.39803902351
-1.52553670323
-0.556019051167
-0.0400022018016
-0.291898779569
-1.23319933067
-2.41405157597
-3.20324665177
-3.06138923064
-1.77717708969
0.43294263433
2.99755548863
5.19541401524
6.40050686045
6.26803873695
4.80017832135
2.2902835733
-0.0862803823656435
-2.560662843574889
-4.7024281056426105
-6.172692901912882
-6.73112710450512
-6.251657104143206
-4.763409103684708
-2.4984693387561236
0.09801819900914666
2.4371619091789114
3.9419843583646212
4.245965149973571
3.353089296855785
1.677191586367698
-0.0786647886621
-1.81858431896
-2.39735555357
-1.75759640515
-0.30330258172
1.27216770061
2.27952313904
2.32073911409
1.44325986328
0.0941942320602
-1.10106194273
-1.63116192296
-1.32656883942
-0.420075576724
0.582049770721
1.15116291723
0.987179918539
0.151353223394
-0.976631103994
-1.88889769016
-2.18964927808
-1.76887873214
-0.830934639429
0.226247071472
1.01268531349
1.32488805982
1.21572878706
0.929981691011
0.74945582858
0.835092295535
1.14947938111
1.49598643801
1.6464552815
1.48254793384
1.07079043619
0.629783786053
0.408514981226
0.544234781049
0.980146568722
1.4907576794
1.80359315252
1.75205040548
1.37499044499
0.905377026057
0.649441086754
0.818183058416
1.40181881528
2.1583755441
2.72879863916
2.82285111535
2.37901303172
1.61070410123
0.907807164714
0.638608601779
0.953257842835
1.69487868387
2.47314238527
2.87141551836
2.6847336759
2.06120329558
1.46003662042
1.42856158662
2.29564840216
3.9319703315
5.70875787952
6.70080380845
6.06452264889
3.43213288258
-0.856935489366
-5.80365042802
-10.0730351756
-12.4687078098
-12.3641789684
-9.91340621379
-5.95829931315
-1.6813713038
1.84174081836
4.00012773086
4.77628610584
4.61568617351
4.12380240331
3.74677723583
3.58480155589
3.41110359978
2.86414445246
1.69831413871
-0.0422782206051
-2.0145352545
-3.73001289362
-4.78570686868
-5.04939310638
-4.70449002369
-4.13531293139
-3.71756402007
-3.62734046151
-3.77017355423
-3.86629163313
-3.64378678814
-3.03198963411
-2.24462368863
-1.69860967004
-1.80147915497
-2.71347671917
-4.2109921546
-5.733412893
-6.60624993496
-6.34325932658
-4.88482437611
-2.65354446047
-0.391406253484
1.15323810913
1.54679930562
0.850521635952
-0.425131323298
-1.57029250662
-2.0112608423
-1.57247913646
-0.540966238036
0.49563071181
0.956943271071
0.572641950231
-0.468859121813
-1.60035792469
-2.14829021959
-1.66749060683
-0.176419563037
1.82303465767
3.55519337322
4.31452022542
3.78432041213
2.18164082788
0.160734320742
-1.48017572326
-2.15333191347
-1.73471014733
-0.602436515785
0.553003645789
1.05572413977
0.557375250933
-0.8045913834
-2.46990252395
-3.7048690652
-3.92201368306
-2.92825701888
-0.998869306018
1.24391663654
3.08385879137
3.9815285317
3.75336008583
2.59993347106
0.993777649712
-0.50843923709
-1.44684817689
-1.57104875802
-0.865809869238
0.489488187671
2.18963536135
3.8707971709
5.16833943448
5.77481961762
5.50729990371
4.37538749477
2.6199024903
0.685074565083
-0.89429796863
-1.66967775307
-1.45722214822
-0.436984378104
0.88758343971
1.87434426995
2.00773607285
1.13377496597
-0.445388289359
-2.07381845812
-3.01147806517
-2.76208446582
-1.31554572618
0.808477249849
2.74514070083
3.62506169502
2.9271395112
0.691482862712
-0.467041513807132
-1.6945468470884464
-2.1551653815571115
-1.37595233409
-1.42430963734
-0.722690807782
0.0912800292819
0.492950271601
0.274675082067
-0.4205859788
-1.23137103351
-1.79288804848
-1.92083713538
-1.67647409375
-1.29412410947
-1.02527127485
-0.992815440359
-1.13625911232
-1.27267435437
-1.23100242969
-0.975574132361
-0.641329317695
-0.454344378895
-0.57892562792
-0.979290550897
-1.38294148623
-1.38262132934
-0.639232968727
0.911674167314
2.95949517931
4.88944714414
6.00881181659
5.8344566104
4.31187026399
1.86204498514
-0.77069651953
-2.80577846994
-3.72265794577
-3.43809819348
-2.29336614373
-0.868810670511
0.279846065329
0.840193504139
0.824181298679
0.491449442014
0.171556514717
0.0846177538024
0.249786606693
0.516576770923
0.686110362242
0.644312475362
0.429439744499
0.199526302525
0.125690619022
0.280430519067
0.591867814466
0.894573947488
1.04811803917
1.05008780641
1.06765282327
1.35464770934
2.08779579127
3.20949936562
4.37379558056
5.04734821799
4.73837696275
3.25298823344
0.850343308458
-1.79564432164
-3.83317459611
-4.57545906614
-3.797615458
-1.84638456906
0.498369831102
2.35745387479
3.13438965301
2.77060240809
1.75249730588
0.861949171386
0.78161920799
1.7371808181
3.34588705784
4.74951814467
4.98098015638
3.40656965996
0.0491056301618
-4.35283307779
-8.58066404688
-11.3718121593
-11.8787515814
-9.96908865206
-6.25625695244
-1.8635373211
1.97182844325
4.29567008626
4.69319302901
3.3339194444
0.823892275777
0.2448972503856197
0.021323078385
-1.69970849442
-2.40445209006
-2.16711954607
-1.23375220345
0.0663078573095
1.390598966
2.43658022095
2.98794080964
2.95711610818
2.41175233825
1.56410433747
0.709871739387
0.125653195452
-0.0399564933893
0.166343274824
0.514290169171
0.685890652739
0.420586505295
-0.352449659236
-1.45691246386
-2.51891203128
-3.1085042492
-2.91591622402
-1.88775289709
-0.264538851265
1.49675589613
2.88260451932
3.49931173052
3.19663885141
2.09587076444
0.521965477211
-1.12235131759
-2.48518250348
-3.34988182731
-3.65550254742
-3.46385006537
-2.9026868724
-2.11530567603
-1.23252645615
-0.364895349563
0.398291745769
0.995149810588
1.40365702799
1.64997842349
1.7990670778
1.92246469816
2.05386297964
2.15582201608
2.12167781657
1.82214411734
1.18235247968
0.254348554961
-0.755394281393
-1.52871627858
-1.74335295
-1.20749475471
0.0348014542133
1.67738419221
3.22553778903
4.14916904165
4.06147471715
2.85662458838
0.754947725356
-1.76035136583
-4.0902313692
-5.69696545189
-6.2513663553
-5.70650435436
-4.2843789899
-2.39195630711
-0.501424219963
0.967954815903
1.73905886036
1.72455293965
1.0321532813
-0.0676177706033
-1.20495086077
-1.99778170634
-2.14959892442
-1.53763427473
-0.265559390089
1.34245951469
2.81548725358
3.66396095368
3.52629914074
2.28583341673
0.115414499068
-0.0990460010361005
-0.29639902675558005
0.010328548417675165
1.12182153257
0.59823447629
0.719181041834
1.13521818572
1.48226959126
1.50369500273
1.12016572066
0.429681140796
-0.352977209345
-0.988136371006
-1.29882042392
-1.22557185616
-0.835661624889
-0.290608308512
0.212119312666
0.502749840291
0.489687430443
0.184188610878
-0.306042365489
-0.812150830238
-1.15904990139
-1.22468986032
-0.985141368924
-0.528661083191
-0.0299907120775
0.310485354864
0.343635293665
0.0360311322022
-0.505540286107
-1.06404272924
-1.39010433218
-1.3004933005
-0.758480648565
0.0982729100012
0.997289386131
1.62626776798
1.7481491374
1.29154626639
0.380850385537
-0.705855032762
-1.63438647639
-2.12960747368
-2.0648403425
-1.49435470655
-0.621327753909
0.281671002394
0.966887837801
1.2860019608
1.22239668004
0.876505645228
0.416398009959
0.0150537303811
-0.204150697058
-0.199058985972
-0.0121751921629
0.251163739272
0.461699856235
0.511390600457
0.352840517993
0.0214102385763
-0.368965894127
-0.659031355642
-0.699769178697
-0.413318286881
0.163892561189
0.876621321816
1.493483549
1.7865975015
1.62021826048
1.01233763884
0.140345017913
-0.717056256583
-1.28255218159
-1.38758432602
-1.03989223205
-0.421809678634
0.181237462484
0.492574710841
0.349631899749
0.22340707871248355
-0.1880588159193195
-0.6418172547099061
-0.9108145071944023
-0.8603878682568649
-0.4749343753187105
0.16758348577481286
0.9495353428091278
1.76065991555528
2.5118466032109836
3.1133328349187934
3.4406259450287706
3.3236618447400446
2.5851892274093586
1.126448200125978
-0.9741502047683639
-3.4025611580202764
-5.63697269277
-7.52789092761
-8.13169357177
-7.25792369843
-5.11943107485
-2.29726852379
0.432998772642
2.35566258276
3.05478662962
2.54593349635
1.24711432724
-0.199275264608
-1.18141847271
-1.34737347126
-0.718637025115
0.352247922511
1.35481720307
1.84642313445
1.63426577162
0.840493339864
-0.169867314444
-0.959378529745
-1.20874510031
-0.84505563268
-0.0566449487501
0.80504048782
1.3877895086
1.49164820065
1.14726451695
0.589939398774
0.146171074205
0.0860965674426
0.507008070864
1.2964639958
2.18710536455
2.8756293277
3.15235380643
2.98562929173
2.5267111483
2.03557209302
1.76146310013
1.83017000886
2.18603254081
2.6132447821
2.8278701415
2.60292194702
1.87529258079
0.790340576488
-0.335526205577
-1.12174038525
-1.2601918091
-0.630125307429
0.651901266763
2.2654294273
3.78974052191
4.83859155019
5.17658394392
4.77681078357
3.803912013
2.53625740372
1.26341628927
0.201253582947
-0.545142203776
-0.964999283166
-1.09164751699
-0.952941669666
-0.553602817092
0.0986955291535
0.938172720326
1.79180891958
2.37471888269
2.35149650253
1.45385154964
-0.386719947432
-2.94927760471
-5.72702663371
-8.04254089912
-9.24858345285
-8.94956536737
-7.16242148072
-4.35083438261
-1.30942434858
1.07076082106
2.07852672268
1.40545742306
1.743650562398841
1.1956306926249027
0.585380457057
-1.79433266665
-2.98379910459
-2.91139207157
-1.88933219355
-0.458981324255
0.8264281261
1.59728792161
1.77095438692
1.53242258
1.21114834886
1.11216793495
1.37415931849
1.91208159806
2.46454196086
2.72172543945
2.47653210554
1.73265199418
0.721903127834
-0.178598367739
-0.596719222828
-0.321560633248
0.599324581564
1.86345861481
3.0187160071
3.62989666808
3.44100315684
2.46925653693
0.994636386445
-0.548938771081
-1.73542822269
-2.29627017005
-2.20008065366
-1.63588637403
-0.91419000069
-0.33297034291
-0.0666195997837
-0.121037462533
-0.365457976056
-0.61671682129
-0.730656902501
-0.657227426208
-0.438376327287
-0.158967925086
0.115282158453
0.374362059578
0.653169827012
0.980284787856
1.31861358471
1.53826798108
1.44749575341
0.876889270373
-0.219204616981
-1.69551616512
-3.2243837222
-4.38909472875
-4.83095725026
-4.39032708784
-3.17937502759
-1.55089392222
0.028238517267
1.14827585307
1.6016122609
1.44198945644
0.936151047851
0.433241487637
0.211943333321
0.372144637757
0.814549446
1.30990563293
1.61939966005
1.60767172431
1.29799562423
0.84988288059
0.476737690703
0.347068626588
0.515779973884
0.912771949128
1.38592000127
1.77037754845
1.94806692922
1.87243762411
1.55607215261
1.03917235741
0.364211157832
-0.426887449206
-1.27529448388
-2.08618863053
-2.73044276173
-3.07783071307
-3.05190635228
-2.67939246959
-2.10387571438
-1.5481625435
-1.23515694318
-1.30018379026
-1.73534627518
-2.393493415
-3.05138498726
-3.50274586788
-3.6372356628
-3.46896631156
-3.10445167228
-2.67109110578
-2.24688824349
-1.82952962162
-1.35956643295
-0.781083805035
-0.101396073483
0.588466291973
1.14797310136
1.45864386149
1.49132353355
1.32674099396
1.11159181352
0.970042408521
0.920096284965
0.847488352273
0.561994273675
-0.0850257655111
-1.08283825479
-2.2141508881
-3.11983426325
-3.45945410407
-3.09467051389
-2.19777817765
-1.21275307352
-0.664161582333
-0.889478422216
-1.8220571774
-2.94479406199
-3.46510659227
-2.65832024131
-0.237064361333
3.4254878597
7.3405392468
10.2259391031
10.98850851
9.16786824985
5.148097036
0.0368207183602
-3.9150285617850784
-6.339576072596174
-6.688194305077062
-5.212355908030503
-2.780076032405887
-0.454023483585118
0.9720120534971386
1.2718130617360544
0.799343937184
-0.577440823709
-1.43009387333
-1.5143446944
-1.05564647668
-0.58872413926
-0.634737689045
-1.38933770949
-2.58624524449
-3.60955420489
-3.80035787695
-2.80367023562
-0.779608519193
1.63094077689
3.57482395763
4.36241813794
3.77119195325
2.13328024333
0.169026205585
-1.34889431149
-1.93715409288
-1.58830803805
-0.722308703696
0.0595022215264
0.286026852961
-0.163422897816
-1.03325263402
-1.85928011071
-2.23078842858
-2.00456020742
-1.36106395596
-0.681838278598
-0.323928781472
-0.420356256619
-0.81740694015
-1.18084287533
-1.20726484778
-0.816505985464
-0.20984445591
0.246628811474
0.253678587861
-0.205452018883
-0.797512132959
-0.978157918182
-0.283488605511
1.37128422928
3.55143836575
5.41836447276
6.07346822055
4.98119138821
2.26801441835
-1.26023132883
-4.41280157578
-6.10044856292
-5.79576232443
-3.75358220041
-0.885730180387
1.6537906044
2.97946094947
2.84173112129
1.68248515483
0.361964883028
-0.299485071561
0.0668891950062
1.21762851872
2.46251546381
3.06409562739
2.65895418276
1.47635094908
0.233357859162
-0.246427550046
0.503878709792
2.2943863472
4.31189575462
5.49139183356
5.05476326152
2.95002047248
-0.0406599378022
-2.60222900004
-3.47572955898
-2.06457383199
1.23454778009
5.14942108153
8.06439423066
8.73431506235
6.85454261982
3.219701858
-0.610842435585
-2.99623627171
-2.93969264242
-0.528904879163
3.10622774757
6.2959072338
7.56214439924
6.24939707477
2.7763892634
-1.5905020882
-5.32312194629
-7.29971223296
-7.25234302946
-5.80383781356
-4.09996874591
-3.22730212433
-3.69611937914
-5.22434067425
-6.90830416945
-7.68377001678
-6.85131819629
-4.42121592633
-1.12683264315
1.88659622273
3.54548635879
3.28351655754
1.24464914375
0.44366244911803676
-0.346786248473
-2.46745639203
-3.21058571379
-2.64045979619
-1.22644732834
0.411008821313
1.75507998354
2.54284025619
2.77350491329
2.60936691166
2.24577788638
1.82193003438
1.40370311795
1.02100433186
0.713149895336
0.540633483886
0.553103595044
0.739491551771
1.0035334719
1.1952161222
1.19323015476
0.996666539219
0.76897057801
0.794981695979
1.35560889836
2.57193439079
4.29539589791
6.10769314481
7.44686935064
7.81629773151
6.99016521058
5.12449043368
2.72047631129
0.450432718857
-1.08347451782
-1.55834402144
-1.02311789191
0.158393974137
1.48298835243
2.52290231493
3.08895476004
3.27826044526
3.39500214967
3.78586380975
4.66346838336
5.99053304704
7.4681937314
8.62904084102
8.99711147018
8.25683377202
6.37479555508
3.6374189303
0.594702972102
-2.07396832496
-3.73700979838
-3.98581343772
-2.76196359094
-0.398882806431
2.44167812834
4.93143541484
6.29881453408
6.05234103618
4.13447290486
0.950983985569
-2.74196540632
-6.06266942749
-8.26861219296
-8.971743351
-8.23102532262
-6.49396816702
-4.41538702886
-2.6264923173
-1.54191110978
-1.2707057416
-1.65018206723
-2.36982164235
-3.11983660867
-3.69805366433
-4.03803167363
-4.1644245652
-4.11674046691
-3.89305362563
-3.44737378002
-2.73931124646
-1.80194368154
-0.781163555258
0.0859574578363
0.552756859634
0.468756178063
-0.143234191573
-1.0811355832
-2.03777972114
-2.7244846921
-2.98746571767
-2.86230836336
-2.54085738931
-2.2671708465
-2.21364339873
-2.39775433067
-2.67938769267
-2.83850039976
-2.69311914274
-2.19803613458
-1.47477934615
-0.758127493138
-0.286101996545
-0.188160201764
-0.426556572854
-0.818786319261
-1.12857013205
-1.17935814336
-0.934375831636
-0.505282672095
-0.0879330292227
0.140121839569
0.107958748063
-0.118008971409
-0.373899688733
-0.485808396239
-0.358764359101
-0.0222837547868
0.38841255068
0.702680908316
0.797628610133
0.650957261442
0.338577743855
-0.0170051100092
-0.314970597053
-0.520717650727
-0.66135469104
-0.776572766068
-0.857188571086
-0.813701310074
-0.502780291575
0.19277584238
1.26856663354
2.54158093076
3.67361505044
4.28061818244
4.08929911038
3.07256018306
1.49645560005
-0.154378393068
-1.35252102056
-1.73628486291
-1.2625707143
-0.235028646728
0.810005438727
1.31600257951
0.929729323079
-0.357649349877
-2.21037080411
-4.08696925526
-5.45749155938
-6.00668902259
-5.74003536165
-4.95423427621
-4.09335948235
-3.55908418924
-3.55825685534
-4.04850862031
-4.79485024459
-5.50028443795
-5.94399235767
-6.06364645543
-5.95022850974
-5.76769530362
-5.64466984709
-5.59537158731
-5.50912376601
-5.21211717078
-4.56947000473
-3.57668331376
-2.39522492192
-1.31322568438
-0.646063748445
-0.617467470191
-1.26903114462
-2.43317191146
-3.77879075962
-4.91193821102
-5.49608849927
-5.35319077819
-4.51605839334
-3.21918353039
-1.832342979
-0.755115626905
-0.299160329274
-0.588791559634
-1.50872412968
-2.71956813208
-3.74573559829
-4.11845166439
-3.53430597741
-1.9763103005
0.251571495124
2.60074510215
4.44986797139
5.31689223803
5.03305039952
3.80800733885
2.15397764826
0.692744245766
-0.0802253234616
0.020834094748
0.816912394155
1.85936383095
2.63191128246
2.76926711055
2.19597460368
1.12752817405
-0.0586236853302
-1.01318033895
-1.56997756563
-1.79050594358
-1.88160568397
-2.03752110491
-2.29860680564
-2.51111490662
-2.41780947948
-1.83466800271
-0.813817684778
0.311327328114
1.04915499487
1.0034402083
0.140521172317
-1.07415136359
-1.76967974437
-0.991436401447
1.86513721624
6.6953534168
12.5764550795
17.9901707131
21.3171828019
21.4198525742
18.0795589444
12.1054334662
5.06312198442
-1.0612412810981056
-5.094017196746407
-6.468070966883545
-5.523337620007254
-3.2549266281317983
-0.8511991370697558
0.7696947130053502
1.2363874388764629
0.726831845452935
-0.25936830558552515
-1.2169050204471716
-1.8752326417413627
-2.2586083234874934
-2.5652736020070677
-2.960265200501297
-3.4142968483524925
-3.6860087841954225
-3.4586378902115484
-2.5523912492796086
-1.0884739954269236
0.4965565250229673
1.6091195553722883
1.7602010374535837
0.8028758573594104
-0.9744355736069963
-2.95024339671
-4.64418759672
-5.34112320156
-4.93999694742
-3.73783278952
-2.26082121851
-1.01280841093
-0.266761852054
0.00492808943328
0.0418806364801
0.111608521106
0.33771768761
0.634268491746
0.77650922584
0.56054703718
-0.0447925475972
-0.84523522471
-1.50211774857
-1.70541785265
-1.34292831276
-0.568542671356
0.274015466298
0.83590123763
0.957309980675
0.761528195663
0.589061074885
0.797647334619
1.53060003445
2.58155727148
3.44174858641
3.5247662957
2.4688277717
0.367048899441
-2.19954267094
-4.36203990938
-5.31965810071
-4.69365684329
-2.7133210684
-0.139877201701
2.04684647661
3.06392165258
2.65867017269
1.21105009512
-0.439941841007
-1.36720695014
-0.958710566616
0.822819602521
3.43140696681
5.97521242363
7.58878710901
7.7774736391
6.59299832427
4.57984765134
2.53167436725
1.17108392343
0.885696313212
1.61635966817
2.92252746519
4.17914536833
4.81749980242
4.52072116862
3.31538942919
1.54480402056
-0.25238638022
-1.51314502201
-1.82117268808
-1.03521164803
0.65714274348
2.77723454709
4.68228862799
5.75401345767
5.5961949535
4.1745278211
1.8407465762
-0.781060888692
-3.01467290576
-4.377964415
-4.75445120038
-4.41323891303
-3.86304644605
-3.60149156972
-3.87341495333
-4.55335034644
-5.2122258734
-5.34020325379
-4.61833167535
-3.10219505857
-1.21917023681
0.428208163152
1.36049444376
1.47108605942
1.09383701552
0.841492257881
1.28407126867
2.62386157851
4.5358507641
6.26865790188
6.9742507805
6.11670680337
3.76139701575
0.594426137448
-2.35186410368
-4.14781347276
-4.3799511704
-3.32934435142
-1.82393279376
-0.830740404491
-0.982173131949
-2.26634429054
-4.03477460071
-5.32741005084
-5.35891651278
-3.92844985928
-1.54892631571
0.773800403909
2.01117581496
1.60766444617
-0.237680500364
-2.64324179991
-4.44186643494
-4.71938221814
-3.24361878506
-0.584626500703
2.12824659873
3.69859411675
3.37905211758
1.18154453097
-2.14659785489
-5.45338437774
-7.65785172091
-8.15632458263
-6.99367584806
-4.75388235611
-2.25329424949
-0.196931067752
1.04841792475
1.48836157125
1.3695646375
0.984484566472
0.525338586418
0.0510947963315
-0.445134872522
-0.939087782609
-1.32806855422
-1.47067696576
-1.28655047642
-0.843098067444
-0.357435809112
-0.0910471389004
-0.184028952612
-0.523901967155
-0.739798661819
-0.353709691935
0.965059551762
3.16249746377
5.7088538984
7.72488029562
8.29552689733
6.84672231005
3.42025976933
1.883383362686061
0.21413892085237762
-0.397881521065
-2.41476531321
-2.35707373595
-0.673872273038
1.76443421817
4.01565201545
5.39128870826
5.63387765218
4.90097910694
3.59960220219
2.1712825933
0.92968736426
0.00621589294799
-0.60548106852
-0.962361791136
-1.1063727866
-1.054709045
-0.835302553153
-0.525412489879
-0.251574947135
-0.139248440635
-0.239782114238
-0.484780643892
-0.707730169147
-0.734070338901
-0.495995080075
-0.104799003156
0.17163056026
0.03020236915
-0.700205685727
-1.93266347419
-3.31291857417
-4.34838744423
-4.62526228809
-4.01192536053
-2.74434646006
-1.34077921459
-0.375625784197
-0.215052756664
-0.841964938286
-1.8600774037
-2.68226943472
-2.81765925902
-2.11997849152
-0.873909760781
0.328889409865
0.871538413633
0.420926859336
-0.883548472288
-2.45586256808
-3.49960185073
-3.35264745238
-1.78750926655
0.866202875972
3.83107827844
6.17461095806
7.15905219153
6.50275932876
4.4523998668
1.65109838972
0.19019651920541492
-0.6204550067247396
-0.484385833642
-0.632702476467
-0.205636006822
0.419100912701
0.955730160452
1.28873408794
1.45493980751
1.56160564471
1.69594144614
1.87400858861
2.04731426458
2.15168654933
2.16262576355
2.12258874702
2.12491860192
2.26423943016
2.58069084606
3.02753711325
3.47920195095
3.77729794885
3.79546826447
3.49670251673
2.96067403938
2.3702317257
1.96008202445
1.94232920233
2.43047758857
3.38507840398
4.60037290938
5.74201388588
6.43187567977
6.35969429865
5.38796795434
3.61260482559
1.35179044939
-0.941209257635
-2.81644248022
-3.96894120819
-4.33024975989
-4.07336420559
-3.52880235762
-3.04670032642
-2.86300102344
-3.02540161977
-3.40691833428
-3.79430625392
-4.00451764029
-3.97153902697
-3.76363727986
-3.52818973094
-3.39872829724
-3.41715019024
-3.51372794866
-3.55425135787
-3.42545505902
-3.10785605977
-2.69181201636
-2.32497313039
-2.1198314058
-2.07593468204
-2.06682909744
-1.90747552072
-1.4711769263
-0.791606328379
-0.0855516296235
0.331252502849
0.206072225799
-0.487920433186
-1.47650442622
-2.25191595457
-2.27160748503
-1.20927820434
0.855582235424
3.40551912127
5.64084992653
6.76985245097
6.31638724155
4.31543425819
1.31261704768
-1.8327786669
-4.25853753767
-5.39582900847
-5.13479069517
-3.80464688957
-1.99480278094
-0.306544120781
0.856741987288
1.38366503632
1.41682556427
1.22566189637
1.06370455234
1.07518961404
1.27826595078
1.60861261944
1.9814158429
2.33217412492
2.62151790085
2.81800956932
2.88705671965
2.80548475182
2.59682730815
2.35930941936
2.25378875822
2.43848973872
2.9716885327
3.73237136467
4.4128207702
4.60914488831
3.98693180086
2.45391372628
0.255233363
-2.06782625211
-3.85624989254
-4.5840633869
-4.07657180879
-2.59788405922
-0.762713650351
0.696123655092
1.20867529105
0.579387684956
-0.957785269509
-2.85828474533
-4.50192320123
-5.43900863829
-5.5445098716
-5.02447039768
-4.28731866668
-3.74952384896
-3.66521883615
-4.04724805616
-4.69750965954
-5.31402450819
-5.61496252615
-5.42565069044
-4.70523293625
-3.52511745723
-2.03155287022
-0.420504279811
1.06944698882
2.16437653599
2.58898414958
2.13951389148
0.778516498601
-1.29220688706
-3.62973073064
-5.64547924103
-6.78098916339
-6.70387550563
-5.44399221495
-3.40583316
-1.24084774662
0.377804268013
0.992283375508
0.515808333612
-0.753352084295
-2.2618685554
-3.41950595349
-3.81677080624
-3.3585983692
-2.26944392701
-0.978852406642
0.0583041077144
0.533658098382
0.387397970764
-0.188211212788
-0.834053088327
-1.15980841897
-0.881353105905
0.0817667591855
1.57313102975
3.23539774465
4.60399106644
5.2353625985
4.83888744863
3.37782991873
1.10759184896
-1.46841139052
-3.72296431239
-5.08003434914
-5.18875005341
-4.03764443749
-1.96541268896
0.441263802032
2.53078603363
3.78698881611
3.97581881313
3.1885704804
1.77319517803
0.188811083206
-1.15443788176
-2.00871192379
-2.32002210652
-2.18161029565
-1.74497559934
-1.13608815618
-0.412551557202
0.429083913148
1.41284721708
2.5393261161
3.76231285786
4.99280857215
6.11950314483
7.02797539739
7.60780996897
7.75151488595
7.36031951284
6.37053813822
4.79935257736
2.78919970216
0.618799595579
-0.7533747405219344
-1.5639737508758316
-1.6005292998632683
-0.8870810935401323
0.30310793684593307
1.5366568882828204
2.3840154380212795
2.59250806299346
2.1921499447809367
1.48351237792
0.199624187624
-0.557174560933
-0.609579621405
-0.0642030204038
0.748727392168
1.43307191477
1.70564311264
1.51182749801
1.02639807741
0.54515215383
0.325861936917
0.459318386271
0.832576734445
1.1974246502
1.30341445694
1.02409946868
0.412416074797
-0.338646935536
-1.00303329441
-1.43482527478
-1.62621338196
-1.68212207275
-1.73114634385
-1.82812578721
-1.90765697852
-1.81806075622
-1.41837355171
-0.683030071891
0.248462359465
1.11149069057
1.6317068548
1.65836791449
1.2447505885
0.629479965791
0.123439399089
-0.0427355788181
0.167219601473
0.57953144564
0.903337619185
0.885940427299
0.450629957666
-0.255063690631
-0.927550504629
-1.25881793289
-1.09511715176
-0.521877075724
0.168961216537
0.613648028354
0.546738331289
-0.0767362402162
-1.06471071902
-2.08076847644
-2.79571757511
-3.02158801006
-2.76575851086
-2.18834286547
-1.49728294493
-0.845097231504
-0.283824385244
0.204109535083
0.62876028345
0.927505529938
0.963145357925
0.597502935019
-0.196459395127
-1.25183941044
-2.21525315472
-2.66188270712
-2.2767839603
-1.0187756283
0.818400190271
2.68989170852
4.00249618231
4.35049168299
3.67804369107
2.29222029786
0.718834583694
0.4135161695055558
0.7012927965689357
1.5138061135459822
2.4984202340467903
3.2027316716379772
3.2976665532835767
2.7349533933670784
1.76986105197021
0.845881379047
-0.473801932983
-1.05842906777
-0.922546668219
-0.31486550924
0.410233961313
0.946228617644
1.14225889383
1.02517713262
0.741380179377
0.460312837675
0.291934766124
0.253403981996
0.288579256395
0.316487792255
0.275642382023
0.14208285889
-0.079450999713
-0.374384367042
-0.727516063575
-1.11481791171
-1.48734844155
-1.76668076394
-1.86604555411
-1.73360534164
-1.39528171503
-0.967647748156
-0.623271479942
-0.516776735521
-0.705464300881
-1.10772680936
-1.52779388781
-1.74217215921
-1.60857595535
-1.14177921356
-0.513669311382
0.0277344318423
0.282221666826
0.200561070545
-0.0894517336644
-0.35184166255
-0.373321664572
-0.0875257649595
0.376534034175
0.753762498424
0.785162697765
0.371160313156
-0.346742043054
-1.02611690768
-1.27438132264
-0.840112708625
0.250396266422
1.68350328907
2.98627073502
3.73387682357
3.73675018631
3.11628324581
2.23288090486
1.50387991123
1.2037742497
1.34678994352
1.70808278271
1.96734807644
1.89523236902
1.48183741325
0.938908383185
0.57594861429
0.619074071576
1.07324129876
1.70611406049
2.16656933841
2.17707114052
1.69636966804
0.960902229092
0.374901130372
0.299059643293
0.843875336424
1.77626275142
2.59413296787
2.74018008489
1.85561020781
-0.0467849521334
-2.57191476577
-5.09653404065
-7.01174890896
-7.93863588481
-7.82192971791
-6.8737344083
-5.41667974812
-3.72282160158
-1.93691610867
-0.116301985688
1.65320593297
3.15404145501
4.03038817584
3.90683237473
2.58345629451
0.203355759664
-0.04988728326540581
-0.0813620003071
-1.8557585235
-2.30980883061
-1.56092133667
-0.181295152478
1.05103003574
1.49653666633
0.936185169834
-0.341231231957
-1.68812116625
-2.41322418673
-2.11332084533
-0.864559803656
0.815439104451
2.21314392118
2.75198855603
2.25288301305
1.0009804155
-0.406716571304
-1.35255489435
-1.48394678242
-0.857224164732
0.122889548607
0.928933637721
1.18314119258
0.839861563073
0.1904701522
-0.306075866258
-0.277554723053
0.35174287277
1.30076171032
2.05110208095
2.08881661147
1.15359052031
-0.621350212245
-2.74243560432
-4.54571402864
-5.45806685445
-5.21678537981
-3.95847486802
-2.1487767442
-0.391911213893
0.79620470677
1.1618490357
0.775703579161
-0.0260565168848
-0.786113312437
-1.09583549985
-0.731848953246
0.279191011066
1.67884583757
3.06529739484
4.02316599482
4.25833007857
3.7002683228
2.53984774402
1.18403584676
0.131531056865
-0.198836879914
0.368765874477
1.67589788083
3.25662207654
4.48781115293
4.81763466236
3.98763889703
2.15633904428
-0.135346166931
-2.15405585463
-3.24957604632
-3.10503363086
-1.85611301732
-0.0264788858353
1.69480900579
2.73840186293
2.87818488258
2.29586529826
1.46040412203
0.879765816007
0.84054185388
1.25666596705
1.69883697633
1.59393225514
0.506090776493
-1.62668089238
-4.40795118186
-7.09199281638
-8.84494040543
-9.05247085171
-7.55102087271
-4.69395163634
-1.23313633122
1.93081339106
4.03037226502
4.64278388955
3.76662241726
1.75606298852
1.3497727066737326
0.909798158626657
0.852406473809
-0.820380233052
-1.86080891682
-2.35093277369
-2.41189474314
-2.15036952999
-1.64077083821
-0.936683889922
-0.0939621896931
0.81206486827
1.68474407543
2.41882371206
2.91994809086
3.1218475828
2.99574002221
2.55184248187
1.83677963313
0.931167699364
-0.0511174172318
-0.964712796576
-1.64149994002
-1.91224412855
-1.64308542264
-0.781625096524
0.600514505562
2.28672635849
3.93275561166
5.12976092653
5.50487507135
4.83401651892
3.13043125714
0.673362309318
-2.04317247534
-4.43490769158
-5.99030507507
-6.41893826007
-5.73319730498
-4.23298433011
-2.39827268382
-0.729065544051
0.408260208281
0.873625522209
0.7568155551
0.30072422507
-0.215944057934
-0.584984398465
-0.723997867281
-0.66842597292
-0.51768930614
-0.370100727667
-0.279176721461
-0.246051195128
-0.24039629714
-0.228396853106
-0.187832283062
-0.104505733116
0.0392515574637
0.266064797307
0.584609993678
0.957867397559
1.28231711175
1.4038709442
1.17931437856
0.563116421527
-0.3249824166
-1.19935290764
-1.69744744729
-1.53621525314
-0.671215247155
0.622371856755
1.80353156262
2.25275803099
1.5253392045
2.6211251786528607
2.8705703006727106
2.9906473239
0.680381242393
-0.461193469139
-0.362624784752
0.583888661941
1.71281228681
2.38942412287
2.28705978407
1.50958373827
0.505799904529
-0.176993476219
-0.176034151567
0.506945792911
1.51456154774
2.32115990341
2.49908464734
1.9266593624
0.833841661298
-0.33242816375
-1.1471866165
-1.42190827108
-1.28145885953
-1.06621905551
-1.11717714633
-1.56537159312
-2.24469713815
-2.77949087374
-2.80141891542
-2.17635815792
-1.11209111106
-0.0787983232741
0.424755990889
0.139540256785
-0.795852282505
-1.89009897574
-2.53442791147
-2.3133077792
-1.23021541307
0.2737561478
1.5265281276
1.95776251167
1.38969636493
0.135164879389
-1.1519266467
-1.80170476982
-1.46538316616
-0.292494014692
1.14273049865
2.12830468221
2.16755988311
1.21773872079
-0.305808909547
-1.75664248118
-2.59154044963
-2.63370814556
-2.12726022106
-1.5596797026
-1.3555682411
-1.6154916339
-2.04926112657
-2.14570311893
-1.48823409774
-0.0397715815196
1.76985595733
3.21812231454
3.64715224532
2.81982092056
1.08025297264
-0.780394883248
-1.89879799924
-1.76990696994
-0.510132626196
1.19049864861
2.41299817641
2.48080617556
1.31651759388
-0.504275303568
-2.03721497354
-2.45172086414
-1.46642188044
0.487615682273
2.46313114079
3.454717986
2.88523986804
0.872278550429
3.000193614334023
5.354035974350921
8.615245913676503
12.884457547634483
17.6924906297
16.0453974773
13.7240323803
10.7659216978
7.75432262091
5.49459251521
4.53405497069
4.796291606
5.54860620996
5.74390396336
4.56844464512
1.89994498046
-1.58858035288
-4.76296895766
-6.64387378722
-6.97830043979
-6.43907390157
-6.30504296538
-7.75213441463
-11.1156826309
-15.5383992083
-19.251215493
-20.4159003103
-18.1447049094
-13.1696936451
-7.75380155183
-4.7799152989
-6.36802819188
-12.6507324187
-21.3322648128
-28.3446611735
-29.4239086814
-21.9820051819
-6.46234774656
13.4607797458
32.0047014062
43.3200082442
43.6385510262
32.6516994401
13.5594925144
-4.599586018014875
-19.840190456687395
-28.37805791490328
-29.35579593309737
-24.710120947857916
-17.95622561421203
-12.498131128330485
-10.22462460029135
-10.95873495987702
-12.902063012745415
-13.760785087433632
-11.964547256778701
-7.404301797383852
-1.391190470807544
4.071644722316691
7.298418637221602
7.707310128563449
6.027198150987516
3.870701277918613
2.92412350303
2.08566797551
3.3211821732
5.57925115814
7.45329742973
7.87689509972
6.59600075587
4.21615197515
1.84157961855
0.51414843273
0.734583609214
2.28187846542
4.38444141941
6.12544150706
6.86760905202
6.49810545142
5.40228976534
4.2138244433
3.48740552993
3.45678795317
3.97736058736
4.65068711364
5.04306824906
4.88065350848
4.13598052812
2.98912679648
1.71062118333
0.54101361872
-0.37441540952
-0.981150355365
-1.26883329367
-1.22768017805
-0.839934937112
-0.107684112311
0.908318623779
2.07051303474
3.18312297732
4.03847863577
4.46532092821
4.35582720103
3.6670383126
2.41334536288
0.673437548396
-1.37926589532
-3.44115048406
-5.0779808506
-5.79703805943
-5.19729577753
-3.15476813356
0.0380727415475
3.6624581966
6.73408473998
8.30207194119
7.78287767005
5.19422214583
1.18211202492
-3.18563634353
-6.78738155665
-8.83341339969
-9.11534403809
-8.02246077706
-6.32832056622
-4.8477940272
-4.11475819321
-4.21235487844
-4.81220036664
-5.38343194646
-5.46184642719
-4.85428368933
-3.6963678159
-2.35760155687
-1.2578074432
-0.690446740688
-0.730612389661
-1.25299767869
-2.0282415167
-2.83406394046
-3.52374969879
-4.03041513044
-4.32745102467
-4.38880515155
-4.18534052323
-3.72217297001
-3.08749447701
-2.46825984423
-2.10294003545
-2.1790067466
-2.72150359162
-3.53547313405
-4.24694734437
-4.44120478566
-3.84559940542
-2.47451403348
-0.663161637354
1.03688553723
2.06517733617
2.07853841563
1.09949767699
-0.478182516367
-2.03169886346
-2.94189080073
-2.82289756019
-1.65948509223
0.196584346006
2.16229680358
3.63327678696
4.18797238634
3.71677707594
2.44071355049
0.825073185975
-0.574897044947
-1.2850273314
-1.0517474369
0.0841342233833
1.79547658999
3.55645132015
4.79011169114
5.04024103215
4.1203649307
2.19156589066
-0.264835835728
-2.58312309709
-4.12199134983
-4.47821973236
-3.6268217333
-1.93008812258
-0.00537658373679
1.50217968097
2.15493078913
1.87285689365
0.939447927686
-0.135393437404
-0.833605169469
-0.833416986583
-0.11465250032
1.0726130172
2.3500683279
3.38885593363
4.03631268736
4.33560860142
4.43884656242
4.46863026064
4.40823246168
4.0840905061
3.25500686655
1.76513192696
-0.318542982021
-2.66037259594
-4.73660765597
-6.01692833529
-6.17185693012
-5.2153926206
-3.5182452375
-1.68245694753
-0.327401353087
0.12646821277
-0.408524214887
-1.68311501292
-3.22910942842
-4.54432788276
-5.26823696866
-5.28396985684
-4.7188793648
-3.85869829663
-3.02128517034
-2.44386268796
-2.22291283927
-2.31820469309
-2.60527499833
-2.94492228777
-3.23809167491
-3.44700286988
-3.58116223935
-3.6621039572
-3.68799873837
-3.61718123847
-3.3801108258
-2.91627512707
-2.2207028074
-1.37826919516
-0.565705740617
-0.011712066745
0.077744992046
-0.395313251803
-1.35954867442
-2.56839041602
-3.66311783291
-4.29074822792
-4.23583313686
-3.5124257628
-2.37206903975
-1.21488595196
-0.432310547842
-0.243574908158
-0.596968213379
-1.18410002127
-1.56835628411
-1.37724866949
-0.476184350372
0.955187571446
2.48282895685
3.5932713005
3.90985869073
3.35568878755
2.19054136986
0.904489354162
0.0147081953168
-0.145211701327
0.447846050469
1.51535155664
2.61173257434
3.31963392676
3.41751731473
2.94946309169
2.17598176755
1.43960826208
1.01376965515
1.00304026215
1.33071251854
1.80432424626
2.2150926007
2.41933367775
2.369698085
2.09743090879
1.67362350941
1.18268040123
0.723688793194
0.427704131773
0.46007454971
0.980648587621
2.06114915826
3.59364452781
5.24541746022
6.50735577848
6.84429796612
5.90311371384
3.69434580914
0.659221113023
-2.42719883186
-4.69827649259
-5.4985621508
-4.62856580659
-2.43008080838
0.327087204063
2.7152294958
3.97016949666
3.73995100376
2.17061856332
-0.191215439004
-2.62553590579
-4.49670784986
-5.44262391103
-5.43684655724
-4.72472633869
-3.68379666545
-2.67764456176
-1.95756477589
-1.6309383582
-1.68074673654
-2.00429861578
-2.44581422109
-2.81794658593
-2.9254550155
-2.60696285125
-1.79584282115
-0.57870585013
0.784291829497
1.90678573183
2.39304692417
1.98964304618
0.711060562637
-1.12132686303
-2.95730733846
-4.1946933901
-4.39182216873
-3.43267422513
-1.57731895592
0.624333051714
2.52245464585
3.58723297854
3.57603574375
2.59001293145
1.00879392376
-0.661140296796
-1.96080663807
-2.61226473082
-2.57212483644
-2.00078438379
-1.17316331977
-0.371156995693
0.204875019971
0.482778949553
0.51809336409
0.454720357013
0.462810870011
0.672764297176
1.12428571728
1.74690304235
2.38160845062
2.84111150267
2.99051751912
2.81717445821
2.45596399679
2.14961907839
2.15059127491
2.60101645478
3.44533067283
4.42395988403
5.16460583755
5.34180226974
4.83692835714
3.82066664819
2.70735447012
1.98705586324
2.00177991194
2.76724616922
3.93065826963
4.89868571704
5.09150379434
4.2145921962
2.42241323176
0.289192348373
-1.41375425424
-2.04478997933
-1.38024956461
0.267803560105
2.16419481007
3.45095467288
3.5066387745
2.20682963094
-0.0295868726396
-2.42836352594
-4.19712238996
-4.86072625666
-4.44645376576
-3.44069418538
-2.54326109993
-2.33576201422
-3.01570625541
-4.31347888667
-5.62285123211
-6.27863685641
-5.85217757903
-4.33378277879
-2.128755244
0.11924367191
1.7885944377
2.50545501689
2.24280585503
1.2666508676
-0.0252802119886
-1.2838798575
-2.32282905378
-3.1251539218
-3.76010639457
-4.27239449415
-4.61354893427
-4.65523403966
-4.27446396914
-3.45817578783
-2.36181515204
-1.27987147577
-0.533232442103
-0.324305510894
-0.632051640353
-1.20390910213
-1.65675743397
-1.64611349332
-1.02747388418
0.0662917156365
1.27142035453
2.14741218786
2.3723876269
1.89210726367
0.953468317953
0.0034125364777
-0.505972548443
-0.322382106736
0.482355447233
1.5262433267
2.26835796892
2.23680174621
1.23820142832
-0.540905817135
-2.58668259201
-4.24658892708
-4.97879118465
-4.56098178829
-3.17325305543
-1.32151377399
0.366084247949
1.38493446195
1.54071609664
1.00212709344
0.202399191494
-0.363332625326
-0.354683856957
0.276751173845
1.28563020271
2.26142972709
2.82480973403
2.80118656539
2.29435564891
1.63100116599
1.20675246391
1.30817197446
1.99270194428
3.0775363707
4.23451226077
5.1380507196
5.59123259353
5.57130784835
5.1811451967
4.54358213958
3.70503207034
2.60764323797
1.14936233353
0.7293357277818302
0.06087521953456587
-0.517022974819
-2.05938448869
-2.68227993596
-2.24311356513
-0.933823070291
0.76231264306
2.24370127196
3.02212455187
2.91019221173
2.07881554674
0.958252295677
0.0297391599284
-0.393432808514
-0.292172743376
0.0822108803486
0.365328486287
0.288330770365
-0.169247856109
-0.761054289853
-1.10069843997
-0.870969385149
-0.00994549748283
1.22207970587
2.33370845032
2.81349506781
2.36385790095
1.0483489654
-0.717370725129
-2.32813378087
-3.23282033982
-3.15162291579
-2.17533162857
-0.711091781027
0.692419914886
1.55888552749
1.6476514485
1.00879828734
-0.0747620045787
-1.21607165205
-2.06162807368
-2.38682010431
-2.12968184363
-1.37442746965
-0.311009217714
0.808538430771
1.71281406443
2.16119142856
2.00722694855
1.26426670304
0.143147360778
-0.973084753428
-1.63396249028
-1.48503984772
-0.431045305936
1.2764755806
3.08259516129
4.30715137234
4.39884101666
3.16389181524
0.868678452495
-1.83641962796
-4.1488445608
-5.4090227392
-5.33671586498
-4.11127073739
-2.26734160981
-0.458680421776
0.802001499326
1.31463668914
1.20953548042
0.820575911352
0.488801093705
0.397077275074
0.512000816175
0.649355872566
0.615626585755
0.342318739582
-0.0613939877299
-0.365522220461
-0.354218479326
0.0337990349338
0.635120025515
1.10238252596
1.04176652339
0.186409744767
0.9029041682980079
1.0991758877362088
1.267129401782384
1.94630117387
0.900110884557
0.918265393255
1.83831770796
3.24194483054
4.57927098416
5.32656514886
5.13466357712
3.93140967403
1.95164553762
-0.318393789725
-2.27723624571
-3.39612640705
-3.4057731526
-2.41526092064
-0.905920169856
0.419318484401
0.893271918791
0.156593960381
-1.67046976523
-4.00508057916
-6.02249107219
-7.00276989483
-6.65686568312
-5.27751643888
-3.62649305864
-2.58658016096
-2.72325582494
-3.95996750565
-5.53712216049
-6.30542265943
-5.24876443404
-2.01237764055
2.8113401769
7.79525311104
11.1729445313
11.5266490298
8.37926687889
2.43075456028
-0.466017207457071
-2.54071884119
-6.10768563857
-6.66576455012
-4.71201938477
-1.5524584315
1.29854445822
2.74490417582
2.49322600822
1.05126072752
-0.621307548601
-1.61870377427
-1.50595456989
-0.464310467439
0.873951272522
1.79020045965
1.84751520232
1.08258187983
-0.0556930383333
-0.966365472997
-1.2073789418
-0.697361506221
0.282046149795
1.26432088917
1.8474190858
1.87909128587
1.4896139752
0.97284591074
0.597925972326
0.464034256772
0.47642880342
0.446255311525
0.243997828229
-0.0921210163711
-0.361204088634
-0.316499456364
0.176309761514
1.0365653677
1.98831558339
2.69745129657
2.95070222111
2.77208289756
2.40411222675
2.15762946718
2.21299432234
2.49105326297
2.68091813948
2.42646722207
1.57901083747
0.372621838249
-0.596245980857
-0.608932430536
0.80975147143
3.57556618374
6.9510589245
9.75414054715
10.8074875014
9.4438028356
5.83928816323
1.01129947053
-3.53935973376
-6.40126776745
-6.79974048387
-4.88518006405
-1.64130391351
1.54142304633
3.43758056809
3.45716799131
1.82160547111
-0.610962543977
-2.77247971571
-3.86235648412
-3.66595064207
-2.58941382973
-1.41939515888
-0.934924165318
-1.55173450005
-3.14885893218
-5.1350562912
-6.70551449405
-7.16571311024
-6.1869524398
-3.90371583167
-0.838376935248
2.29313852653
4.80752414565
6.23250576019
6.39376838528
5.40833362766
3.61083300362
1.4475057887
-0.63367018008
-2.27849611569
-3.29519071223
-3.68426027584
-3.61923475323
-3.37680846773
-3.23200335287
-3.3521444678
-3.73135076266
-4.19656183008
-4.48790356489
-4.38210812739
-3.80476361133
-2.87862441659
-1.88265889262
-1.13793219363
-0.871692493339
-1.12219313959
-1.72765478557
-2.40254163703
-2.86305547047
-2.94201516746
-2.64148214403
-2.10452912565
-1.52779788209
-1.06328387668
-0.758327379461
-0.558566284236
-0.363944826703
-0.101670469024
0.22466124777
0.533185603846
0.704667058457
0.639706830837
0.301302719414
-0.274634509457
-0.996800850538
-1.74499452703
-2.38703378406
-2.78210020277
-2.78390054518
-2.26359102182
-1.16113921958
0.45020133398
2.32322868728
4.05962023778
5.21266541978
5.44522664788
4.68027710347
3.16953900009
1.4319098059
0.0697338754012
-0.468069216136
-0.0729277548375
0.975898725643
2.13357920491
2.83321347893
2.74180060104
1.90947361592
0.740089984282
-0.204684403798
-0.475268025014
0.0511981147153
1.11448484411
2.19905522217
2.78164632903
2.57599610521
1.65497560091
0.393075733483
-0.22403829479883086
-0.3818305681378291
-0.05616497866060399
0.47865109464821387
0.811954562585683
0.6287205382660943
-0.11062127803157296
-1.1361429521296742
-1.99716433607
-2.79547886044
-2.86011961053
-2.35215692634
-1.66786749725
-1.23334225266
-1.2880617907
-1.76876560693
-2.35205622118
-2.63195385323
-2.3397700114
-1.49326610819
-0.399579942461
0.488587132954
0.790581182626
0.381454604353
-0.546113836642
-1.56700173315
-2.20967060391
-2.15212754616
-1.33957389068
0.0195516736047
1.56134528293
2.9152182237
3.82279650907
4.18429775714
4.03440662193
3.48415321475
2.67181427315
1.7449039568
0.864001279359
0.19973737398
-0.0999915389177
0.0313240112179
0.527247793203
1.186351148
1.74154191029
1.98084755585
1.86099642914
1.54544835118
1.3294218136
1.47409425639
2.0294882471
2.7464855537
3.14532424275
2.73181393543
1.26992905485
-1.02511186941
-3.48705123277
-5.22135774958
-5.47084062087
-3.96498929378
-1.08707992135
2.23242983575
4.86401807864
5.92230879041
5.1096710449
2.80870961894
-0.112382157355
-2.68528163474
-4.23651253029
-4.6139966776
-4.15582499682
-3.44016736532
-2.95850093561
-2.88174304691
-3.02925194217
-3.03766941902
-2.62064948204
-1.76698884642
-0.764899790743
-0.0406858039111
0.0944624518374
-0.35704927554
-1.05349275979
-1.48412407421
-1.2491054962
-0.297867954844
1.00879997909
2.05706580844
2.28539297205
1.48165868943
-0.0847610987936
-1.77129344047
-2.86302715752
-2.91740388214
-1.97861505062
-0.551935292538
0.650180953176
1.06217442503
0.540787741075
-0.576104004251
-1.65382366802
-2.09096243099
-1.62503010204
-0.458959691878
0.851767314386
1.68800782386
1.68009693958
0.885289547415
-0.255956806357
-1.15378587971
-1.3649376604
-0.796004403661
0.285938216627
1.42936661487
2.25589430456
2.65453574664
2.80741536708
3.03782744488
3.57129378364
4.34941683704
5.00847041841
5.04505983644
4.08819856476
2.1361364969
-0.370066836163
-2.68306864624
-4.03684998554
-3.95111911524
-2.41192102911
0.147977890158
3.04601668729
5.61904523496
7.43611798162
8.36950384074
8.52130629259
8.07803999324
7.19225066038
5.95734201524
4.47212820496
2.9286350203
1.63880237362
0.954221317475
1.10515529698
2.04704942162
3.41496142123
4.6370535206
5.17165854673
4.756434892
3.53804770317
2.00310834624
0.732250443614
0.0965570406492
0.0549838040395
0.167355466547
-0.17142423497
-1.38904523692
-3.46351529441
-5.87257349383
-7.80753719028
-8.55672601562
-7.86872859424
-6.10566263548
-4.09560673296
-2.74416433694
-2.59148042978
-3.53677332503
-4.87602557815
-5.64539236283
-5.10881911281
-3.15128320598
-0.379488059097
2.12838853039
3.31142865392
2.62316015931
0.301050155174
-2.7196518373
-5.20679560891
-6.15923668415
-5.21986629392
-2.79370004356
0.165096901326
2.58004943004
3.68725442312
3.28717454652
1.72586475499
-0.346593581564
-2.29487504991
-3.73355195354
-4.58456613886
-4.96926662383
-5.03312788371
-4.82257297662
-4.28425665328
-3.37122992861
-2.16994966707
-0.948239280921
-0.0741043310022
0.161518369878
-0.281694400337
-1.13278398727
-1.91469675797
-2.17602352611
-1.73300225312
-0.788669257904
0.147575222579
0.5141432468
0.00404046043353
-1.23323179756
-2.60758697254
-3.32976496233
-2.77254391479
-0.782371122371
2.20882261456
5.3287460212
7.6030837561
8.33448834794
7.35554823233
5.05405998829
2.17808614286
-0.473703527794
-2.33077725777
-3.18563535386
-3.1547591097
-2.52221890765
-1.56874461614
-0.475451827373
0.667811508093
1.78673263681
2.75293576826
3.38100983463
3.50164692409
3.06456409953
2.19922895081
1.18213468873
0.314616334916
0.10490614676325549
0.17505244366445538
0.280477029040199
0.11154494525902692
-0.5255510745000862
-1.5782277263485298
-2.7411890402048726
-3.5834866708196103
-3.7463944402273484
-3.110560355088623
-1.84679455701594
-0.32740573662272254
1.0502113490042717
2.0306609887043123
2.57073297034664
2.7840786584539927
2.8064067428583
2.6741684643146755
2.300659031103436
1.5720712517606614
0.506938892448
-1.43728649466
-2.9562678868
-3.50990284252
-2.78199547217
-0.899492117836
1.53064809137
3.6181515156
4.55217841465
3.96741549838
2.13247645955
-0.145995701014
-1.87530861189
-2.32752542014
-1.37537020184
0.451988893354
2.2254031992
3.06344825532
2.5540644494
0.943295750763
-1.00175912995
-2.38714165419
-2.64647066853
-1.82856509747
-0.574790090093
0.201861969066
7.88034245901
6.44075375133
4.0977978764
1.74921982767
0.291491208537
0.204171176394
1.34708254888
3.06288010459
4.52362198002
5.14079765544
4.83284623684
4.02263982692
3.37714894652
3.43035790808
4.28412504814
5.53594876213
6.46434138362
6.37394903455
4.92827442145
2.31199597584
-0.844650604061
-3.72980037607
-5.66849288746
-6.34995037406
-5.8770142493
-4.64524249583
-3.1371164373
-1.74106989893
-0.670103196897
0.0129014849151
0.315122444546
0.249534475019
-0.17042184429
-0.885496348113
-1.74366142246
-2.50485455277
-2.91659560041
-2.82947227039
-2.28794358648
-1.53760818901
-0.933570035768
-0.790777700556
-1.25241287256
-2.24438855497
-3.53608452918
-4.86716711277
-6.06364651073
-7.07599627086
-7.9234319229
-8.59071311361
-8.95813319965
-8.82790440664
-8.04804014248
-6.66402205035
-4.99400864077
-3.55220607347
-2.82802889096
-3.02191656624
-3.88620687822
-4.78546100831
-4.98298593598
-4.03123264511
-2.06479204987
0.182081280579
1.68534563097
1.64806183632
-0.0255133830053
-2.55920796616
-4.57055749246
-4.69234835586
-2.27415371896
2.18535751205
7.12560531866
10.5448077417
10.903236599
7.89586206469
2.71087078964
-2.38951590345
-5.01581426285
-3.71633925139
1.32494009709
8.29212468339
14.4633246553
17.3482835951
15.7352144606
10.1837584932
2.75388802424
-3.89256551362
-7.60367834504
-7.56855683523
-4.52307673494
-0.285534260813
3.1188643769
4.32124296269
3.08031493456
0.198953876045
-2.543168680494688
-4.43599897986
-5.27951363033
-4.90002942532
-3.91662550349
-2.97080185555
-2.39608698576
-2.14347557286
-1.95481753645
-1.6317584351
-1.20833235071
-0.916654850096
-0.981664074637
-1.39965051743
-1.87158857302
-1.96382618285
-1.41417026945
-0.387065899178
0.515382852333
0.549033400421
-0.698516130272
-2.92440240655
-5.08177889961
-5.80486478425
-4.13426005171
-0.18397791049
4.64218765943
8.09703076327
8.0867453967
3.79394628881
-3.62952852085
-11.2184804244
-15.249990894
-12.8154510885
-3.23425255366
11.3580930655
26.588885518
37.426448107
40.1282036621
33.7345907581
20.4584436058
4.79183234216
-8.28805266062
-15.2412715704
-15.1997513707
-10.0205145323
-3.19998797619
1.80756283217
3.08756693902
0.925777373043
-2.60208715949
-4.84115521064
-3.94606909079
0.217671346392
6.0538080685
11.0507085248
12.9939847559
10.9781382884
5.75331712843
-0.710006618886
-6.17611088933
-9.12912683519
-9.32315007496
-7.68014836308
-5.65303235786
-4.42224175605
-4.3433661634
-4.90017104599
-5.13810158225
-4.30646200173
-2.34641940257
0.0357843877616
1.73831617462
1.86671367609
0.241859182483
-2.46021447232
-5.01460613568
-6.24677649988
-5.62285223211
-3.53489734296
-1.13761827531
0.187567112356
-0.512099605634
-3.29086015525
-7.23266119069
-10.804285309
-12.4721569264
-11.3162218344
-7.39145857629
-1.70804458855
4.1377278029
8.5201193442
10.3162394228
9.23733656947
5.87349867417
1.46793966762
-2.48722274264
-4.70736747527
-4.49981105247
-1.97791538959
1.95383122726
5.85141636146
8.16607567346
7.74659754553
4.25147927464
3.162295186487313
1.0841827120349592
-0.188853625249
-3.97680793263
-4.75296622581
-2.88947510494
0.349999305729
3.33878730881
4.75589750539
4.10973443238
1.88928969908
-0.720094991915
-2.4208621746
-2.41315777116
-0.746025998141
1.7490712436
3.89888122013
4.77864194357
4.15758178278
2.58156150307
1.05966686135
0.522066706285
1.33102704839
3.09711032879
4.89327275315
5.7523750091
5.185420107
3.44591597824
1.39751927939
0.0503754709068
0.00848639562459
1.122935366
2.54412668133
3.16035152076
2.20510065617
-0.281657942701
-3.38933827133
-5.72499425459
-6.07853499806
-4.04104391315
-0.26372609198
3.78600017991
6.46994292188
6.72517864262
4.55512925337
1.02883154482
-2.21373295264
-3.71637330362
-2.86532635401
-0.145574469165
3.11550226521
5.38277389562
5.61748503099
3.7201056272
0.517782384511
-2.67374282372
-4.68380696587
-5.00561550193
-3.9623472662
-2.46622775276
-1.51579838453
-1.69417002882
-2.91345594344
-4.51382432999
-5.6436206618
-5.71220341746
-4.68364529262
-3.07268745752
-1.66134312072
-1.09348898702
-1.55733795139
-2.71046323751
-3.8726971666
-4.37752798938
-3.90002026087
-2.60123247203
-1.02889343056
0.162731274011
0.526843380771
0.0189990515071
-1.01092786215
-2.00902297896
-2.48370501353
-2.21601446937
-1.32232546504
-0.158760812272
0.866684199188
1.47326119454
1.59602268373
1.35911810802
0.970159571642
0.604908133443
0.342970493216
0.175530988372
0.0614130964717
-0.0162112453964
-0.0321071427267
0.0518255864627
0.236417326365
0.454936387233
0.59061926822
0.538244962541
0.275318850817
-0.101873967414
-0.405039541096
-0.436086799497
-0.0844687318157
0.612109290533
1.47804071708
2.27851300367
2.82716706382
3.06739698144
3.08565626173
3.05113126633
3.11497868155
3.32315892234
3.58886484753
3.73846276359
3.60627683709
3.12893966369
2.39172400596
1.60514085821
1.02536007056
0.857837743501
1.18739483104
1.96005114878
3.01403950414
4.13569923368
5.11130278691
5.7581907472
5.93764037434
5.56421091701
4.62382729109
3.1979810042
1.47545788062
-0.271108322718
-1.75286282989
-2.75974816294
-3.24314781823
-3.34189404334
-3.32800805834
-3.48667437748
-3.98148398205
-4.77016132957
-5.61716074218
-6.20417850275
-6.2894432412
-5.83785876454
-5.05359027413
-4.29230074502
-3.89055165917
-3.99447213117
-4.47479168511
-4.97619310647
-5.08369239492
-4.52949843519
-3.34066642891
-1.85347517074
-0.583136700814
-0.00668196394697
-0.358559561568
-1.5321352251
-3.12932076967
-4.63052832639
-5.60263161415
-5.8497568252
-5.44522245687
-4.64421618399
-3.73402160325
-2.90331627095
-2.19356033401
-1.54575431545
-0.902537935723
-0.297176561498
0.128268084739
0.190359229159
-0.218949063437
-1.03351770134
-1.99356550545
-2.72679034181
-2.89809085508
-2.35768748011
-1.21455817692
0.203389217339
1.48629426696
2.31297893857
2.57539370645
2.39970271868
2.05708442151
1.81029747735
1.77206790194
1.84442325213
1.7683722974
1.26040405654
0.171280544667
-1.40787530756
-3.14334140382
-4.56526031169
-5.24016087691
-4.93874275963
-3.73035253053
-1.96581720873
-0.154982273827
1.21385710253
1.84390871396
1.72546656067
1.12202690633
0.453207465192
0.119860267078
0.339596434618
1.05872163442
1.97882281357
2.69158462629
2.86974011607
2.43373710655
1.61670627748
0.887538884448
0.751682077367
1.50789540263
3.06954986903
4.9427981667
6.39203918778
6.73856946619
5.66862459196
3.4078531407
0.666572649049
-1.64067662673
-2.78886001527
-2.5706748556
-1.39429532977
-0.082004664371
0.558274201154
0.196077210199
-0.755087503774
-1.22826765078
0.0460247797671
3.90100895805
10.1907767737
17.6145807189
24.0377400812
27.2238530318
25.6998438522
19.3946209517
9.76745716836
-0.652756537168
-9.14867156497
-13.7668179421
-13.9600979748
-10.6718521347
-5.85077647757
-1.62294858836
0.521424728497
0.198048319129
-1.90303404442
-4.48104261921
-6.27066138961
-6.56825189121
-5.4243005979
-3.4666978633
-1.495846976
-0.0826039514909
0.632790814255
0.871421673325
0.958111430941
1.05147067664
1.02814369047
0.586170027038
-0.501882722585
-2.14699541719
-3.87254008779
-4.97984983952
-4.88185344632
-3.43417733481
-1.08068182862
1.28303962572
2.68231612281
2.50172400811
0.777263956985
-1.80424820045
-4.20491749133
-5.49562111728
-5.25942868841
-3.75083399178
-1.74297196338
-0.145467148291
0.418167878268
-0.126444135323
-1.3149462047
-2.40479941895
-2.74454065874
-2.06837040377
-0.58328708191
1.17202546979
2.60430118101
3.32953584137
3.29799286561
2.74026828465
1.9916637109
1.30858297986
0.779099833941
0.36205516952
0.007411112951
-0.236822703924
-0.21245588884
0.249388260706
1.17658973425
2.35318561299
3.34675642389
3.67558803466
3.04110616758
1.50365599818
-0.501235856894
-2.33020699594
-3.409575278
-3.48667585501
-2.72677222176
-1.60496400639
-0.649907326058
-0.17570080075
-0.14574749506
-0.241629872824
-0.0975464212995
0.432809131699
1.13270717607
1.49461512185
0.98292512995
0.41350876684889215
-1.0305789226873543
-2.658292898931464
-3.613849822554684
-3.2680682548071616
-1.5224346881686444
1.134813316850014
3.8588756451593724
5.855704176994152
6.76211592384
5.23518010062
3.51008744386
2.31793543895
2.04630848847
2.51943043423
3.08954481457
2.9981717184
1.81803790633
-0.265066483311
-2.4952761459
-3.91120241906
-3.85440989577
-2.3561665631
-0.186022237013
1.48719687712
1.66888926967
0.0604210645765
-2.74753787368
-5.53188807074
-7.03876764634
-6.63882636625
-4.69859582665
-2.4548345088
-1.41957251677
-2.58501369841
-5.8179016775
-9.7658877251
-12.3676161179
-11.7692142864
-7.24079097196
0.338350015726
8.67896252304
14.9153391114
16.7329368799
13.3087104979
5.65697252206
1.90046769021869
-0.707671161804
-5.06784947133
-5.20406875586
-1.94257917579
2.75141380866
6.68032107762
8.31942538414
7.33993505173
4.56679191107
1.45157020446
-0.65370976545
-1.07712282269
-0.0196703370739
1.67826321021
3.03437653968
3.4183292102
2.80639404046
1.70251089818
0.804330417225
0.610802181882
1.17778395032
2.13401207221
2.92657451871
3.14816350479
2.76500847778
2.12622644926
1.75562567258
2.04168363171
2.99254845222
4.1872012367
4.95252408066
4.68182319228
3.14028311857
0.609689598816
-2.19753820644
-4.41640296787
-5.37414660667
-4.85103159938
-3.15027073088
-0.959012897958
0.927767968749
1.89788133661
1.71157754139
0.530303715387
-1.20193530059
-2.95438616716
-4.29463854435
-4.99766716666
-5.05878413257
-4.63355440913
-3.94950035353
-3.22997113943
-2.64911624843
-2.31444185254
-2.26276627276
-2.45951491905
-2.80317246262
-3.14500800916
-3.33106821774
-3.25966684832
-2.93209757258
-2.46848409672
-2.07115326895
-1.94176086378
-2.18401447312
-2.73694915512
-3.37533304289
-3.78570505289
-3.69122197756
-2.97312437355
-1.73448147989
-0.275262832226
1.01350961141
1.79275321107
1.89537221131
1.37434332367
0.462828120946
-0.530600446595
-1.34176319054
-1.83344216396
-2.01031880605
-1.97030779226
-1.82595122955
-1.64022963349
-1.40875853393
-1.09246860397
-0.676605646397
-0.217940763745
0.150711118491
0.265539869726
0.00542690809381
-0.643390697597
-1.56607946192
-2.55416886577
-3.38081003897
-3.87980053416
-3.99025100565
-3.74728824328
-3.22823870197
-2.4879289181
-1.5228649271
-0.288147136795
1.23924046714
2.98585852448
4.74241271266
6.19242665519
7.0086716532
6.98024855214
6.11204141385
4.64517440188
2.98091963388
1.53605005291
0.59258817302
0.210770799173
0.245891884003
0.459577004328
0.668081809248
0.849049616323
1.14648377577
1.76485347133
2.80327530893
4.11917409406
5.30583403694
5.81823537026
5.20772681444
3.36358185455
0.641021888475
-2.20538925211
-4.28050236347
-4.90553977627
-3.92313981341
-1.80923202434
0.474643701796
1.84412582993
1.52742697508
1.3188229574143833
-0.1309455010020315
-1.74878464935
-4.40731746852
-5.32131351723
-4.39460755912
-2.21345143961
0.221121846574
1.91962067875
2.30310919023
1.40642531716
-0.191876071457
-1.6680979564
-2.33768689965
-1.95156139021
-0.778433222669
0.551441369854
1.3582967686
1.23318720905
0.223799315113
-1.18919103947
-2.30359546018
-2.49338723245
-1.46189188956
0.649762347174
3.32859350768
5.88471160069
7.6842047599
8.32894014759
7.73087278104
6.08142063134
3.75647244101
1.2083874118
-1.12043293105
-2.8559858956
-3.73646152482
-3.65459856759
-2.69484713471
-1.14258172375
0.561709518497
1.93230435698
2.58788232662
2.38645707844
1.48389401854
0.278952254629
-0.743835311646
-1.21254940385
-1.02159203047
-0.369479656036
0.340217139853
0.69252568339
0.461397122358
-0.276338327466
-1.16742690301
-1.73804991266
-1.6080730337
-0.666417812991
0.870138262085
2.53739160883
3.80283705287
4.26188919948
3.76883305446
2.45716020616
0.657870547122
-1.23257202947
-2.87062100158
-4.02723541969
-4.5884153928
-4.52384134204
-3.86246322229
-2.69672876857
-1.20625947685
0.331688494974
1.57735509575
2.2159752207
2.06815923612
1.16941713413
-0.229785032473
-1.75641611238
-3.06375468539
-3.96556487081
-4.48494249671
-4.7874265258
-5.02968445997
-5.20614809436
-5.08687519331
-4.30020987933
-2.53956350843
0.198933709289
3.47322712769
6.44228342196
8.11650951572
7.72645424885
5.05760363408
0.598939884334
-0.7536722932252928
-1.51658265327
-4.38121698877
-5.07227607354
-3.81430563464
-1.40958550436
1.11522847807
2.91318254057
3.60122511916
3.31724734387
2.55044687281
1.84622201966
1.53430783148
1.60402804035
1.76937458607
1.67118303886
1.10065953295
0.126525292769
-0.935494189936
-1.68822523141
-1.86269884141
-1.46141076308
-0.761570014914
-0.177379986654
-0.051415528448
-0.479464820753
-1.25521621139
-1.96153959517
-2.16428212489
-1.61692825211
-0.381769147705
1.1855238742
2.57743770411
3.33652721627
3.22962677001
2.32435346845
0.944700137386
-0.465427179412
-1.50783068738
-1.95827194681
-1.81487932874
-1.2615447592
-0.573922085549
-0.0113754072361
0.265724896506
0.231311552486
-0.0199831588955
-0.321611704526
-0.498750819633
-0.427120412352
-0.0717891688784
0.503363500427
1.15802141926
1.72384254834
2.06414203697
2.12358654047
1.94697246881
1.65594435231
1.38980778766
1.23443234468
1.17240900934
1.08161350824
0.788687171851
0.15727799071
-0.828719090937
-2.02824879958
-3.17476597133
-3.96710335603
-4.18126251603
-3.75364795768
-2.79922897418
-1.55932504749
-0.307396743711
0.740157774682
1.46751707984
1.84435989929
1.8731916838
1.54096102103
0.812442224291
0.08555219481370102
-0.9709158984681636
-2.1399320758194165
-3.0890293817573564
-3.4700018032554
-3.060865654294034
-1.8830030645007696
-0.22773664398354754
1.4356619618934587
2.6408918263517194
3.116294054295352
2.896346978479542
2.2949436639180334
1.747420591551986
1.594093952709784
1.9107913682141628
2.4728016454215407
2.874789516932566
2.7509787734237534
1.9865851293235295
0.811339830429
-0.810096863644
-1.80352731889
-1.83642864979
-0.956078252006
0.415281864872
1.66232905557
2.25155319071
1.9684168738
1.00333232834
-0.153655804714
-0.956340759208
-1.06401436099
-0.494194126599
0.40490395935
1.14301964253
1.3390068758
0.907089130202
0.0865458945878
-0.695526774209
-1.05370961038
-0.845825032452
-0.242989249733
0.366094610153
0.584955626648
0.223377640466
-0.595440992679
-1.48985546397
-2.00867433406
-1.85770685304
-1.0494752036
0.0982393126073
1.11232078212
1.58596786557
1.36169705552
0.58806811069
-0.11069605026759177
-0.6042131508658031
-0.6583002415107444
-0.28843363962180035
0.2791088411667886
0.7475561874892946
0.911871555438438
0.7576743249658051
0.450484801335
0.129046632136
0.0696233860241
0.291662800548
0.658280449886
0.962828454558
1.04931234155
0.898007942061
0.630452250221
0.435186310402
0.459964833246
0.73284136697
1.15506454554
1.56526614322
1.83265487796
1.92122617947
1.88644398629
1.80893634539
1.71081341316
1.51414434609
1.0780562227
0.302604269472
-0.758470295754
-1.84963096776
-2.57647454858
-2.56759507573
-1.66390891943
-0.0373515759892
1.83476635773
3.34643577964
4.01989999487
3.72447610977
2.74820269531
1.67860987612
1.14002093895
1.5066721846
2.72650591929
4.34004921376
5.68587804681
6.19440042218
5.6299320953
4.1684495664
2.28130093563
0.491606534006
-0.868849799777
-1.77961361681
-2.47401959062
-3.24513010192
-4.22878689703
-5.28890896349
-6.07404123164
-6.21946979755
-5.58587813307
-4.3984729292
-3.19612018161
-2.59691192555
-2.98583716991
-4.28011879712
-5.90031219102
-6.98111253245
-6.73977502877
-4.83910677938
-1.57697748907
2.19063904043
5.36586455127
7.02874343828
6.77969435518
4.86171250444
2.02146394509
-0.815179590141
-2.90151533043
-3.90820924816
-3.95521672167
-3.45303443339
-2.85369213982
-2.44062680916
-2.25018272873
-2.13964810795
-1.94008071112
-1.59555002921
-1.20937629829
-0.978101639957
-1.06016001721
-1.46217565334
-2.01325649172
-2.4453752283
-2.53612743401
-2.23345042821
-1.69049420875
-1.18785575742
-0.982785774498
-1.16643936069
-1.60780932811
-2.01745831811
-2.09973449468
-1.71344715354
-0.954537976945
-0.114282423291
0.467650876397
0.579100502061
0.246715790978
-0.278677256236
-0.658147283084
-0.652255218529
-0.259885680355
0.270256148341
0.569880167789
0.362793310199
-0.349222738438
-1.22770154096
-1.70954157791
-1.25079458744
0.404246883263
3.05393364187
6.05531730889
8.52951269394
9.67593397871
9.06602617375
6.79594703777
3.43936334182
0.04629651023147119
-2.8109572005709538
-4.630554998289227
-5.311774665306288
-5.101073150259666
-4.418138980713209
-3.6521529115590425
-3.01893516283333
-2.529985920659513
-2.066761526017629
-1.5061139464415447
-0.8263261416373808
-0.14177942361071416
0.34466750816834235
0.44087985953231623
0.06309889706622585
-0.715736248636
-1.9024464047
-3.01459103612
-3.82022068919
-4.19229430532
-4.12826966839
-3.71973891407
-3.09438563843
-2.36120459989
-1.58293429224
-0.782580556107
0.0266966811737
0.808835049826
1.48834393433
1.95892975193
2.1134126135
1.88184453208
1.2623962963
0.333648614184
-0.755718026698
-1.81674199751
-2.6617215515
-3.14764234135
-3.2114052692
-2.88769184529
-2.30272044781
-1.64192259477
-1.09689442989
-0.80526677505
-0.803001804897
-1.0082788473
-1.24760229637
-1.31967668815
-1.07632657379
-0.489514547707
0.324892974816
1.14133823479
1.70850730037
1.85254297254
1.55760062476
0.987217969265
0.431590536392
0.195830951469
0.470524706108
1.23696374288
2.24957384452
3.1098965927
3.41042552059
2.89682466008
1.58594788486
-0.209896228204
-1.96870410622
-3.12932771812
-3.28763417127
-2.34620152669
-0.559565444719
1.54612387148
3.35370890674
4.37186095913
4.40829562415
3.63359236237
2.50958908029
1.60741492354
1.38330208506
1.99829957052
3.25292428814
4.66436475213
5.65828307958
5.80123102598
4.98190823782
3.46794258285
1.81314472362
0.649516819806
0.444852992143
1.32136377642
3.00693368901
4.93767593211
6.46987408655
7.11608060486
6.71192501869
5.4502924013
3.77512294852
2.18467845121
1.02961030958
0.39007010298
0.0796604051999
-0.231564866284
-0.833571931127
-1.8152961851
-2.99761337221
-3.99028869265
-4.34953476572
-3.77047830587
-2.23478348209
-0.0526962780186
2.21826131153
3.94729124439
4.63210013512
4.05607957448
2.34879551094
-0.0643633478467
-2.59801721646
-4.67664558408
-5.88232057332
-6.03965919758
-5.22414000279
-3.70635552307
-1.86131709675
-0.0747427981289
1.33034645927
2.13710907951
2.25079835368
1.69536637771
0.59841364475
-0.832115442092
-2.33992596743
-3.66185653374
-4.57600377901
-4.94799796058
-4.76275999245
-4.1294338113
-3.25325465419
-2.37842354381
-1.71696453715
-1.38558967021
-1.37232314419
-1.54611111622
-1.70814948026
-1.66816765283
-1.31839601339
-0.677116761002
0.116128776851
0.853474874302
1.34021544421
1.47254592449
1.27921708373
0.908461157448
0.564241491491
0.418334378493
0.536959283963
0.856259145841
1.22045769662
1.4679475759
1.5263515032
1.46941656719
1.50185678706
1.8689867552
2.72377114546
4.00878187107
5.41196036887
6.42991412758
6.52927214861
5.35270091389
2.89062065251
-0.454971315976
-3.95172441302
-6.74592871793
-8.13097005605
-7.78029950035
-5.85946450392
-2.9746678994
0.0246912325614
2.31844820811
3.36582571318
3.04719109701
1.65467971723
-0.253271069947
-2.06935214963
-3.34111618808
-3.88840329586
-3.80226265897
-3.34298533122
-2.79320386635
-2.33389605509
-1.99344152635
-1.68216973398
-1.28471069598
-0.757698331042
-0.181234987528
0.262500731137
0.373303785497
0.0381273049115
-0.695406373016
-1.61601063094
-2.42233179425
-2.84283978244
-2.74875077069
-2.20819888746
-1.45562627807
-0.788876520649
-0.440003654244
-0.478500392791
-0.79105995364
-1.14639679891
-1.31349147495
-1.17597794655
-0.786945806897
-0.337128271563
-0.0520299065549
-0.0694850786147
-0.360386621685
-0.735336792089
-0.937484301222
-0.777248735563
-0.240508189986
0.488458378482
1.1074083893
1.34550300316
1.10872578065
0.544883725393
-0.0126888269437
-0.204163658858
0.168264137641
1.01727603571
1.9826033635
2.58557519112
2.46140406215
1.55930339062
0.206589629605
-1.00863022999
-1.49571142317
-0.94727772011
0.483894860784
2.21174265696
3.45172059247
3.56873178453
2.38308827535
0.289004751357
-1.8811361067
-3.19939448921
-3.04700035722
-1.4019945366
1.12267471967
3.51446732288
4.77214198038
4.31533461869
2.21620006614
0.007610355322356099
-2.1639233018787394
-3.39208648478
-4.07108257311
-3.43780010753
-2.05323334577
-0.645001320659
0.218450151903
0.338113407367
-0.102678586043
-0.703867652548
-1.090196263
-1.09917117733
-0.825937613703
-0.518234572238
-0.395295950912
-0.50123534463
-0.678372423516
-0.674360590389
-0.318572410121
0.338965559966
1.01515321105
1.32804339816
1.01405715779
0.111339671057
-0.999652407302
-1.73914052227
-1.60008469843
-0.421056230788
1.48071766752
3.39780257562
4.51984348313
4.29741134562
2.71488372569
0.338484762213
-1.89523760803
-3.06612114759
-2.66494236513
-0.821255670524
1.73744940776
3.97831415678
4.98007945766
4.29552393088
2.10955439827
-0.862820688052
-3.68042677896
-5.54177042144
-6.05786766691
-5.33105940236
-3.83198764152
-2.1539374766
-0.765910537077
0.131333595399
0.603819615972
0.867396957948
1.13281273069
1.49390359607
1.90393790625
2.23295036795
2.35918877916
2.23909480851
1.922554464
1.51689973512
1.13182508792
0.84253215239
0.689660772513
0.705712191492
0.937813149973
1.43866380533
2.22042643582
3.19603187372
4.14989604814
4.77264832659
4.76355614488
3.96527018663
2.46970625009
0.637123197444
-0.995966006833
-1.89509056379
-1.72572747071
-0.490764610407
1.45058778824
3.49287586531
4.9821426247
5.42700375624
4.64768827043
2.81649472842
0.38667656257
-2.05468311466
-3.95529862432
-4.93729690597
-4.87678403438
-3.91496956467
-2.40862130727
-0.834966061623
0.331074926979
0.745413783702
0.300290576396
-0.826950175221
-2.20983546675
-3.29973040997
-3.61547288032
-2.93359744233
-1.40243555645
0.478947115992
2.02701249062
2.63268197967
2.01245679207
0.343325363324
-1.78578332413
-3.59709464831
-4.43433952224
-4.02931770726
-2.60755314143
-0.784314280853
0.704454743137
1.31654862516
0.92236885772
0.16414868238967983
-0.7153937058548223
-1.1623828390779067
-0.9087994215549031
-0.08978251703126716
0.8375255037527154
1.3292577866440212
1.027183113070251
-0.06367276820736834
-1.5747037545196747
-2.945332442642183
-3.67851462526
-3.88883401796
-3.3747675148
-2.52631730169
-1.78692860766
-1.44578665491
-1.52850256351
-1.83135259896
-2.06776921763
-2.03984795142
-1.74059004457
-1.33623018057
-1.04715216466
-1.00234409494
-1.15540687583
-1.31310426753
-1.2611265778
-0.913167984605
-0.391796003632
0.0158786177443
0.0153823598539
-0.504466073958
-1.35419572492
-2.07679142929
-2.13445309818
-1.17067627733
0.777238267343
3.22576690332
5.39256536331
6.48967316798
6.03771132171
4.06362944162
1.0966825478
-2.03120514781
-4.48825403653
-5.71648482266
-5.56758332791
-4.26483095987
-2.23780234005
0.0719512797664
2.3392215919
4.37405122999
6.05623646296
7.25670044965
7.81618535381
7.606340913
6.63664373335
5.13057147971
3.50198834753
2.21639844444
1.59263212521
1.64740079212
2.07741537102
2.40970666555
2.26069736315
1.57627526077
0.718866137747
0.33332549284
1.03329116535
3.04937426829
6.0168534914
9.02886932674
10.9606271657
10.9365993719
8.73229863512
4.91832653367
0.664705419155
-2.72124270521
-4.32353593127
-3.97693570628
-2.29619950522
-0.366134722662
0.759528464312
0.515624068418
-0.969899229057
-3.00825021785
-4.73883439019
-5.5728795899
-5.46885856385
-4.90717451866
-4.58686772071
-5.00913299968
-6.16956387575
-7.52431432264
-8.25338729167
-7.68910239452
-5.68888501834
-2.7553642078
0.167105950086
2.12493397808
2.60168403763
1.75064446311
0.290331297384
-0.889197048985
-1.20954352815
-0.723199916456
-0.0906567377235
-0.208299604491
-1.66340128556
-4.29540943429
-7.10895895016
-8.62354224252
-7.53101494714
-3.36807550124
3.12050043985
10.1289593618
15.4233508186
17.2097707175
14.8683911443
9.22913742322
2.25855051938
-3.71665012722
-6.92106962778
-6.79136399799
-4.11352882003
-0.595961025685
1.91729949275
2.23996568733
0.301912122393
-2.90722432906
-5.8546108539
-7.18689666623
-6.32829162824
-3.69790484925
-0.474675380486
1.95648893851
2.61141527034
1.29606037139
-1.37428245084
-4.30192036435
-6.40425372711
-7.04732971021
-6.23401447349
-4.49601256981
-2.57929314413
-1.09562363319
-0.305000310207
-0.107747091061
-0.210830820582
-0.350071473372
-0.43733449222
-0.55966082029
-0.849490879148
-1.31993484571
-1.77671055086
-1.87140967599
-1.2766376043
0.110747574731
2.05541450703
4.0341574595
5.44202820496
5.86031759159
5.25384370625
3.99356371694
2.6838829804
1.87116465265
1.77202150305
2.15500014999
2.43830613759
1.9630982329
0.316597690829
0.3520270887514414
-0.1932759850796515
-0.504130939072
-2.7020444162
-3.48524955684
-2.94186078151
-1.59275503133
-0.146375020499
0.804886884434
1.00897254931
0.606238413405
0.00173894564746
-0.366510825806
-0.24539840411
0.330484779667
1.08842468945
1.67971211317
1.8625221589
1.61103030914
1.10118438053
0.590896647673
0.266857734898
0.144394789394
0.0749335744986
-0.144486012224
-0.621689345625
-1.26534056241
-1.79013867079
-1.83894109391
-1.167574886
0.198388607968
1.91781753425
3.43291971083
4.17920295952
3.81914365391
2.39767289887
0.3491581322
-1.65123324558
-2.93273715287
-3.07191940915
-2.0376772956
-0.18580824452
1.88664020772
3.56238305136
4.41116076191
4.30786382772
3.42863336497
2.14286904878
0.856438697706
-0.128268479372
-0.686984591125
-0.86807480404
-0.825850711989
-0.731694256355
-0.702621470418
-0.771476128591
-0.900929959536
-1.025240593
-1.09590260994
-1.11076218857
-1.11686752744
-1.18936112389
-1.39722761588
-1.76962760499
-2.27453781341
-2.81657314368
-3.25522791868
-3.43954901348
-3.2509531189
-2.64296667416
-1.66590818936
-0.466914978029
0.738391528775
1.71789134601
2.28542738828
2.35526478137
1.97049878706
1.29415372629
0.5630372236
0.0165407499053
-0.178688665565
0.0150011492237
0.487296020789
1.00568150876
1.28017374936
1.04934957766
0.162802109549
0.06870289213169656
-0.48155925158528134
-1.1774739521291053
-1.6708730273327177
-1.6796454128569422
-1.07422390522
-1.27297970125
-1.14417471063
-0.990563757591
-1.07430759011
-1.51095899189
-2.21804406018
-2.94253240988
-3.36114218335
-3.21666447057
-2.43564073317
-1.17688489013
0.213356519708
1.32525781385
1.83943667204
1.64755552039
0.888596739659
-0.114480326203
-0.989778874673
-1.46397432979
-1.45832166373
-1.09361864721
-0.607094851797
-0.224877496832
-0.0531814333321
-0.0402875105672
-0.0250710080702
0.155913446983
0.560358840161
1.08926448918
1.52222914866
1.62376662412
1.26801409477
0.517785549702
-0.385158111117
-1.11835936675
-1.42070771425
-1.21037614878
-0.620945283651
0.062892859847
0.539698831272
0.630810579429
0.35736764303
-0.0820730654332
-0.420988422094
-0.465712304172
-0.196136809336
0.225360944103
0.542547425978
0.548018806222
0.208210756577
-0.294027148118
-0.624991689022
-0.44724003265
0.418517279861
1.89225869392
3.64292761271
5.20538147026
6.15654326521
6.27577230952
5.6230613491
4.50605819892
3.35487294741
2.56026490475
2.3409508153
2.68750191612
3.39456814992
4.15744009905
4.68834958473
4.80851576329
4.48938918455
3.83986061645
3.05436114835
2.34413215869
1.8717488068
1.70278241879
1.78344675758
1.95042550333
1.97593683423
1.64357011432
0.837842991972
-0.382483202779
-1.76201526855
-2.90124041563
-3.38134530813
-2.92524704596
-1.53381556633
0.465301859931
2.49135910835
3.89341991841
4.1799541818
3.20565583761
1.23654506148
-1.13905514969
-3.22236292996
-4.45487525435
-4.60710562865
-3.83182810784
-2.56808989416
-1.3468186521
-0.588188086396
-0.477113741752
-0.959434685313
-1.84012581779
-2.91713953651
-4.07373318011
-5.28267017574
-6.53030862145
-7.71753213555
-8.61084094259
-8.89091500985
-8.29043891546
-6.75724094597
-4.55360707001
-2.22399393617
-0.423494500773
0.330281019274
-0.125718498533
-1.51665481572
-3.22748010999
-4.54747482298
-4.95843977715
-4.3402444932
-3.00254144943
-1.52929046322
-0.507234667202
-0.261201019767
-0.714167468767
-1.43141098855
-1.8238372256
-1.41526615119
-0.0538691735717
2.02148510802
4.28022741523
6.11105841785
7.04732305935
6.91252371712
5.83699079301
4.15905142128
2.27247325063
0.495112333093
-0.990543872936
-2.11923143594
-2.88176768032
-3.27073659839
-3.26779660731
-2.87383361208
-2.15219187536
-1.2451991714
-0.340675713078
0.402035450168
0.927546675986
1.31463789951
1.73451106919
2.34884006485
3.19566673685
4.12476394159
4.82550619389
4.94684549659
4.26153792212
2.79939419209
0.882097796843
-0.96683033624
-2.20736552011
-2.4892174158
-1.79214589349
-0.439748623998
1.0206846937
2.02338630206
2.19102039902
1.46155237285
0.0889809378432
nan
nan
nan
nan
nan
nan
nan
nan
nan
nan
nan
nan
nan
nan
nan
nan
nan
nan
nan
nan
nan
nan
nan
nan
nan
nan
nan
nan
nan
nan
nan
nan
nan
nan
nan
nan
nan
nan
nan
nan
nan
nan
nan
nan
nan
nan
nan
nan
nan
nan
nan
nan
nan
nan
nan
nan
nan
nan
nan
nan
nan
nan
nan
nan
nan
nan
nan
nan
nan
nan
nan
nan
nan
nan
nan
nan
nan
nan
nan
nan
nan
nan
nan
nan
nan
nan
nan
nan
nan
nan
nan
nan
nan
nan
nan
nan
nan
nan
nan
nan
nan
nan
nan
nan
nan
nan
nan
nan
nan
nan
nan
nan
nan
nan
nan
nan
nan
nan
nan
nan
nan
nan
nan
nan
nan
nan
nan
nan
nan
nan
nan
nan
nan
nan
nan
nan
nan
nan
nan
nan
nan
nan
nan
nan
nan
nan
nan
nan
nan
nan
nan
nan
nan
nan
nan
nan
nan
nan
nan
nan
nan
nan
nan
nan
nan
nan
nan
nan
nan
nan
nan
nan
nan
nan
nan
nan
nan
nan
nan
nan
nan
nan
nan
nan
nan
nan
nan
nan
