-3.13532327376
-0.877671867201
1.26099390023
2.68124368697
2.98424940491
2.14146291547
0.525762385523
-1.21106728986
-2.36792283061
-2.44292254368
-1.30768877315
0.75417159514
3.15224952901
5.19294552187
6.30428339661
6.20403684703
4.96084118942
2.9401345575
0.666230437713
-1.34512563815
-2.72808504938
-3.343309432
-3.27741346506
-2.77780573208
-2.15200863062
-1.66570173898
-1.46871129676
-1.56636167505
-1.83895572679
-2.09826786452
-2.15992867664
-1.90698018206
-1.32407020778
-0.493018907469
0.444613037276
1.33941673878
2.07679196625
2.59233372558
2.85661163294
2.84309764394
2.5036562392
1.77361953975
0.612589040416
-0.935303751724
-2.69518840341
-4.36414885564
-5.579370839
-6.03675521888
-5.61485753173
-4.44651720528
-2.89521546687
-1.43187086178
-0.45449971676
-0.125758475407
-0.30394578862
-0.607461523217
-0.594228285924
0.0180216043783
1.19050867351
2.54219815781
3.49111579103
3.50706704011
2.36920770544
0.311608759901
-2.01774785794
-3.78072735141
-4.27114786998
-3.20419492347
-0.851277167312
2.03941173755
4.50789516208
5.72793574311
5.29677837018
3.35914570862
0.526328510693
-1.6766652347497768
-3.1772014724754314
-3.528828030924913
-2.7023935899215985
-1.033526471016799
0.939397802740487
2.6689001993165107
3.751262695950601
4.0005490553477046
3.447190690069448
2.2916345963273415
0.8460060289568077
-0.520253813191
-2.10941439943
-2.94087186111
-2.85494991003
-1.91197521362
-0.417750763839
1.13394567726
2.20692054273
2.4166860132
1.69768250321
0.363271625026
-0.986599890822
-1.6911944368
-1.30484015266
0.193551020004
2.3554386915
4.41447111957
5.58170739452
5.36394322641
3.76934690364
1.30998416824
-1.20186162695
-2.97660034162
-3.55098545548
-2.94476472506
-1.61031475125
-0.208074870592
0.68462178582
0.800790319892
0.254010004288
-0.563923585977
-1.19416521248
-1.3234817711
-0.901523878796
-0.121349249068
0.708039543802
1.31948318985
1.59327389926
1.56613209421
1.35668724254
1.06539155632
0.715043432392
0.267118751993
-0.301811379896
-0.919929525626
-1.39873828081
-1.49974175718
-1.06436851156
-0.137730162835
0.990988492057
1.87208338006
2.07922409827
1.41179041233
0.0139518437281
-1.65856449967
-3.02125634454
-3.61441570624
-3.30788833123
-2.35502341586
-1.26406702708
-0.544974257671
-0.454109849859
-0.864827755316
-1.33332075065
-1.33349997778
-0.548665705066
0.925338113416
2.57283970698
3.66207782174
3.57267510251
2.0967669005
-0.428264168225
-3.22171969471
-5.35492759562
-6.11078724492
-5.25144979346
-3.08385083294
-0.307634451914
2.27269665511
4.03599716897
4.7109869732
4.36872433163
3.27713186922
1.71564935512
1.32072394567831
0.6848713499691286
-0.14559660403469366
-1.018011656136565
-1.62387121803
-3.01970598494
-3.43459095339
-2.8021260503
-1.39450611044
0.241942483964
1.48797180774
1.90249813879
1.40525935633
0.300850181592
-0.870971610225
-1.58896414058
-1.58669050603
-0.958312347941
-0.0854451453508
0.574495220365
0.729590617243
0.401953109107
-0.0908500006869
-0.310562083668
0.0610075308838
1.03876684609
2.30297995344
3.33742383055
3.66955657697
3.09440965421
1.77269317049
0.156845405385
-1.21596365158
-1.96059201302
-1.9956711162
-1.54147255918
-0.973951290742
-0.616372502121
-0.577827761749
-0.71932856043
-0.75902481512
-0.45481150929
0.23699825332
1.11421581106
1.82009707873
2.02699347615
1.61608195955
0.757127586757
-0.157542502549
-0.696060265781
-0.597323053075
0.0971891347913
1.05857305732
1.82883172781
2.04714107321
1.63370806302
0.839547828375
0.134029142958
-0.0202808813328
0.598643439634
1.83978774914
3.2122567846
4.07373016773
3.89449976059
2.48462086877
0.0889195209268
-2.68787127149
-5.09265186106
-6.4856661485
-6.55120952272
-5.3829029718
-3.42239126178
-1.28607563486
0.449224150218
1.42491491641
1.58866777716
1.17384385859
0.588841514545
0.259523047129
0.476129524575
1.28973337542
2.48707757392
3.65135477005
4.29375795251
4.01996745241
2.68171714787
0.461760175224
-2.14486382144
-4.45995299987
-5.82974208238
-5.84582565802
-4.50107829794
-2.21803142485
0.270408494154
2.15338293898
2.80785583802
2.00168471565
1.8261371630225085
1.0006121206880039
0.256845672779491
0.218597568001
-0.741168119956
-0.723541827802
-0.0745914548218
0.73509758094
1.30367803795
1.43382863241
1.16475750173
0.702527145178
0.293254342518
0.102307244359
0.151534689678
0.333822506213
0.486863423228
0.483364823386
0.292812348936
-0.0112244035296
-0.295518563145
-0.436490889527
-0.378764196516
-0.156293465331
0.130110515741
0.36391735923
0.465917519149
0.424378723305
0.290796884743
0.14686627975
0.0610026461261
0.0557431512888
0.10037741623
0.130460780254
0.0836293878134
-0.0654157742565
-0.286608897023
-0.500966843511
-0.609282503897
-0.531569338742
-0.241627498446
0.216937367596
0.739829507656
1.193384552
1.45671280791
1.45907010355
1.19868154519
0.736670477725
0.17001628726
-0.403709995596
-0.91383217189
-1.32457862225
-1.62226616731
-1.79192031418
-1.80037861623
-1.60054425292
-1.15997600403
-0.501565899746
0.267123379562
0.959011042874
1.35654241759
1.29195649968
0.726334105211
-0.211373427247
-1.25142921626
-2.07450757778
-2.433825042
-2.25630517273
-1.67555715282
-0.977637892565
-0.480329192402
-0.399049464653
-0.760781978556
-1.40585342051
-2.07523078629
-2.53860173215
-2.69759205133
-2.61087551181
-2.42873658342
-2.27374419687
-2.13591756137
-1.84709531593
-1.1598001486
0.10065226133
1.88672677651
3.86592047628
5.492946974
6.20077434983
5.63259732077
3.80924387997
1.14930060527
-0.647387443486565
-1.9389212467403638
-2.3059467103741866
-1.7208946006445984
-0.5201606613817376
0.7712754471087351
1.6755670467859431
1.948356823385339
1.637660766517655
1.0052001994942543
0.36859964724976635
-0.04363911545078736
-0.15020998390929208
0.0287271963308
-0.832531456598
-1.36592270299
-1.43808960713
-0.945624328304
0.049093502541
1.24237190605
2.14699341585
2.28608207726
1.4423101118
-0.16794804158
-1.90869331605
-2.95652785592
-2.66900093995
-0.92340352208
1.74727858316
4.31389481618
5.66256382779
5.08683318845
2.63533963671
-0.858267627865
-4.09689593598
-5.86304753357
-5.54376416322
-3.39804668586
-0.440991905376
2.00533938125
2.88948669028
1.87244128882
0.3144499369473408
-1.6294620794915033
-2.8752894743191746
-2.7861129623392458
-1.4287903688472738
0.518836875347148
2.146770904867111
2.7779566275381313
2.2866110866587093
1.1203161682893636
0.03176041834863952
-0.327263454469815
0.26668500656434446
1.5262445146975665
2.84747052584
2.8937948766
2.22587424063
1.09436606224
0.0502427190325
-0.389263590489
-0.0580783828776
0.741382618631
1.39602723964
1.33693431528
0.397653312456
-1.03095688773
-2.15600461885
-2.18997753041
-0.808965412735
1.58372537483
3.95001996604
5.05233950892
4.03945206354
0.899899709784
-3.45163578917
-7.52037640429
-9.86545516232
-9.73081752119
-7.37367367473
-3.92936574094
-0.871654692059
0.676981677846
0.455644791366
-0.849344609951
-1.98500233908
-1.79487496786
0.156089176779
3.299050971
6.26235257582
7.46736360038
5.84384514711
1.3349368509
-3.740794651671365
-8.976010474970323
-12.659077695353858
-13.717589900712014
-12.063663422784174
-8.51430300365449
-4.361612688487028
-0.8157239708885982
1.4244084781631727
2.306613628764893
2.2593906840389337
1.8589523755306203
1.5236801801042787
1.3845059516067693
1.3626700755566503
1.36608282132
0.139930467147
-0.758737073071
-1.05213914416
-0.638498087881
0.261403619212
1.13547285431
1.4006548408
0.711069472239
-0.81018898928
-2.55513993307
-3.66725827025
-3.43599818087
-1.6653628446
1.16853789117
4.06354988553
5.89117978983
5.8766169794
3.94247575696
0.758419449675
-2.52810554937
-4.76084122264
-5.23710420158
-3.96624832939
-1.62448907992
0.756124049656
2.21456355566
2.21614262648
0.797886846689
-0.05480293386312951
-1.095527106623777
-1.69033270188
-2.71064172948
-2.91477717161
-2.50949440449
-1.77498723881
-0.939378605733
-0.133495942069
0.580090955154
1.15139509489
1.51380405251
1.60536570072
1.42250169891
1.0606335253
0.700710441964
0.534262609318
0.66155734193
1.02141693721
1.40101979509
1.5331003805
1.23819290335
0.539046804106
-0.318211688877
-0.957688134661
-1.04482790171
-0.45467129818
0.647052231731
1.85546473661
2.69296598233
2.8164250699
2.16966370796
1.01020713091
-0.202392495473
-1.00554626289
-1.13001999086
-0.607582814468
0.253354184484
1.00721762965
1.26019835943
0.826858765733
-0.206411060487
-1.52714667156
-2.72190120438
-3.42402904912
-3.4284507348
-2.74074623467
-1.55836232855
-0.204551868872
0.95673995865
1.60235640305
1.51534759987
0.628697532386
-0.47918947907893994
-2.035981034020665
-3.694038231759137
-5.094431342567873
-5.9634366441949
-6.187768285753663
-5.83779663824771
-5.125409857400541
-4.31068435349151
-3.5960661159879237
-3.0547845841069545
-2.625559908902588
-2.173930451070632
-1.587136828334934
-0.8519619060523667
-0.07334701621698514
0.5773492038658645
0.957636909845
0.520149748518
-0.0937420007102
-0.6637585185
-0.971935129377
-0.908561945924
-0.525819457605
-0.00954937313391
0.417245057315
0.60857226031
0.566158847871
0.42798784396
0.380139569599
0.53986755305
0.875334492466
1.20954475105
1.31123619844
1.02723229673
0.385113284594
-0.393144600942
-0.981495145653
-1.10443839033
-0.680051973428
0.12250262989
0.944663829704
1.39422695086
1.22259607736
0.439191036999
-0.69118124432
-1.76537236702
-2.41605506419
-2.46051105707
-1.95766780924
-1.15486548134
-0.359932451275
0.193243571891
0.421708118562
0.385490701911
0.214365075151
0.0207737474998
-0.14948633594
-0.306622567848
-0.46421509186
-0.589094401129
-0.59529360078
-0.393141775299
0.0348299752156
0.583093369714
1.04096624773
1.18461572683
0.9017331846
0.279223192726
-0.405837480318
-0.804959701442
-0.678816600976
-0.0497349468131
0.761236186806
1.24949667526
0.955109399991
0.4082783419480194
-0.8607659527568927
-2.2553278318471257
-3.0484381456016223
-2.6928666509442962
-1.0724664994623936
1.423423937965353
4.04228505100933
5.967922271664648
6.645332348578549
5.988620088905165
4.385772166938452
2.5089454782997933
1.026181487359736
0.348589842896
-0.201581429966
-0.163405458426
0.0814963280792
0.229705242576
0.172819990435
-0.0116935183297
-0.167400680971
-0.18613415663
-0.076500804234
0.0617860603306
0.131623793506
0.131180006943
0.177078422348
0.433593971615
0.984688570953
1.727951987
2.36603806061
2.52095721915
1.9256773152
0.595470958674
-1.12028273847
-2.65137240844
-3.44662373671
-3.23105174587
-2.15226416709
-0.734730713411
0.348091997051
0.582675571768
-0.139977085233
-1.46277566949
-2.71688251959
-3.22155446091
-2.58964966974
-0.897679206715
1.35380478202
3.46272774271
4.81975139281
5.13629572755
4.50989461002
3.31612833991
2.00053024036
0.883857452723
0.072503409794
-0.501413091806
-0.959092334855
-1.36073287864
-1.66985182686
-1.81055399415
-1.76821080464
-1.65318031395
-1.6689077067
-1.98813696872
-2.60694625907
-3.27449773104
-3.56534564079
-3.08332802296
-1.70295635774
0.285484942668
2.2286834678
3.36785780283
3.19677724636
1.74724892879
-0.35506961156
-2.12122999552
-2.63249098439
-1.48291551247
0.984296140471
3.7772921908
5.66803117132
5.73940033624
3.81587348871
0.571310019485
-2.74670943734
-4.85761049507
-5.00890010674
-3.30103936741
-0.629022196605
1.72777123676
2.67372159981
1.76103420017
-0.19374774070665524
-2.705556951011573
-4.690765205237227
-5.40761498775565
-4.736088367373512
-3.148455402671388
-1.415397141055891
-0.21559393558143825
0.1520641773828686
-0.17507739871345507
-0.7969831043906197
-1.3338209446377505
-1.6504113923628267
-1.9001815967652504
-2.3760426444842295
-3.266839360367598
-4.470238555890219
-5.579016068590988
-6.058051620630408
-5.519903622161834
-3.9482945204785125
-1.74355058268
-0.0208522552725
1.0684856839
1.21969241794
0.545178258812
-0.528970991552
-1.51446862008
-2.11710985679
-2.35512932956
-2.47745111733
-2.73629795187
-3.15626071615
-3.44986127348
-3.15009921796
-1.90438557355
0.229441042405
2.6654797434
4.45159835906
4.66801167118
2.88513945003
-0.549107205422
-4.55843205884
-7.7342595534
-8.91726558725
-7.70051714915
-4.61345048015
-0.88848462264
2.0919249837
3.41541036792
3.03824677147
1.77542580899
0.887687707503
1.46136952593
3.87350411451
7.59127404699
11.393940682
13.9058548301
14.1875915552
12.1148638075
8.3857842865
4.17786509309
0.636584591139
-1.559076357
-2.36727565491
-2.24744505512
-1.82774142245
-1.56932312594
-1.59816258489
-1.7652866564
-1.8635000575
-1.8458898405
-1.90172792032
-2.33946456684
-3.3489174315
-4.79492070445
-6.18573813671
-6.86424949824
-6.33978116202
-4.58618098859
-2.13179996009
0.134772164871
1.37085597015
1.20413148063
-0.0451234401409
-1.47686165446
-2.02887728122
-1.01070911298
1.50629515768
4.6471303948
7.08294722202
7.62588490433
5.79612149118
2.09017244807
-2.18806032665
-5.47000027003
-6.59960991564
-5.34027603371
-2.48265995263
0.493450025096
2.04875344207
1.22374375391
1.4535097136025286
0.19331319797252888
-1.1683218449605874
-1.3383136657
-3.00470503638
-2.84238157475
-1.54800536154
-0.0525688575758
0.905022683022
1.04466115668
0.555819865283
-0.111071923053
-0.536494131776
-0.549371863271
-0.271994382139
0.004132100717
0.0197760286662
-0.295133770133
-0.793014882967
-1.21210683646
-1.34001079768
-1.1357420766
-0.738694786989
-0.362848402933
-0.143541538386
-0.0330490822452
0.186007886722
0.76833836056
1.8244224174
3.1933554938
4.4511166287
5.06681648668
4.64072431597
3.11037415333
0.820457267117
-1.585166982
-3.4062413063
-4.15600345755
-3.73810891351
-2.45561199355
-0.856438638243
0.506108346708
1.28603010061
1.44026879412
1.17964359712
0.817753679228
0.603551637928
0.620000369238
0.787305367428
0.950661479352
0.990885191175
0.8921193821
0.733095907187
0.616705428396
0.588791810846
0.60118015588
0.544749899195
0.33356717272
-0.012934937494
-0.345770297476
-0.445522924039
-0.141987375626
0.567255968925
1.46790541081
2.18757021822
2.34603396808
1.73163257013
0.419261947495
-1.23155269909
-2.70527956598
-3.53224921765
-3.47448988172
-2.61273753828
-1.2977222093
0.00820585909972
0.923567735059
1.28639429
1.18071691935
0.84879835872
0.541569353522
0.386228590398
0.336491790889
0.225672302534
-0.110845289968
-0.712271841314
-1.43644491394
-2.00476848381
-2.13038823351
-1.6695521991
-0.72292666639
0.364605161146
1.11145336234
1.07212109196
0.00513647384162
-0.4149597920766155
-1.4564300050194703
-2.5927037419939865
-3.281240034171873
-3.11855967647
-3.54765795495
-3.03963895934
-1.86988122988
-0.409167456168
0.977467173581
2.0072026325
2.51952619198
2.48294961305
1.97871732837
1.1715358076
0.273098127284
-0.499164831795
-0.965311532175
-1.02186211535
-0.666965432274
-0.0024508939395
0.791343689349
1.50346835285
1.95012966636
2.02517838015
1.72789759702
1.15977308191
0.491604314064
-0.0888793027343
-0.433433483359
-0.477557670753
-0.259898957847
0.0893472628568
0.388978534683
0.465875905423
0.215666597083
-0.354660288338
-1.11858103844
-1.8631129727
-2.35596339898
-2.42577942567
-2.02672762979
-1.26136118476
-0.34964508653
0.447289195602
0.92086173563
0.989423168564
0.722727689259
0.305896208723
-0.0421321353612
-0.160744691899
-0.0106193158838
0.319293884844
0.662273768962
0.857212911808
0.825587799139
0.606413009449
0.33394896778
0.170237218002
0.225675152769
0.505737665125
0.9084915559
1.27258239168
1.45126994089
1.37654659636
1.08363541937
0.686541627204
0.319266037757
0.0728453804504
-0.0416938133685
-0.089164921115
-0.170708875204
-0.371282177009
-0.7202456234
-1.18135186865
-1.67146750334
-2.09307694141
-2.36169115608
-2.41702192177
-2.22051933788
-1.75241216633
-1.02151880154
-0.0900447585585
0.900136975781
1.72327723311
2.10736758781
1.81487749546
0.742779657496
-0.5687863806973326
-2.219943023543564
-3.7304569155221827
-4.6161839994405796
-4.554377940664793
-3.504239146715605
-1.730270803173724
0.28639120248179495
2.0168762548819927
3.0672117312881255
3.3017919595804273
2.860360949602324
2.067594137157485
1.2805565156437808
0.7441784340528415
0.5172702195619934
0.495631523174
0.0708470222749
-0.425454915255
-0.966005089289
-1.38969601391
-1.48380753801
-1.10299529882
-0.263998329658
0.833175115431
1.87092133182
2.53770239955
2.65286494972
2.23537542637
1.48609185876
0.693902232175
0.110845672437
-0.146208699408
-0.124819878583
0.01092015068
0.0769502631277
-0.0351700748076
-0.309583074432
-0.624691046086
-0.825191280902
-0.808241953668
-0.579412379838
-0.251160691201
0.013607765027
0.0830232133044
-0.0785968522329
-0.393945265556
-0.711508709615
-0.879722693679
-0.819690048452
-0.56155910498
-0.228343456629
0.0233613062343
0.0763468846601
-0.0949469062401
-0.415743736001
-0.747154299045
-0.948023622129
-0.933071232113
-0.702397101027
-0.332873167485
0.0599849440894
0.369227729011
0.53159287616
0.538600374135
0.424905006124
0.245170999604
0.0529164112689
-0.110583183509
-0.217721028977
-0.252647586943
-0.212302309606
-0.111337063741
0.0144585524418
0.113909049764
0.138798167887
0.0693230017103
-0.0668309955073
-0.196400884941
-0.229656482618
-0.107991751557
0.15247064663
0.447651792834
0.618535355264
0.524159147013
0.124518694463
-0.469287767488
-1.01265730859
-1.21994916404
-0.901722304486
-0.0875789918518
0.929241433829
1.66323777975
1.61270524302
0.47770496318
1.5551029606838682
2.09041443275
-0.422506959713
-1.98256014838
-2.12613322997
-0.881294399219
1.21352702839
3.29803898793
4.51964393462
4.37297047656
2.90676176888
0.705746307245
-1.3518340601
-2.46370242165
-2.24507527965
-0.895639692864
0.881935586349
2.17936480684
2.26955407845
0.917059928679
-1.52041032509
-4.24065277692
-6.32799991175
-7.12114696566
-6.46008519148
-4.71254657453
-2.58104845982
-0.788155516589
0.214038780587
0.384641825326
0.0365195200716
-0.372322152498
-0.484106768687
-0.200805278022
0.312276305581
0.764303470139
0.930859009969
0.788976709566
0.520614175243
0.386304229933
0.545777176213
0.935062892528
1.28093288574
1.25715087705
0.702989792839
-0.220872403921
-1.04265422581
-1.17785116013
-0.234796854329
1.72370472519
4.11072563584
6.00376615679
6.53230490621
5.29669742126
2.61617169985
-0.533194241764
-2.89214730508
-3.4555140368
-1.93541922315
1.06903004154
4.29145193033
6.32731328013
6.24555519184
4.00861260064
0.505347693351
-2.82692186174
-4.62822930994
-4.21131950583
-1.85960861864
1.3051852307
3.82343945509
4.53787107993
3.0857459935
0.0283286738601
-3.42712292024
-5.97171697296
-6.75009826441
-5.67922896373
-3.40642410557
-0.956830598919
0.738891785939
1.20557647932
0.516791716771
0.6604206458507775
0.5614585958237939
0.4545151307466426
0.2642968255874507
-0.23014236124795673
-1.1075592178816862
-2.08023294895
-4.00283146727
-4.59818686661
-3.39701849741
-0.57173347549
2.98384941305
5.92408113837
6.9816635154
5.52814888201
1.89876477026
-2.69008748638
-6.61802624996
-8.53229925366
-7.91401702717
-5.27912027044
-1.91836344603
0.706640437127
1.633446451
0.825195164611
-0.842897619469
-2.02771590871
-1.58295933194
0.867303085583
4.7131702746
8.59984042605
11.0113930675
10.9284824713
8.2631863655
3.88355539598
-0.768166037832
-4.27776303846
-5.80717379594
-5.35511770027
-3.64180225678
-1.70470067637
-0.414673549785
-0.137418294075
-0.674939498903
-1.47654658574
-1.98264384042
-1.91654622238
-1.38640906815
-0.769820019509
-0.467156995754
-0.66892136251
-1.26112602662
-1.90848944177
-2.25615415924
-2.13002030553
-1.62346255328
-1.02646547917
-0.642570451113
-0.600409075846
-0.767703539153
-0.817457777618
-0.41139581746
0.599280830056
2.06629219542
3.59130581289
4.70713589044
5.10151197091
4.76883432471
4.01207784668
3.29362381537
3.01005750025
3.30268710165
3.99493980477
4.68214739469
4.92358216368
4.43978493807
3.22255618818
1.51527889767
-0.311274507798
-1.91399386733
-3.08417211633
-3.76381363113
-3.98545294937
-3.79172022506
-3.19591308752
-2.21131366707
-0.926165924385
0.435528011151
1.5265304042
1.98147776975
1.57638003654
0.362486206715
-1.30536373752
-2.87962329634
-3.83345255489
-3.88210799067
-3.10498866738
-1.90347653571
-0.808556562646
-0.228276858542
-0.25877508603
-0.654597890274
-0.976333643863
-0.84417867609
-0.170155789805
0.751398146054
1.34773142074
1.02290115598
1.6559205226247258
1.1497179038106822
0.050889825128564325
-0.864943382628
-3.1328139846
-4.14217806894
-3.9584862418
-2.99720751196
-1.79949840583
-0.786969055916
-0.113035436531
0.328447708458
0.760298904797
1.33495810272
2.01027012039
2.5552652044
2.67942189079
2.21109982476
1.22439831742
0.0415594839775
-0.895600733815
-1.22247736739
-0.818098264583
0.141643418808
1.26860965173
2.14002818701
2.47954664426
2.25466849002
1.65029430754
0.943281112082
0.351825898317
-0.0589173979828
-0.369617682556
-0.711325250144
-1.14418445088
-1.5855324618
-1.83307740287
-1.67377602082
-1.01895680542
0.0112895876611
1.10667390432
1.88659875617
2.06565744947
1.58360537441
0.635432958463
-0.412862388975
-1.18047998339
-1.42380060888
-1.11394397641
-0.411096265052
0.439427609251
1.22720685367
1.84904644778
2.30298428808
2.62131387239
2.79515454756
2.74564722313
2.36569394519
1.60961284139
0.573584712525
-0.49158144236
-1.25942955418
-1.47038356338
-1.06849430945
-0.257333756743
0.564642220103
0.969084198214
0.689481686265
-0.252132121459
-1.54699605714
-2.73182209345
-3.3893098646
-3.32160375804
-2.61610762941
-1.57841974633
-0.574237955856
0.134146711135
0.473424040118
0.530067375707
0.434714602108
0.236622528976
0.3999228336216447
0.20629127972979688
-0.4554419873895057
-1.5017228666111038
-2.6052694323694254
-3.2839111310474323
-3.1020990484405075
-1.8932727890082788
0.1114804489987904
2.326557029573678
4.0244811701195005
4.630804705559129
3.967936619781611
2.3327127547965176
0.368197676291075
-1.212699634035829
-1.9235873734166375
-1.6840050110920828
-0.802967560152
-0.347054528378
-0.180119657263
-0.444213300601
-0.950514675453
-1.31236194394
-1.18097191739
-0.456491719525
0.637807645905
1.65734974214
2.16052983473
1.93761549124
1.12375389693
0.135681758343
-0.536663777747
-0.576883623369
-0.00012279051316
0.859293297555
1.52447542813
1.62598135617
1.09637136704
0.208804361072
-0.56077802654
-0.777799211666
-0.274950619384
0.755341145759
1.84887788764
2.49329653784
2.37426122827
1.52111660474
0.281559686134
-0.857378990796
-1.50737296024
-1.55372294261
-1.18087817996
-0.741965735399
-0.547350115932
-0.688270866953
-0.991022289167
-1.1261805822
-0.813524690421
-0.0106586253948
1.02027531825
1.81095575836
1.90713666945
1.10212053217
-0.435712555805
-2.20998745305
-3.60054436814
-4.12910413145
-3.6600600045
-2.44229202302
-0.97643534927
0.222953001619
0.852052923086
0.922136873486
0.70071633771
0.530209157524
0.625031082843
0.954647614695
1.27110934528
1.26145132695
0.73916145986
-0.230969571684
-1.34402131495
-2.19851334757
-2.49745741076
-2.19995460461
-1.54074938127
-0.903679293776
-0.612377114239
-0.747592432924
-1.09050099271
-1.22922128014
-0.782111685461
0.37154924547
1.9726801229
3.44468377511
4.12006199416
3.53346190031
1.64699193744
-0.7984085079634724
-3.340450593803709
-5.187329848204797
-5.827590187285665
-5.219204140405537
-3.7802719205853776
-2.191525710718878
-1.102789678087916
-0.8736137845211687
-1.4568365193687782
-2.4650083806417626
-3.3766882242880882
-3.780743528764461
-3.547201201709541
-2.8543517681917905
-2.071952906652953
-1.5658300799958198
-1.5204485101042735
-1.8610774425326895
-2.305782840250174
-2.5154512534692373
-2.266339534441613
-1.563034368736382
-0.6409289498895987
0.14002247012361124
0.459397216061
-0.122178076649
-1.17980654557
-2.38268648705
-3.3160226308
-3.63868175796
-3.20540963411
-2.10716600219
-0.620121503517
0.908222395947
2.18447486959
3.05552701033
3.52618200046
3.71067771897
3.74811663944
3.72394482606
3.63242499199
3.39318189762
2.90897012628
2.13350033378
1.11515389603
-0.0046928600899
-1.03771926635
-1.8168953338
-2.25446245827
-2.36259552479
-2.22812119494
-1.95544389969
-1.60796879476
-1.1796726638
-0.613747342997
0.139086811611
1.05231713147
1.98402460919
2.69431261036
2.92221671143
2.49425878638
1.4168106604
-0.0943831653793
-1.67023040892
-2.91517647441
-3.55602186683
-3.54914522962
-3.09612714604
-2.55524797079
-2.28208257317
-2.46590808281
-3.03387623323
-3.66812729891
-3.9330425038
-3.46156093909
-2.12259453396
-0.09848721024
2.16055528016
4.08593892984
5.18181348402
5.18059136102
4.10461206942
2.21909124668
0.673891741689161
-0.9308014146320005
-2.3418250217028316
-3.435041876234081
-4.165956818874619
-4.497312057188736
-4.35479132615707
-3.64211922681433
-2.3100987743315358
-0.4399626519427642
1.7120347147571096
3.746893055714466
5.233417705562346
5.857865973025923
5.549333514045358
4.522541825036129
3.21278611863
1.35666465608
0.116801345815
-0.353452700138
-0.175373210736
0.331980280731
0.802022555979
0.977558940949
0.807134739788
0.442494480897
0.143557921839
0.137711528419
0.498677035574
1.09944410035
1.65952530608
1.86487559573
1.50761956745
0.585184484813
-0.683261161735
-1.9298823056
-2.77082385766
-2.94544609475
-2.408438268
-1.34162790776
-0.0845598850789
0.986547288755
1.58471533232
1.597922576
1.10777494359
0.340690545538
-0.424805767707
-0.957941477852
-1.14728286948
-1.02226503987
-0.722577032697
-0.431458893188
-0.299544239783
-0.38634543358
-0.638084169697
-0.907278566864
-1.00611693985
-0.776066388682
-0.15233377108
0.796298883848
1.86539187497
2.75453385501
3.14249868623
2.78155104232
1.58668040957
-0.307803405054
-2.54810757136
-4.62867050413
-6.01949089227
-6.32259070022
-5.41024013658
-3.49431075139
-1.09149021332
1.1186048747
2.50565258403
2.70221989626
1.73991960381
0.0497672462519
-1.68478360677
-2.77644365033
-2.79396258589
-1.73120410724
-0.0130991697672
1.67140140781
2.64812269721
2.53714509658
1.41647637039
-0.202459867179
-1.5826840535
-2.06983026606
-1.37260511442
0.30329314333
2.32570492917
3.88194611807
4.29617716764
3.28471019035
1.0449571544
0.12821272075805723
-0.746553557212934
-1.0248978922787444
-0.4746623872257345
0.798477651206
0.568478464309
0.448259548781
0.300202711033
0.197348799492
0.330798091003
0.840836252286
1.67226764961
2.54210068276
3.04779824308
2.86715527973
1.94645109201
0.571279002619
-0.731981408763
-1.43153630723
-1.25604591379
-0.359694786293
0.705506571339
1.21450211684
0.599908137063
-1.25964089982
-3.93134086153
-6.56205015468
-8.20774104103
-8.22146789269
-6.53191860547
-3.68902753646
-0.653525056364
1.58138979643
2.37587124229
1.67522900742
-0.00442164623895
-1.82113492825
-2.96982128462
-3.00504404305
-1.99169992124
-0.432307049871
0.982220079522
1.67987857103
1.43894006483
0.452404463518
-0.78696990696
-1.71666309032
-1.94269223291
-1.38659123647
-0.289813112018
0.911283992008
1.77544449525
2.02887057186
1.6551171053
0.878832735603
0.0634571674035
-0.428611867894
-0.360020176922
0.31136913695
1.42934691356
2.69392582059
3.75092413293
4.29046751903
4.13121167981
3.27224943892
1.90045528274
0.34848678418
-0.990639998209
-1.77327521708
-1.80850986532
-1.12087797154
0.0531580048478
1.33970858463
2.35160114681
2.81997792208
2.68535481848
2.11335383151
1.42824522002
0.988985662199
1.05456249349
1.68901625624
2.74035120736
3.89877433782
4.8102713628
5.20280677284
4.98054244144
4.25537431532
3.30802816109
2.494032259
2.12580114064
2.36730185879
3.17262626212
4.28694578077
5.31128440644
5.8148737411
5.46426030724
4.13081515503
1.94141056044
-0.74786425198
-3.4507552181
-5.69241410237
-7.14567662984
-7.71389046121
-7.53146909745
-6.88598790335
-6.0979656941
-5.4113899704
-4.94048696053
-4.68862280146
-4.61748157813
-4.71812600564
-5.03516648999
-5.62311532347
-6.45679577987
-7.35239996811
-7.96131319139
-7.86779871844
-6.76624379127
-4.64136167103
-1.85519233963
0.926000504096
2.96172478885
3.74072217598
3.22433173558
1.90588812412
0.634615107278
0.258879148693
1.23546437083
3.38238615551
5.90198073459
7.68594268612
7.78450103805
5.83843776112
2.27749732509
0.04452690270230164
-1.40785094217
-2.89892155613
-2.31118218932
-0.180679588178
2.37339045103
4.13613250374
4.3119661856
2.8408903866
0.382792901451
-2.01121224008
-3.38125825792
-3.27232052123
-1.89702055936
0.0111542185426
1.5678251488
2.14628544611
1.63331250577
0.424884822073
-0.815157313322
-1.49873695489
-1.384926265
-0.652624454772
0.244243690155
0.847095129906
0.938864626216
0.638176109684
0.300768318022
0.292086256132
0.762012502134
1.54800267835
2.26046316433
2.5035759901
2.10980082296
1.25688560029
0.397569177228
0.0321033899771
0.439625091111
1.51064325035
2.77468707124
3.61840354438
3.59053553106
2.642292918
1.17998279418
-0.102125942083
-0.532452686541
0.230965965724
2.04260450895
4.33249870905
6.35442526016
7.49581514159
7.50185855814
6.51617694605
4.93720109684
3.18233629747
1.4932909362
-0.114742650155
-1.74255712632
-3.41120805743
-4.90883664969
-5.78864944225
-5.54534647866
-3.89547819758
-1.01867682993
2.38036510836
5.25237499164
6.57404453566
5.75817986014
2.92185895684
-1.11533102926
-5.11536018134
-7.87615173766
-8.66890816341
-7.47925158338
-4.96048871881
-2.13268095194
0.0331540456941
0.967095476834
0.651259181335
-0.469491065746
-1.74926113801
-2.64099757401
-2.90089094487
-2.62464173185
-2.12950078441
-1.76451170551
-1.75104888028
-2.12277064731
-2.77136133871
-3.54772384584
-4.34694016479
-5.12733906219
-5.86317640698
-6.47636598295
-6.80808686592
-6.66675809497
-5.93869952156
-4.7010642156
-3.261877125
-2.08109496315
-1.58736344686
-1.96682756416
-3.02910022994
-4.2322085026
-4.87961597668
-4.41882729278
-2.71313396863
-0.156577885357
2.43743855985
4.14534172378
4.31936642666
2.88568721854
0.41794527592
-2.06019989472
-3.47458209371
-3.14298637884
-1.07656341864
1.99081426258
4.8665253491
6.35703237263
5.73913713266
3.05702701553
-0.873093490022
-4.752123234
-7.26642290416
-7.55316615056
-5.48700007483
-1.68817589529
2.73567695362
6.60031537228
9.04334822573
9.76285954151
9.02316215237
7.45254944176
5.73778884216
4.35059174372
3.41354399795
2.74301233074
2.02701474786
1.04142169306
-0.200366850892
-1.4308163385
-2.24640004931
-2.30088173245
-1.48302284751
0.00132387851022
1.67779818007
2.96058881706
3.35195043302
2.60558441293
0.796391645112
-0.24377151876542769
-1.4718607195171245
-2.3591590811834777
-2.49469816247
-3.16187297699
-2.85553606059
-1.7623709557
-0.214757254046
1.36868214147
2.55761632468
3.001396587
2.52699207827
1.21501556843
-0.585147982654
-2.33068748854
-3.44896440572
-3.54416548132
-2.56872049715
-0.87867441484
0.871183553861
1.97135817614
1.95303675785
0.811186282429
-0.951403597523
-2.49746342498
-2.99059195774
-1.9594866461
0.466150327274
3.56001160874
6.2569882983
7.56672775225
6.97253897367
4.64538263383
1.37856532982
-1.73155186365
-3.72307072293
-4.13739441574
-3.16433397647
-1.50909563818
-0.0503353119646
0.551494045548
0.120394409425
-1.00534156955
-2.17815723797
-2.77210650085
-2.47823168136
-1.4286433515
-0.102028309371
0.929779031903
1.28137612461
0.921544659453
0.153940959281
-0.567280923772
-0.882808583801
-0.704147108706
-0.231295976648
0.190533645601
0.29187963798
0.0533043991281
-0.266419140809
-0.269502541279
0.34389241786
1.56692219061
3.02334433785
4.09833629328
4.21241668362
3.11149045775
1.03021998572
-1.35948779129
-3.20324742788
-3.81338979214
-2.95644576569
-0.94874527555
1.48270293122
3.50959613696
4.54108323342
4.44098364852
3.53262001634
2.40073045428
1.59244552067
1.36093095245
1.56833082405
1.78446651112
1.52430182183
0.505022431994
-1.19958463571
-3.17551697055
-4.84084397202
-5.68815963822
-5.48522486636
-4.34945092003
-2.67625439667
-0.968950149587
0.343745385082
1.02301892932
1.03221806532
0.465689226426
0.8102765641927618
0.8077616931318516
0.532232737316221
0.08335908360275823
-0.35979917241250803
-0.53305189117
-1.57295109362
-1.86416941055
-1.41021327324
-0.449794338795
0.604931788593
1.31456711408
1.38411581965
0.784160404863
-0.235172829768
-1.24732350267
-1.82676712624
-1.72463545331
-0.967404969326
0.161656011807
1.24677675603
1.9132547555
1.97553246219
1.50000643364
0.762423160031
0.124897318165
-0.111667073626
0.180545702543
0.91959838627
1.85761331435
2.67876269926
3.10890457905
2.99743690324
2.34936315413
1.30715502006
0.0981443109602
-1.03087503851
-1.87324020497
-2.30485672956
-2.30462455937
-1.9516528862
-1.40005333502
-0.83500848052
-0.418938420805
-0.242339760464
-0.296383634313
-0.480028531552
-0.642747796718
-0.648916122094
-0.438432911118
-0.0568461938323
0.360590043967
0.646676341313
0.677897265798
0.434030320606
0.0132911668298
-0.406175143128
-0.643072626312
-0.594258733679
-0.28368953888
0.143871334086
0.482391920658
0.551256101315
0.27095900643
-0.304715230553
-1.01223537689
-1.64462492788
-2.02951741234
-2.08517906284
-1.8336777303
-1.37190727526
-0.820271713556
-0.276317590506
0.206315884731
0.609824562981
0.927906724206
1.14565927256
1.23893219694
1.19368032572
1.03057184038
0.813616589555
0.62852958672
0.534076325149
0.50851352671
0.422505165561
0.0627963328337
0.868776174954121
1.0574337335874446
0.6911876710044709
0.045293060734152846
-0.449098578953
-1.95981733347
-2.53553520074
-2.10537246089
-0.891952419091
0.655936844769
2.01392222563
2.75931031175
2.70731299094
1.95541520366
0.822812098484
-0.285890935816
-1.03482913645
-1.26766230937
-1.03615129809
-0.544818122518
-0.044882120841
0.271795845877
0.334332258392
0.190976766164
-0.0439488730603
-0.260040212482
-0.400343395631
-0.468826601361
-0.499465280483
-0.511750993963
-0.483492985959
-0.360041979531
-0.0962608247365
0.293680455325
0.711365878026
0.996033134473
0.990908069988
0.625819485462
-0.0254302231597
-0.747334784956
-1.25330815578
-1.3006495489
-0.801812445389
0.119024244552
1.15425400851
1.92013574474
2.10208172227
1.57890731786
0.474622405649
-0.883578253663
-2.08338970851
-2.77313737024
-2.77775961115
-2.14322217428
-1.09953506133
0.0343109784461
0.960511345718
1.48579343877
1.55466589906
1.23441759537
0.672369393452
0.0500498366403
-0.450702693669
-0.669963474188
-0.490698266151
0.132696982509
1.14166241065
2.35410766053
3.48131667865
4.19398934271
4.2272275272
3.48919237761
2.12538748498
0.499961750601
-0.913589138555
-1.69966190241
-1.66223123264
-0.91234685198
0.161394525907
1.03483029259
1.24948022872
0.592317092944
-0.819701721128
-2.584677442
-4.17004707005
-5.11030963113
-5.16653796011
-4.38629251292
-3.0488084466
-1.53060130968
-0.157807817517
0.889644101605
1.58799101269
2.00393408358
2.19891528293
2.15902033943
1.78761702212
0.961864173579
0.12480526293326477
-1.1593388953668722
-2.6766990958762733
-4.11907177559587
-5.175945755679223
-5.626623873689937
-5.394602448500464
-4.54821191134333
-3.258535787123421
-1.7429330280731676
-0.22167829895199986
1.101239055554558
2.042755100007554
2.451615766981533
2.2405228034145495
1.4349220382873966
0.21268039815656437
-1.09919393876
-2.61303382886
-3.43795814779
-3.37838561859
-2.50137948941
-1.13258638199
0.25089068167
1.1942411508
1.43502836842
0.996335296978
0.16124482195
-0.660473972446
-1.11355010104
-1.04465261669
-0.551150828776
0.0864074208374
0.550634460624
0.639114714003
0.349055906547
-0.141495835871
-0.579006377457
-0.766766271436
-0.653864173628
-0.336772001939
0.0216356754952
0.305457037764
0.523828910574
0.805879899678
1.31178006998
2.1081175272
3.08003840385
3.93768338091
4.32665256716
3.99562199187
2.9386720197
1.43547076864
-0.0413776846352
-1.01748525233
-1.22054863523
-0.700117539474
0.196866243637
0.987046112716
1.27420747372
0.92976116139
0.143799199643
-0.677799085268
-1.12007523962
-0.968409197547
-0.317571026582
0.47417032797
0.964808194106
0.85515155728
0.151015639673
-0.820310449936
-1.55124748799
-1.58906009315
-0.755740966105
0.750297121735
2.41900458544
3.63155346327
3.91053105232
3.1075035003
1.44953726379
-0.567856540844
-2.38561745811
-3.5891163551
-4.03107150429
-3.82750930197
-3.24647979261
-2.55612516425
-1.90979629183
-1.31871040222
-0.713276943844
-0.0484879683354
0.611020494695
1.07634281038
1.1010057872
0.496646902028
-0.3163463111975915
-1.5968220906441388
-2.994211193346004
-4.1056104548776915
-4.611054866641126
-4.375156167368232
-3.477057949931691
-2.1636387926771476
-0.7527930663111704
0.46982255618505064
1.3215476903337589
1.7424184954764144
1.7701246407218179
1.49370995956194
1.0123298682912747
0.4151776777096359
-0.21705098448019555
-0.8010672143306579
-1.245266199
-1.83665053861
-2.12671069427
-2.09031675381
-1.76139556342
-1.22995278232
-0.622434299621
-0.0725115335159
0.308200501504
0.451924575136
0.345468750139
0.0297687632596
-0.410612427324
-0.866831045674
-1.2321238347
-1.4308541718
-1.44229919457
-1.30918338126
-1.12341711922
-0.989391457944
-0.976054276253
-1.07758558901
-1.2032778761
-1.20768405402
-0.95481129782
-0.392391952723
0.397083971406
1.19680541389
1.71655943401
1.69706093387
1.01906572138
-0.227995183947
-1.75049861091
-3.13315141016
-3.97287212292
-4.01530372905
-3.2424179971
-1.87766594157
-0.306648134504
1.05659241979
1.90774038778
2.14492056995
1.88500453975
1.40217882998
1.01574317222
0.970567888922
1.35314723652
2.07042583606
2.89459338052
3.55397621898
3.83571790327
3.66403440006
3.12789052121
2.44983345751
1.90744192077
1.73437788758
2.03479552994
2.7407983455
3.62872973624
4.390362229
4.73576522157
4.49253143177
3.66604720072
2.43852017854
1.10647711773
-0.0206180131372
-0.72319200454
-0.938106619793
-0.765924317037
-0.419752381366
-0.139403461451
-0.106682914819
-0.393855334328
-0.96002132651
-1.68783107876
-2.43645205795
-3.08365392064
-3.54095366823
-3.74431095383
-3.63830839138
-3.17521714118
-2.33952016032
-1.18912767304
0.112227014412
1.30048259452
2.06990838275
2.17415550188
1.53312789541
0.297429785912
-1.1672652454
-2.38307642982
-2.91926354386
-2.54926364532
-1.34227954045
0.350732242732
2.01534547308
3.15251195627
3.44943367525
2.87750727455
1.68273511045
0.277759258919
-0.917000645599
-1.61858380713
-1.75880135235
-1.47082444841
-1.0003969594
-0.585544844501
-0.35673866744
-0.295863164169
-0.264867673415
-0.0861169577499
0.362356569576
1.07640906706
1.90789336972
2.60642302537
2.9065764402
2.63095990095
1.77379572226
0.53427144084
-0.71761690093
-1.54041287242
-1.56199030946
-0.620442625253
1.14358685679
3.28367292239
5.14949134355
6.07433278243
5.59390187268
3.62212096877
0.515656485254
-3.00732719852
-6.07707387685
-7.94349877692
-8.21380798289
-6.96981481642
-4.72173805238
-2.21751447415
-0.182282072663
0.911919079736
0.962062179006
0.201709656148
1.6242308822862839
3.05946552535
2.15733794821
1.52927941901
1.04030095301
0.525337599592
-0.0873756771139
-0.718957982608
-1.17307449107
-1.23714763378
-0.7964275528
0.0972863094452
1.23430628466
2.32478887402
3.10411340982
3.41505749229
3.23336109889
2.63637563043
1.74423755773
0.673124976196
-0.473987837272
-1.58270891498
-2.49836289079
-3.02911162134
-2.99927443951
-2.33770373167
-1.15653125484
0.231522974721
1.38642021261
1.89022054514
1.51526024242
0.33473853713
-1.28283005872
-2.80470447892
-3.74158288345
-3.84369164479
-3.19770363705
-2.1790973989
-1.27983300244
-0.888929814062
-1.12580897553
-1.80177889979
-2.52492162201
-2.89637477348
-2.70373715172
-2.02019940902
-1.16433284672
-0.542605631212
-0.452138377907
-0.938500457983
-1.77486199426
-2.56921175046
-2.94506610874
-2.70774172993
-1.91820848469
-0.843737008422
0.184969192207
0.936460050235
1.38065549057
1.68266870294
2.09544700239
2.80792920268
3.82581667978
4.944330073
5.82634910686
6.14827994304
5.7445685904
4.68421292099
3.24629166355
1.80902042976
0.705100733159
0.107789969067
-0.00651032492189
0.18857740952
0.469926138829
0.667898819391
0.725615435912
0.694168444083
0.675959780522
0.751403245045
0.927900793125
1.13456544968
1.26106325033
1.21728062807
0.982354381251
0.619421062929
0.250799708267
0.00734412614629
-0.0236438577697
0.170765041469
0.530573208583
0.95249747635
1.33251679056
1.60298452525
1.75098341351
1.81405396595
1.85851939368
1.95084349276
2.13279927413
2.40793195104
2.7420460254
3.07603590906
3.34616382517
3.50503169999
3.53609688844
3.45600896373
3.30261797456
3.1118038337
2.89167916066
2.60573225944
2.17491631281
1.50210217906
0.512754534611
-0.802793582575
-2.36326197929
-3.99994517342
-5.49246885303
-6.62661431075
-7.25481130681
-7.33838167727
-6.95745163038
-6.28646397936
-5.54505497379
-4.94087891337
-4.62076745399
-4.6409187803
-4.95941122485
-5.44889264353
-5.92527774103
-6.18842595792
-6.07037777306
-5.48394999097
-4.46007813249
-3.1595644707
-1.8477599325
-0.83085198793
-0.367344901692
-0.581704258332
-1.41175539653
-2.61307257864
-3.82400156105
-4.67176371161
-4.88356275378
-4.36458851444
-3.21848686112
-1.70886471962
-0.181825063367
1.02042257006
1.62965343897
1.49523052039
0.606151729078
-0.897922380258
-2.72320718878
-4.43654247315
-5.51847117339
-5.46897733956
-3.95678265485
-0.971239740338
3.08687820689
7.43592622341
11.0893887816
13.1427795967
13.080100295
10.982001044
7.53983916763
3.84787065156
1.03480227925
-0.132100556176
0.483755821715
2.35615622612
4.51819138287
5.95136423759
5.9842694485
4.53926353991
2.13036395715
-0.378441911416
-2.14472750854
-2.68810718132
-2.05858839483
-0.771857190265
0.446388850414
0.985451457541
0.600451773374
-0.512477592629
-1.83473925492
-2.77110137309
-2.908228194
-2.17770250797
-0.867773088146
0.502133180659
1.37639615835
1.34411586091
0.245268329799
0.2388864986828878
-0.41339304530063714
-1.2716228462110308
-1.8573235599
-3.78335412146
-4.67117661836
-4.38521469308
-3.04415133798
-1.03850715534
1.03332687865
2.52077279823
2.93418390906
2.13950171998
0.445537592878
-1.47498329623
-2.82336435669
-2.99022735087
-1.82016321615
0.29389703499
2.54107227243
4.00601685316
4.03983692758
2.53120427155
-0.0412036685835
-2.80045714311
-4.82596959808
-5.51810719363
-4.81704695934
-3.18709121384
-1.38327454151
-0.112361639928
0.25818973519
-0.18063126576
-0.971732200277
-1.53772705601
-1.45726003794
-0.644949715713
0.636966330609
1.92332581565
2.76428179327
2.90931345415
2.37821666066
1.40418739147
0.297978030362
-0.686269088958
-1.4167210791
-1.86210635624
-2.01668585548
-1.83481705445
-1.22735278237
-0.129631908559
1.39836410149
3.10627531567
4.57727676218
5.35175486829
5.10555650831
3.80197507123
1.74088385886
-0.527684705802
-2.39557065242
-3.41372357057
-3.44118676774
-2.66344658619
-1.47788986339
-0.304132413523
0.591687053134
1.18090151746
1.63388571012
2.18739363998
2.98825723823
3.99091226648
4.95650002859
5.55126047761
5.49621157066
4.69933817645
3.31294655752
1.6942598653
0.288588007495
-0.516922722572
-0.515031374352
0.262907069833
1.56339741802
2.98949455926
4.11369824881
4.59342313558
4.26173637841
3.17357787126
1.59609556486
-0.0582076806424
-1.34366445158
-1.91206061202
-1.62311609716
-0.595473637387
0.826135222632
2.183120211
3.05801003409
3.21454688612
2.66738227754
1.65305977202
0.515793212449
-0.440954348014
-1.07127487083
-1.42217158573
-1.67731924118
-2.04301077448
-2.6361177147
-3.42886444603
-4.27219944655
-4.97664810101
-5.40033375873
-5.4944536085
-5.28622528639
-4.82056160403
-4.10943596041
-3.13395201697
-1.90861288843
-0.569934688575
0.578247878668
1.12032075226
0.691782968968
-0.812098042317
-3.09047777109
-5.45619301176
-7.0554587921
-7.22209607606
-5.81423160324
-3.35974996068
-0.902083322728
0.429880635233
-0.037358925006
-2.11569699858
-4.69995536329
-6.14101607743
-4.93241637824
-0.434369244311
6.68973799028
14.5525649468
20.6559791851
22.8211562711
20.0638734335
13.0439650516
3.88183382749
-4.6040634145
-9.93913197655
-10.8927147036
-7.87304406149
-2.66744519983
2.34580318079
5.17008157702
4.93877885236
2.143346439
-1.71906139448
-4.88709654808
-6.11902796645
-5.17671929095
-2.82275365856
-0.37217082161
0.964310157556
0.632456792956
-1.06079190132
-3.15720235769
-4.54435261682
-4.48988520722
-2.96349492522
-0.612825032249
1.57124699686
2.72355267415
2.48234564982
1.10934499591
-0.21914026935569098
-1.1640057407614108
-1.2019316290630968
-0.2948908240096131
1.1463388943815147
2.5015705137402193
3.253333772589656
3.2199704639190116
2.6091845575413117
1.8847894174063953
1.5268392239757418
1.8064700308352997
2.677065595855879
3.8186187164881886
4.797879729600552
5.259108835653748
5.058115080549058
4.290678381531379
3.22147056067503
2.1625276340874535
1.3625645163546096
0.949396343464
0.400304436248
0.179538260926
0.185827806792
0.311712427716
0.451709358266
0.506878060742
0.401628401628
0.114562138579
-0.293002508237
-0.675754478153
-0.846421848892
-0.65395833086
-0.0659922808688
0.787256796419
1.63857902334
2.17871408167
2.18465460502
1.62369331277
0.681020515961
-0.309096866594
-1.00365441115
-1.20186480871
-0.936987446265
-0.463388115673
-0.140140072693
-0.260821382841
-0.906122732619
-1.88824297423
-2.81653583148
-3.25997899104
-2.93798101755
-1.85665274857
-0.32946073956
1.13038033097
2.00438174782
1.9721797298
1.04196704306
-0.444314936578
-1.9330907986
-2.86075960732
-2.85729826693
-1.8757286191
-0.201809722997
1.65521021542
3.14600563414
3.86898114094
3.69492610697
2.78797098329
1.52260215526
0.33437913899
-0.436432809025
-0.650924826215
-0.393098002867
0.0927316895022
0.516268802268
0.657734252015
0.44068893525
-0.062563037893
-0.686375598662
-1.25599739244
-1.65916831192
-1.8735701132
-1.94281697468
-1.92025380735
-1.81582804521
-1.57877166819
-1.12886533104
-0.421547018567
0.488831048186
1.42633021562
2.13246055455
2.3575729894
1.96682746622
1.01136672558
0.23389787174956211
-0.5278602383299358
-0.9469325789099656
-0.8307572763790034
-0.1804722403131791
0.8319281657834807
1.9534297700383974
2.9601230463239574
3.733047012213831
4.265417937259372
4.605106308359922
4.772456301921835
4.708160714851047
4.289978966219522
3.4177043050272147
2.1231846812903257
0.63977750636748
-0.622324818851
-1.74079222041
-1.86176463365
-0.971350848019
0.584323831127
2.19350236564
3.19877286738
3.15672332996
2.02595138602
0.197057927941
-1.65545811546
-2.84111601973
-2.92856045193
-1.91078288969
-0.191722233341
1.59517975352
2.85213604953
3.24732499331
2.81237943823
1.87386057777
0.863205448105
0.103387013522
-0.324362290291
-0.574873514031
-0.906695000566
-1.49806453515
-2.31014899925
-3.07091663038
-3.39137736023
-2.95900843716
-1.71371701627
0.0814962918877
1.91380259975
3.20895332082
3.55276602054
2.84925228255
1.34911689814
-0.458477893305
-2.03831121992
-3.0002880554
-3.2115001821
-2.79284042961
-2.0179008032
-1.17249631642
-0.442739054529
0.123344277846
0.576993892799
0.987089655122
1.36672012737
1.64809827536
1.71573248781
1.47520160986
0.916847779094
0.138369467899
0.4994297492923465
0.9956911392139745
1.74492250341
1.71884889387
1.88558166598
2.12931506978
2.35670589223
2.53770095134
2.70508605996
2.9163413094
3.20188438284
3.53094222486
3.81651923752
3.95936840258
3.90866089729
3.70571107057
3.48286426309
3.41037705982
3.61033040602
4.07587278226
4.63672609235
4.99547238628
4.82974372515
3.92520252309
2.28631146175
0.175042201369
-1.94775388608
-3.56608063027
-4.2893741017
-4.00200735267
-2.91998183689
-1.52483340592
-0.391512612672
0.0289979591235
-0.411469671165
-1.49246554348
-2.70597563683
-3.46016826397
-3.32914719025
-2.2475560865
-0.565191364488
1.06976260199
1.95968450737
1.64093634413
0.0838291887485
-2.2792333018
-4.71620149648
-6.48572729834
-7.13474853535
-6.67517332144
-5.56044952743
-4.46889080813
-3.98683463348
-4.33214084294
-5.24420717039
-6.09480075883
-6.17527608191
-5.03427673213
-2.71347956669
0.229029288721
2.92500646259
4.5462568633
4.64710201283
3.34892171334
1.28567333813
-0.664929541553
-1.74536639701
-1.61779973814
-0.471327996326
1.10198700494
2.39682450204
2.91243848717
2.5537381924
1.63020664587
0.664377192754
0.110301056559
0.121513733227
0.480278925259
0.719841471106
0.3777882501
-0.744256926349
-2.44240960661
-4.16420915974
-5.23447183667
-5.15285695085
-3.82848216738
-1.64416672099
0.681745047692
2.37913661999
2.93576050383
2.30296734192
0.912984532584
-0.497455337958
-1.18356520942
-0.689622115488
0.968903289695
3.30514164351
5.53787782437
6.87568713481
6.80237011349
5.26243827684
2.68484393984
-0.159114913996
-2.41232472558
-3.41557921921
-2.92448953092
-1.18822663344
1.13681827863
3.21220029868
4.30873132936
4.06603744304
2.62812771019
0.600453691567
-1.16576393004
-1.89232884111
-1.18238126019
0.800242818485
3.3583642765
5.49822025338
6.29577168829
5.25575699338
2.52112608292
-1.15728754127
-4.68865767962
-7.04909357474
-7.66898058543
-6.64522389295
-4.69043418279
-2.83676690548
-2.01247682179
-2.66206163207
-4.56349867035
-6.91552460607
-8.65796031409
-8.89472169479
-7.25069611989
-4.02450182605
-0.0842639311439
3.44408810791
5.56925239314
5.75840877261
4.0804025782
1.1333754094
-2.19516848466
-5.03255316027
-6.77666127521
-7.22452774013
-6.55299689574
-5.18612389719
-3.61619093124
-2.2463948908
-1.2997469785
-0.805364915015
-0.645347578235
-0.631710719808
-0.583772651621
-0.386008303938
-0.0173741855748
0.449156174409
0.87394937832
1.09903526407
1.00730934566
0.577480529001
-0.0834096829596
-0.745534474285
-1.10590205252
-0.873500428219
0.13273511476
1.90357248745
4.20480250581
6.60416189032
8.55816122037
9.53988991018
9.17706387999
7.36567559718
4.32853751068
0.59838236374
-3.07951949713
-5.91152644076
-7.25315423782
-6.79045763866
-4.64992974642
-1.39232970917
2.1247605724
4.98839994058
6.50666200983
6.42723829499
5.01447946401
2.94520335503
1.05029830142
-0.00676778738641
0.00993026036396
0.818801601823
1.74640498703
2.02632765622
1.15265054479
-0.860806357793
-3.43203342753
-5.6054792641
-6.41995209188
-5.30368889977
-2.33422672272
1.74699708513
5.77593049111
8.56944919974
9.33308229839
7.91707717866
4.83119788982
1.02843032354
-2.44280458334
-4.77644543136
-5.61490425681
-5.069294221
-3.58079870603
-1.70829177283
0.0603390072109
1.40812009721
2.19041839308
2.37623911901
1.98610383644
1.06721975567
0.5655017934257813
-0.20982486655181276
-1.0169380631537734
-1.5809026926338845
-1.67562700444
-2.18833483571
-2.2032085382
-1.917945771
-1.56859673987
-1.32552873746
-1.22896852026
-1.19572497049
-1.09028270685
-0.818427336628
-0.389728536237
0.0862766126091
0.466416998471
0.661505010828
0.68990719981
0.660315526914
0.689084553923
0.799780866585
0.869914543464
0.669538629073
-0.0135470147051
-1.22116397267
-2.73118540508
-4.09136018741
-4.78949855882
-4.49563198116
-3.26209346792
-1.57062569485
-0.176248547151
0.208608518343
-0.737495553607
-2.72300473973
-4.86654537768
-5.98530850781
-5.05279300745
-1.64871172907
3.78514052347
9.99950566091
15.2990314248
18.0863866904
17.3945450258
13.2191836411
6.54082697102
-0.959644333622
-7.38497545771
-11.1426309392
-11.3476228481
-8.00840483816
-1.97409585861
5.31228030818
12.1724727025
17.0745956605
18.9611502691
17.4657606327
12.9794396385
6.54798301962
-0.388543786355
-6.36384573434
-10.2704278658
-11.6486585776
-10.7805665928
-8.54480483057
-6.07295292903
-4.32729497695
-3.75984219221
-4.188259706
-4.94006666445
-5.20435531625
-4.43887567601
-2.65247711437
-0.434634633022
1.28508774866
1.64314441646
0.232685519636
0.8315270064754543
0.7323619961012469
1.00006241687
-1.0020772687
-1.40128992207
-0.46788222987
1.06822036811
2.36695180474
2.84394934473
2.38815501987
1.34447306289
0.289308745454
-0.27809627848
-0.174657174662
0.406083686441
1.02565110765
1.24225123864
0.831316667594
-0.125400094924
-1.31645884043
-2.3875740704
-3.12727656341
-3.54663739253
-3.81243065642
-4.07912200665
-4.32568403966
-4.30458252888
-3.65001987155
-2.10163369959
0.273107372533
2.98866612058
5.25798561299
6.28896951159
5.6372764316
3.44989734459
0.471631161922
-2.21034961115
-3.5873764351
-3.13760256229
-1.04240518873
1.88681507612
4.54122096676
5.96133678528
5.70425056736
3.97721836288
1.49235839791
-0.876890384783
-2.47233249651
-3.0902369785
-2.98665449298
-2.66737068134
-2.58146074736
-2.87610636813
-3.33140442345
-3.49922941165
-2.96773809019
-1.61283370873
0.292307828923
2.16576348255
3.36117797496
3.45025725939
2.40937383482
0.62477666338
0.28305759423628274
0.4121468823400818
1.33993033827
1.58110223745
2.26102008501
2.95437086086
3.34608002492
3.35741746441
3.13578474355
2.92842706457
2.91820221589
3.11399376472
3.35380389638
3.41458745754
3.16365453363
2.66303045592
2.16268370765
1.97827012112
2.3129731043
3.11765521303
4.06993765392
4.69632978106
4.58937662325
3.61981779698
2.03873677826
0.410984297441
-0.601810141422
-0.518552714873
0.745969579609
2.82642766544
5.04206283793
6.66636497562
7.21561350378
6.63162811046
5.28087520572
3.7734329405
2.68449058076
2.30262233779
2.51496765378
2.8768593649
2.83110691272
1.97698217542
0.269330339235
-1.93850135839
-4.02433829459
-5.34125351112
-5.47120426762
-4.38375549312
-2.44024860858
-0.251164728182
1.54616540874
2.49603186572
2.44105516157
1.51613769729
0.0433823635635
-1.61092893844
-3.15116746986
-4.39877205034
-5.27096398869
-5.72673487948
-5.72603027901
-5.232121852
-4.25491743954
-2.90312909727
-1.40276308518
-0.0546729747306
0.862643174168
1.20490809248
1.0328822819
0.599188354937
0.24517943135
0.246132062331
0.67276716574
1.33633879515
1.85130662714
1.797577328
0.91686787234
-0.742680455407
-2.80211150348
-4.66694385835
-5.74177512531
-5.65943561449
-4.43079502654
-2.45197121941
-0.363255772978
1.18589304108
1.77413150914
1.35656183176
0.269766181059
-0.903874588095
-1.55679719799
-1.27731831785
0.00821668642197
2.01749522135
4.21650928733
6.00240533613
6.89945422958
6.70526424113
5.54638954454
3.8333813981
2.13421416116
1.00470662451
0.822653031325
1.66981086561
3.2946099778
5.17009181953
6.63800106069
7.10479569119
6.23510403591
4.08101863767
1.09798278615
-1.96974311355
-4.30714384861
-5.28294119783
-4.65389296446
-2.64436713718
0.130927826693
2.87515185166
4.87197945431
5.70470549088
5.35183436435
4.1301832835
2.51925596422
0.948045183739
-0.363149101679
-1.44251689722
-2.48097771468
-3.67104026541
-5.05292693453
-6.44402080264
-7.48620176989
-7.7894513019
-7.105656907
-5.45390659351
-3.14219744381
-0.677763270981
1.39381018305
2.65372285102
2.91716840189
2.25151447195
0.914572814356
-0.748259024783
-2.40229699058
-3.78678877197
-4.73789885994
-5.18635371619
-5.14912190563
-4.72385488124
-4.07907309903
-3.42516763286
-2.9586135908
-2.79119286213
-2.89511040329
-3.0992893733
-3.15460596972
-2.85191578836
-2.14327966747
-1.20357987964
-0.388267120216
-0.0888322502435
-0.540581256345
-1.67052784651
-3.06674259471
-4.10257566691
-4.17906372475
-2.98887424144
-0.685449904086
2.12576615804
4.58326704989
5.87979838947
5.5619390734
3.69620046429
0.835718312996
-2.19296655553
-4.58878246818
-5.836118927
-5.82774818182
-4.82044716613
-3.26843187283
-1.62636916192
-0.211715396472
0.829058304336
1.46705456142
1.71062319881
1.56196430619
1.03890778635
0.23836329826
-0.617850360559
-1.21088662322
-1.23991157943
-0.578948526992
0.609943331051
1.88695960253
2.69348516467
2.60589362505
1.56839089591
-0.0194374203167
-1.42813098385
-1.90502252929
-1.03452564243
1.01754778451
3.50698056313
5.38597783606
5.74605352782
4.23666574866
1.26435938855
-2.13328186666
-4.70010468955
-5.48795785627
-4.26589882257
-1.62630359494
1.26540076636
3.17097426682
3.30969240997
1.68453882236
-0.937989796104
-3.38063210738
-4.57851401291
-4.03780340145
-2.02981560849
0.555272900946
2.61649714623
3.32018482951
2.43455718239
0.383168379524
-1.98653727734
-3.79573338053
-4.50122534826
-4.07743042573
-2.95199829496
-1.75218695952
-1.00052170393
-0.906922723947
-1.34210682258
-1.97965926191
-2.51228725203
-2.82070885525
-3.01066150442
-3.31105531136
-3.90173021439
-4.77361084141
-5.70161271071
-6.34596362369
-6.42653839295
-5.87516553198
-4.88274176965
-3.81396525158
-3.03235222423
-2.72521495127
-2.81836977108
-3.02414641182
-2.99817495977
-2.52549920874
-1.64238833821
-0.63309958457
0.09674951293
0.208390022879
-0.41042675603
-1.58819702414
-2.93785657833
-4.01416272491
-4.48552827306
-4.24488909667
-3.41877888574
-2.28403524424
-1.14179827138
-0.210266552797
0.421455006698
0.772847978755
0.912798842887
0.903181801527
0.775601436345
0.545451779425
0.242759541297
-0.0695411011511
-0.30820385912
-0.408496934378
-0.364574617297
-0.242278954432
-0.149682871397
-0.175868891121
-0.329625238985
-0.514014951951
-0.556526762851
-0.285725280985
0.380669164985
1.380169639
2.51249943077
3.50944439148
4.1371550338
4.28461371442
3.99896542695
3.45435852184
2.87235079001
2.43296294792
2.21624465959
2.19575977874
2.27848847472
2.36462321262
2.39565997993
2.37074856859
2.33114180083
2.32877738216
2.39898369488
2.54864191499
2.75731855175
2.98011269732
3.14348876442
3.13726104276
2.81802617558
2.04112561418
0.724857922441
-1.07265496122
-3.10333414138
-4.94687863874
-6.11465467581
-6.21752141955
-5.13603172977
-3.11518006356
-0.725916208955
1.31199647385
2.38800653995
2.23776415768
1.05584715828
-0.572496745081
-1.90102198452
-2.32180974701
-1.60847905431
0.000682906268295
1.91426758795
3.44271916623
4.08278702241
3.70716913486
2.58163208355
1.21286869015
0.10699566806
-0.445214855507
-0.460471017558
-0.201367653477
-0.00612436207534
-0.104359415338
-0.513209355219
-1.05999345077
-1.50824200491
-1.70987171685
-1.69540322897
-1.65113059175
-1.79657273213
-2.2325266521
-2.84876648663
-3.35030351679
-3.39749527898
-2.79161436924
-1.60791282343
-0.199667655683
0.940310666508
1.40111510142
1.0528049713
0.123746608473
-0.887022311703
-1.42649553898
-1.13443125665
-0.00547203120956
1.60812132742
3.15217112305
4.10951282753
4.21040339643
3.52086599637
2.37794201769
1.21538413419
0.372521685458
-0.0206889923478
-0.0360590741952
0.161768999841
0.451901697648
0.837685446672
1.42407949146
2.30764049248
3.44897440801
4.61272518223
5.42680010815
5.54703297505
4.85029505969
3.5528502748
2.17812829728
1.36824742904
1.61288168301
3.0173421063
5.22273145145
7.52603609162
9.15625919196
9.58770568854
8.75012368369
7.03952694786
5.12386954545
3.63249032123
2.87274350682
2.70527800544
2.63589085634
2.0806361474
0.679019444276
-1.49404016361
-3.92159228385
-5.85334116277
-6.63949352539
-6.03937336164
-4.36171840047
-2.3656502083
-0.956349215893
-0.801109702138
-2.02944023803
-4.14859446133
-6.21720666096
-7.21234753899
-6.44445180085
-3.8535347023
-0.0668696775421
3.80710110175
6.57022894652
7.36183181337
5.96030210133
2.84885426289
-0.972914386354
-4.35377776279
-6.39071616616
-6.7151699477
-5.5663674291
-3.63749484831
-1.76742972075
-0.606014503136
-0.384144801102
-0.871791539436
-1.52810375951
-1.77027456594
-1.2429620769
0.0248811115439
1.63717160983
3.00735245385
3.61242140216
3.21157964083
1.9358309989
0.214719391389
-1.41988876525
-2.55870020235
-3.06396769569
-3.07646560992
-2.88403370973
-2.72338708963
-2.6208401246
-2.36003257412
-1.60245917446
-0.10819087835
2.0526974891
4.41370485422
6.21556302777
6.67830831591
5.33639135167
2.2906551495
-1.74505739851
-5.64350499152
-8.2459552737
-8.78058326567
-7.14981606221
-3.96876905518
-0.337557142445
2.56144877884
3.88114542175
3.38077583894
1.45536305613
-1.06931650873
-3.27579093104
-4.48294687618
-4.43804103144
-3.3185398178
-1.57592306867
0.284657626192
1.88318802728
3.03465992387
3.70731467275
3.92340373406
3.67789654002
2.92862595717
1.66115984104
-0.0179093843701
-1.82721092213
-3.34632155064
-4.1429122517
-3.94092563218
-2.75089979781
-0.894914314659
1.0946034159
2.66356617003
3.4313019694
3.30687274112
2.47839619198
1.28716942066
0.0522480983335
-1.06750600791
-2.10833364701
-3.22132910918
-4.52390512189
-5.96517243995
-7.28156026227
-8.07456945595
-7.9810812916
-6.85807502199
-4.89180400972
-2.57276165534
-0.537905372647
0.657374382161
0.741617452723
-0.182173391838
-1.6954438624
-3.24488639052
-4.36528362925
-4.8484049742
-4.78850037614
-4.49143081502
-4.29512001999
-4.3868224429
-4.70156801341
-4.94762863929
-4.74691691498
-3.82678069373
-2.17694964699
-0.100495078966
1.86691943279
3.13966657427
3.29484387121
2.23179940125
0.217950314101
-2.1936913337
-4.34045149848
-5.6517501152
-5.80484982696
-4.78662899301
-2.85332094418
-0.418489541417
2.07916042683
4.27902458282
5.94601108279
6.96489061564
7.30695029332
7.00004836933
6.12119522277
4.80922703333
3.27672774587
1.79589829923
0.645816036336
0.0322260098611
0.012774716611
0.467351604421
1.13865605357
1.73680771448
2.06795155218
2.1278893719
2.10994380039
2.3113925103
2.97102261077
4.10934158159
5.45215291752
6.48912645375
6.66096287172
5.60625929145
3.36166775043
0.417085788009
-2.41746989467
-4.29589772979
-4.66199200849
-3.47993599638
-1.26315796227
1.12322838843
2.81316476467
3.29900202268
2.644031733
1.45048962802
0.589016435945
0.800708030889
2.3425059798
4.83265118873
7.36942673062
8.87896315066
8.54795669717
6.15919780066
2.18900521861
-1.5868942207749512
-4.825740138183491
-6.675594921402464
-6.83997637843116
-5.617029433809407
-3.70013494465627
-1.8436752243979129
-0.5485072890074036
0.09909983456948623
0.380729154949
-0.202914050739
-0.373893529906
-0.0693325827665
0.481427195242
0.897738919272
0.864111295758
0.307783934153
-0.552603655538
-1.30952175749
-1.56630834005
-1.13326153354
-0.123414290331
1.09698825063
2.07614171123
2.47875437313
2.22509533175
1.50392324794
0.660066425886
0.018340384633
-0.266460421597
-0.261232251946
-0.188304698545
-0.282080048337
-0.64707990148
-1.19264639495
-1.67806988164
-1.84400279095
-1.56116249448
-0.917883362788
-0.19834865131
0.242159855645
0.147084550502
-0.507797405003
-1.48236782235
-2.36011352825
-2.71899714524
-2.31063245086
-1.17020829987
0.388597500403
1.88885777604
2.86508520308
3.02543931166
2.34018461969
1.03012824835
1.83351864911
0.542417916029
-0.309804967732
-0.598724809007
-0.37226718582
0.197725110746
0.888488173517
1.49670737253
1.88830906646
2.02102132147
1.94088000173
1.7570792387
1.60079264847
1.57609162902
1.71557541062
1.95689734343
2.15436263161
2.12941701994
1.74726833223
0.99125220143
0.000828553986949
-0.95108117063
-1.54206760261
-1.51822869054
-0.799959069726
0.470176631775
1.96148602229
3.2609501917
4.0096044754
4.01530458355
3.29921024124
2.06390125402
0.605637014408
-0.7851542597
-1.89269340055
-2.5942249633
-2.83865001461
-2.61690409844
-1.95486052327
-0.937948766399
0.252616508544
1.33037945929
1.95302749339
1.83187541211
0.862601882508
-0.787875316272
-2.69730350534
-4.32425975291
-5.22219856101
-5.24047071071
-4.61227864798
-3.87082128962
-3.61240090664
-4.20400115759
-5.57271594283
-7.19039068695
-8.28345481991
-8.19010865185
-6.70564835346
-4.24471770773
-1.71962641276
-0.160434347053
-0.229423187781
-1.84898283816
-4.13090895866
-5.67316750647
-5.12726153253
-1.80801020379
3.91966640178
10.6627514382
16.4498971278
19.4445476916
18.637999163
14.2389502031
7.59789670067
0.697015303888
-4.58421501751
-7.12843667903
-6.90509054845
-4.84916164014
-2.37353342288
-0.743133987211
-0.582361457648
-1.71080959425
-3.34553929987
-4.5447938466
-4.6714553389
-3.66423932262
-2.00977960604
-0.45539389199
0.379707164977
0.300697216245
-0.395822825851
-1.10229136316
-1.22643019017
-0.496978971669
0.898860725711
2.40587972578
3.36685719479
3.33071632691
2.25629113472
0.522225871147
-1.25054180768
-2.47057665754
-2.81209631393
-2.31269212355
-1.30319685198
-0.22109805205
0.592307375583
1.01487421865
1.14068891302
1.17254434957
1.28040030952
1.50466494539
1.74997966365
1.86157886181
1.73209954562
1.37457450859
0.921272342585
0.55250356386
0.398856563305
0.473177262646
0.66920496078
0.824423158278
0.808262619001
0.583782606315
0.208140381216
0.2355866707186891
0.2535518920428643
0.21707935536286982
0.0017875772385167465
-0.5205923911147039
-1.3859500802339255
-2.4770373814501596
-3.538917831649897
-4.271835983878702
-4.460180857150064
-4.07381370989
-3.72830921687
-3.29158989531
-3.0670259843
-3.22073787985
-3.71451415429
-4.3343465999
-4.79654122867
-4.87622910881
-4.49557590608
-3.73405317985
-2.76628682285
-1.7703127545
-0.860371136455
-0.0783285496738
0.561153322051
1.01130822556
1.16906665249
0.913312479681
0.191516670582
-0.895990256982
-2.07374229494
-2.96334163083
-3.23162829915
-2.74864234941
-1.67271486717
-0.407537623046
0.562954682051
0.891530389792
0.532452317102
-0.231982809003
-0.925168532958
-1.11206318584
-0.623566696662
0.344873206386
1.31689286524
1.76787352059
1.39622274667
0.298150570134
-1.04660361531
-1.97976756731
-1.96710133912
-0.854360215253
1.04785716343
3.09292649738
4.57916227159
5.0473868601
4.45322269661
3.13711668766
1.61830701879
0.327496761069
-0.578962918675
-1.22787765985
-1.86366288376
-2.60845596279
-3.29218559671
-3.4628455953
-2.59063611172
-0.370280613786
3.0377944206
6.968018917
10.4570347597
12.6169462616
13.001868587
11.7875877211
9.66901445007
7.51815262904
5.9678779398
5.13015864844
4.59557002365
3.72097543086
2.06221584018
-0.275107187969
-2.5651117229
-3.73766930259
-2.89313897234
0.182968063691
4.76434246761
9.34008596897
12.1490536233
11.8783003035
8.22400617581
2.06273392131
-4.85247114513
-10.5483581147
-13.5632537072
-13.4482395097
-10.8394207841
-7.09623859757
-3.6891515474
-1.61764904471
-1.10537691005
-1.67500871046
-2.52386684185
-2.98917003121
-2.86868074873
-2.45312593946
-2.2809124558
-2.76489849386
-3.89784295269
-5.19360079775
-5.89454759388
-5.33830247252
-3.29750424789
-0.122659349892
3.38143047832
6.28320298529
7.89645526088
8.02248264608
6.95862729919
5.28818119593
3.57196814798
2.10222830881
0.837202870371
-0.465388655517
-2.00313387942
-3.7158792793
-5.22922806112
-5.9946956519
-5.56154182082
-3.84296330196
-1.23611379243
1.47715500247
3.41715287594
3.95803629377
2.98778835928
0.959058519202
-1.29377005053
-2.89300056282
-3.26699513409
-2.36466764236
-0.650804448738
1.10746022546
2.16728748071
2.11329977582
1.01795770983
-0.596541318466
-1.97014080131
-2.40174022559
-1.51689143083
0.589098924636
3.37767179571
6.04711977608
7.80013670075
8.1077636451
6.8836452468
4.51315496427
1.7282113498
-0.632534586031
-1.90060373606
-1.79904872037
-0.530136865251
1.30608104566
2.93843601621
3.71676484347
3.35957536222
2.05837245377
0.392199478631
-0.918062057732
-1.3171428864
-0.655126732265
0.746100192587
2.23326796938
3.11194054013
2.96047689185
1.82718167363
0.219270843665
-1.1151496538
-1.51658012255
-0.707573794255
1.08175261721
3.21097690137
4.90151432416
5.55605668586
4.97917466386
3.40434112612
1.32859854742
-0.750766842249
-2.55901443724
-4.1142978444
-5.61733593922
-7.23005284146
-8.87434339187
-10.1745567074
-10.5929120239
-9.7027366548
-7.46363559239
-4.34868179866
-1.23702239736
0.902568390711
1.40508804339
0.200267410141
-0.623393863773444
-1.59856061476
-3.27932998601
-3.55172462062
-2.47865887298
-0.702572915805
0.867536605804
1.47676928679
0.858259466098
-0.669755243023
-2.38017260235
-3.49470407788
-3.54930455667
-2.59610841082
-1.15400695371
0.0577405633647
0.467003518276
-0.0911474892742
-1.32084276598
-2.63256881994
-3.4381753455
-3.42356739341
-2.66769907636
-1.55917909972
-0.565103288079
0.0214923367905
0.223756482788
0.342553534998
0.762925349214
1.71146988421
3.09529047865
4.51040878826
5.41993295899
5.41470804035
4.42593357871
2.78180917897
1.07692743329
-0.0847648600323
-0.35096621593
0.237493861938
1.28879054157
2.26035836912
2.71646129263
2.5179459121
1.85648041572
1.12486903898
0.696039245958
0.725954053241
1.07983208493
1.41595823124
1.38056767257
0.811412044711
-0.155908097475
-1.13505192814
-1.66831869291
-1.45090688468
-0.490189755812
0.87817585235
2.12612357694
2.75738858529
2.51610102772
1.48620267269
0.042442033089
-1.3160408935
-2.16697908491
-2.30961753359
-1.79671398919
-0.857302865977
0.234380109714
1.26973597907
2.14426806987
2.81965375286
3.25176570938
3.34545323721
2.977265978
2.0809430538
0.7443339984
-0.751610710241
-1.99769507128
-2.61565906795
-2.44330121916
-1.64816933514
-0.693567616194
-0.146917945731
-0.402204558932
-1.44414139006
-2.77963890177
-3.59630789004
-3.10402091153
-0.921291121895
2.66955743948
6.73222210418
9.97597087868
11.2398078238
9.96473394185
6.44939656217
1.76805335092
-2.62828097392
-5.46824595425
-6.14260319676
-4.90956482074
-2.73815091464
-0.861531512451
-0.237663312904
-1.15216990801
-3.13158107348
-5.19443222069
-6.31745601342
-5.90218193954
-4.03423673659
-1.42811581473
0.904094777933
2.09870330211
1.79555411951
0.248899232459
-1.83888635873
-3.66388537449
-4.67329912861
-4.75950335306
-4.21878989575
-3.51838288092
-3.00760005718
-2.72869555585
-2.42274577057
-1.7188592701
-0.396867424041
1.425177143
3.28746254792
4.58003076687
4.83612587139
3.97657478154
2.37482843469
0.700884566145
-0.385341621596
-0.541799546912
0.100531271711
1.01517330065
1.5547669613
1.28736755398
0.225850573374
-1.16692384845
-2.20347983128
-2.31805863371
-1.36182945831
0.302214499468
1.95597102334
2.86104883426
2.60853753844
1.31117798883
nan
nan
nan
nan
nan
nan
nan
nan
nan
nan
nan
nan
nan
nan
nan
nan
nan
nan
nan
nan
nan
nan
nan
nan
nan
nan
nan
nan
nan
nan
nan
nan
nan
nan
nan
nan
nan
nan
nan
nan
nan
nan
nan
nan
nan
nan
nan
nan
nan
nan
nan
nan
nan
nan
nan
nan
nan
nan
nan
nan
nan
nan
nan
nan
nan
nan
nan
nan
nan
nan
nan
nan
nan
nan
nan
nan
nan
nan
nan
nan
nan
nan
nan
nan
nan
nan
nan
nan
nan
nan
nan
nan
nan
nan
nan
nan
nan
nan
nan
nan
nan
nan
nan
nan
nan
nan
nan
nan
nan
nan
nan
nan
nan
nan
nan
nan
nan
nan
nan
nan
nan
nan
nan
nan
nan
nan
nan
nan
nan
nan
nan
nan
nan
nan
nan
nan
nan
nan
nan
nan
nan
nan
nan
nan
nan
nan
nan
nan
nan
nan
nan
nan
nan
nan
nan
nan
nan
nan
nan
nan
nan
nan
nan
nan
nan
nan
nan
nan
nan
nan
nan
nan
nan
nan
nan
nan
nan
nan
nan
nan
nan
nan
nan
nan
nan
nan
nan
nan
nan
nan
nan
nan
nan
nan
nan
nan
nan
nan
nan
nan
nan
nan
nan
nan
nan
nan
nan
nan
nan
nan
nan
nan
nan
nan
nan
nan
nan
nan
nan
nan
nan
nan
nan
nan
nan
nan
nan
nan
nan
nan
nan
nan
nan
nan
nan
nan
nan
nan
nan
nan
nan
nan
nan
nan
nan
nan
nan
nan
nan
nan
nan
nan
nan
nan
nan
nan
nan
nan
nan
nan
nan
nan
nan
nan
nan
nan
nan
nan
nan
nan
nan
nan
nan
nan
nan
nan
nan
nan
nan
nan
nan
nan
nan
nan
nan
nan
nan
nan
nan
nan
nan
nan
nan
nan
nan
nan
nan
nan
nan
nan
nan
nan
nan
nan
nan
nan
nan
nan
nan
nan
nan
nan
nan
nan
nan
nan
nan
nan
nan
nan
nan
nan
nan
nan
nan
nan
nan
nan
nan
nan
nan
nan
nan
nan
nan
nan
nan
nan
nan
nan
nan
nan
nan
nan
nan
nan
nan
nan
nan
nan
nan
nan
nan
nan
nan
nan
nan
nan
nan
nan
nan
nan
nan
nan
nan
nan
nan
nan
nan
nan
nan
nan
nan
nan
nan
nan
nan
nan
nan
nan
nan
nan
nan
nan
nan
nan
nan
nan
nan
nan
nan
nan
nan
nan
nan
nan
nan
nan
nan
nan
nan
nan
nan
nan
nan
nan
nan
nan
nan
nan
nan
nan
nan
nan
nan
nan
nan
nan
nan
nan
nan
nan
nan
nan
nan
nan
nan
nan
nan
nan
nan
nan
nan
nan
nan
nan
nan
nan
nan
nan
nan
nan
nan
nan
nan
nan
nan
nan
nan
nan
nan
nan
nan
nan
nan
nan
nan
nan
nan
nan
nan
nan
nan
nan
nan
nan
nan
nan
nan
nan
nan
nan
nan
nan
nan
nan
nan
nan
nan
nan
nan
nan
nan
nan
nan
nan
nan
nan
nan
nan
nan
nan
nan
nan
nan
nan
nan
nan
nan
nan
nan
nan
nan
nan
nan
nan
nan
nan
nan
nan
nan
nan
nan
nan
nan
nan
nan
nan
nan
nan
nan
nan
nan
nan
nan
nan
nan
nan
nan
nan
nan
nan
nan
nan
nan
nan
nan
nan
nan
nan
nan
nan
nan
nan
nan
nan
nan
nan
nan
nan
nan
nan
nan
nan
nan
nan
nan
nan
nan
nan
nan
nan
nan
nan
nan
nan
nan
nan
nan
nan
nan
nan
nan
nan
nan
nan
nan
nan
nan
nan
nan
nan
nan
nan
nan
nan
nan
nan
nan
nan
nan
nan
nan
nan
nan
nan
nan
nan
nan
nan
nan
nan
nan
nan
nan
nan
nan
nan
nan
nan
nan
nan
nan
nan
nan
nan
nan
nan
nan
nan
nan
nan
nan
nan
nan
nan
nan
nan
nan
nan
nan
nan
nan
nan
nan
nan
nan
nan
nan
nan
nan
nan
nan
nan
nan
nan
nan
nan
nan
nan
nan
nan
nan
nan
nan
nan
nan
nan
nan
nan
nan
nan
nan
nan
nan
nan
nan
nan
nan
nan
nan
nan
nan
nan
nan
nan
nan
nan
nan
nan
nan
nan
nan
nan
nan
nan
nan
nan
nan
nan
nan
nan
nan
nan
nan
nan
nan
nan
nan
nan
nan
nan
nan
nan
nan
nan
nan
nan
nan
nan
nan
nan
nan
nan
nan
nan
nan
nan
nan
nan
nan
nan
nan
nan
nan
nan
nan
nan
nan
nan
nan
nan
nan
nan
nan
nan
nan
nan
nan
nan
nan
nan
nan
nan
nan
nan
nan
nan
nan
nan
nan
nan
nan
nan
nan
nan
nan
nan
nan
nan
nan
nan
nan
nan
nan
nan
nan
nan
nan
nan
nan
nan
nan
nan
nan
nan
nan
nan
nan
nan
nan
nan
nan
nan
nan
nan
nan
nan
nan
nan
nan
nan
nan
nan
nan
nan
nan
nan
nan
nan
nan
nan
nan
nan
nan
nan
nan
nan
nan
nan
nan
nan
nan
nan
nan
nan
nan
nan
nan
nan
nan
nan
nan
nan
nan
nan
nan
nan
nan
nan
nan
nan
nan
nan
nan
nan
nan
nan
nan
nan
nan
nan
nan
nan
nan
nan
nan
nan
nan
nan
nan
nan
nan
nan
nan
nan
nan
nan
nan
nan
nan
nan
nan
nan
nan
nan
nan
nan
nan
nan
nan
nan
nan
nan
nan
nan
nan
nan
nan
nan
nan
nan
nan
nan
nan
nan
nan
nan
nan
nan
nan
nan
nan
nan
nan
nan
nan
nan
nan
nan
nan
nan
nan
nan
nan
nan
nan
nan
nan
nan
nan
nan
nan
nan
nan
nan
nan
nan
nan
nan
nan
nan
nan
nan
nan
nan
nan
nan
nan
nan
nan
nan
nan
nan
nan
nan
nan
nan
nan
nan
nan
nan
nan
nan
nan
nan
nan
nan
nan
nan
nan
nan
nan
nan
nan
nan
nan
nan
nan
nan
nan
nan
nan
nan
nan
nan
nan
nan
nan
nan
nan
nan
nan
nan
nan
nan
nan
nan
nan
nan
nan
nan
nan
nan
nan
nan
nan
nan
nan
nan
nan
nan
nan
nan
nan
nan
nan
nan
nan
nan
nan
nan
nan
nan
nan
nan
nan
nan
nan
nan
nan
nan
nan
nan
nan
nan
nan
nan
nan
nan
nan
nan
nan
nan
nan
nan
nan
nan
nan
nan
nan
nan
nan
nan
nan
nan
nan
nan
nan
nan
nan
nan
nan
nan
nan
nan
nan
nan
nan
nan
nan
nan
nan
nan
nan
nan
nan
nan
nan
nan
nan
nan
nan
nan
nan
nan
nan
nan
nan
nan
nan
nan
nan
nan
nan
nan
nan
nan
nan
nan
nan
nan
nan
nan
nan
nan
nan
nan
nan
nan
nan
nan
nan
nan
nan
nan
nan
nan
nan
nan
nan
nan
nan
nan
nan
nan
nan
nan
nan
nan
nan
nan
nan
nan
nan
nan
nan
nan
nan
nan
nan
nan
nan
nan
nan
nan
nan
nan
nan
nan
nan
nan
nan
nan
nan
nan
nan
nan
nan
nan
nan
nan
nan
nan
nan
nan
nan
nan
nan
nan
nan
nan
nan
nan
nan
nan
nan
nan
nan
nan
nan
nan
nan
nan
nan
nan
nan
nan
nan
nan
nan
nan
nan
nan
nan
nan
nan
nan
nan
nan
nan
nan
nan
nan
nan
nan
nan
nan
nan
nan
nan
nan
nan
nan
nan
nan
nan
nan
nan
nan
nan
nan
nan
nan
nan
nan
nan
nan
nan
nan
nan
nan
nan
nan
nan
nan
nan
nan
nan
nan
nan
nan
nan
nan
nan
nan
nan
nan
nan
nan
nan
nan
nan
nan
nan
nan
nan
nan
nan
nan
nan
nan
nan
nan
nan
nan
nan
nan
nan
nan
nan
nan
nan
nan
nan
nan
nan
nan
nan
nan
nan
nan
nan
nan
nan
nan
nan
nan
nan
nan
nan
nan
nan
nan
nan
nan
