nan
nan
nan
nan
nan
nan
nan
-1.26793670342
-1.62407485847
-1.49903544378
-1.17635250781
-0.905880686863
-0.784401287813
-0.73265705764
-0.577166879847
-0.187160540699
0.413714243062
1.02777781135
1.37189185154
1.22939712313
0.582605085839
-0.350678935965
-1.20459286749
-1.63863173909
-1.51047562544
-0.957091235701
-0.336473735356
-0.0528346238772
-0.349497124796
-1.17395822922
-2.18675881053
-2.91528247524
-2.98043787353
-2.28554724074
-1.07297504134
0.182101718211
0.991261018447
1.07983092469
0.511152977495
-0.351739049695
-1.02695152114
-1.14727434988
-0.631803356693
0.286798980527
1.18911650446
1.68302337639
1.59610148498
1.05078693657
0.387730783257
-0.0195296864003
0.0391022425913
0.504725891218
1.08835538725
1.43271827784
1.31155194801
0.761369803951
0.0752432879645
-0.340752767074
-0.17653906855
0.614275333089
1.77518164537
2.85888244337
3.43700855413
3.30383890206
2.57268733591
1.61710349003
0.886772574276
0.690634837669
1.05550789277
1.7293931746
2.32462273351
2.52485970704
2.2481327963
1.68194788642
1.17387453064
1.03709324633
1.3755932805
2.0239840669
2.63647681966
2.87938970946
2.6235718351
2.02898913552
1.4676456211
1.31683558358
1.72828267504
2.5001805543
3.13393763356
3.06506867877
1.9634566231
-0.0487825714064
-2.38549065909
-4.22001539844
-4.8560657905
-4.0752897313
-2.28739948842
-0.391526204988
0.608250444603
0.067268800649
-1.9720737004
-4.755144467
-7.12411001562
-8.03556486655
-7.05461610015
-4.59120791924
-1.75316775679
0.136153244518
0.148448817818
-1.78781919798
-4.79569029519
-7.38866968205
-8.106728374
-6.17584670026
-1.89786696147
3.41045271477
7.9147257817
9.99028431656
8.87148929277
4.94890683268
1.8222467444658434
-0.945740188349
-4.06108875061
-4.63287509353
-2.98274213684
-0.185676487186
2.45498683409
3.96203052188
4.02698789768
3.01517912635
1.67115927713
0.695883091562
0.409621565809
0.652871874575
0.947759435016
0.811828828548
0.0483654561525
-1.13802548476
-2.252492167
-2.77923785994
-2.46109755449
-1.44127657818
-0.195265983967
0.7082952593
0.891501085074
0.349325639101
-0.560806516157
-1.31202236076
-1.48042021013
-0.955898897033
0.0141486186154
0.965127846951
1.46142703084
1.31827941618
0.685620078613
-0.0448297311362
-0.454990552659
-0.321756478666
0.272259899145
0.993915401432
1.44714294188
1.39010671545
0.865351850107
0.174685731152
-0.285665060886
-0.239623490395
0.320149316392
1.12913807277
1.79446172364
2.00757206974
1.71186764777
1.13509725911
0.668576558236
0.656849707837
1.20910692556
2.13221879007
3.0209737045
3.45833736664
3.22127749563
2.38609331576
1.28160015077
0.319394276606
-0.205740184878
-0.239469195762
0.0456134629009
0.384767497528
0.594169968985
0.679314444632
0.814216348371
1.20271569845
1.90420809638
2.73190033029
3.29582385043
3.18290427438
2.18530363745
0.451610860241
-1.53345662025
-3.1491230788
-3.92920867399
-3.79752103286
-3.11950658506
-2.52859414521
-2.60050663366
-3.53308473375
-4.99734049427
-6.24923360413
-6.46570003615
-5.15416669931
-2.43989794916
0.915188233854
3.78653664715
5.1410195509
4.47202290094
2.02267765045
-1.30026127206
-4.28077678144
-5.85902707785
-5.51033243814
-3.39057298731
-0.213117729131
3.06014947902
5.56370934632
6.7683365487
6.54758163634
5.09431248554
2.77343126997
0.00171994107438
-2.80125399295
-5.21160964826
-6.80927195259
-7.24661683784
-6.37659915917
-4.3787970847
-1.79379507049
0.595579666148
2.02266956699
2.03854306062
0.717164070197
-1.34825805508
-3.27928833341
-4.28576359817
-4.01150127692
-2.68750706282
-1.01360720246
0.180876347644
0.33698961449
-0.567185043086
-2.01413094912
-3.21026776964
-3.48422433818
-2.62108248646
-0.965437820319
0.757237519792
1.80865491231
1.80684818883
0.908313680268
-0.287933274239
-1.06139218041
-0.946558750956
0.0330764563324
1.39592927162
2.47994026197
2.81642765001
2.39585046915
1.67584443674
1.31852359843
1.79210553383
3.05293542667
4.49242370606
5.20141968079
4.43730651425
2.06261108901
-1.27884291835
-4.36439366327
-5.9058769348
-5.14614212096
-2.25606453154
1.66941283464
5.03553398301
6.41416804995
5.15626438859
1.67311164971
-1.4705892655556596
-3.9318705305159654
-4.463460701714666
-2.700660950706194
0.7184310182596647
4.465775529551593
7.115389438028416
7.745792473617925
6.295291187539036
3.537228999549882
0.716865198018
-2.54388005468
-3.9567076787
-3.49231126342
-1.70521092252
0.5685809359
2.55748205869
3.7935420298
4.17184527654
3.85382107674
3.10413704373
2.15833611796
1.17393445777
0.254588036594
-0.505920815986
-1.01332887405
-1.21245893765
-1.14616758732
-0.978912074491
-0.94570806318
-1.2342899473
-1.85806303118
-2.59769323706
-3.06353198414
-2.8695957906
-1.84464168051
-0.173965927066
1.61196614786
2.81647030708
2.85447443538
1.50634474779
0.5396758335128027
-0.9103820670879514
-2.0594251359691214
-2.28627676734
-2.60608881829
-1.95487504386
-0.814092968341
0.283954503312
0.981946600971
1.20613782188
1.1223156533
0.982959157692
0.960084206101
1.05582247166
1.13162927631
1.0271147751
0.68966335744
0.232880585319
-0.114133190416
-0.13919566974
0.216184903512
0.79887058663
1.30612899573
1.44148904394
1.082782996
0.368400392691
-0.353003538916
-0.692797964497
-0.430114975119
0.350607663929
1.2692969425
1.81201229047
1.57231519001
0.456809191346
-1.2465098231
-2.9737050246
-4.11742604846
-4.27931311858
-3.42717164329
-1.88949916455
-0.198458900689
1.13777504444
1.82515529831
1.85498603421
1.43933620274
0.861436230759
0.328253956774
-0.0991162907017
-0.472055175578
-0.853034764894
-1.21823777569
-1.43055652787
-1.30550404593
-0.735616467941
0.199136065183
1.20507498602
1.86061461865
1.78224440363
0.793364261845
0.19278857740955857
-0.8257917996404132
-1.7835416558929182
-2.2891912665351413
-2.1819041329685973
-1.5594719764783775
-0.6842336278534447
0.180395874171
-0.321901159326
-0.866255245162
-1.22359255565
-1.16278986489
-0.597378907708
0.340265355663
1.33710526034
2.03206276954
2.17736376386
1.74899517265
0.952882690369
0.125562888601
-0.420533283258
-0.532051855886
-0.267569784111
0.151343045185
0.460346356359
0.480859106229
0.194337034629
-0.268963697133
-0.71319877029
-0.983534819534
-1.03935360547
-0.958571423085
-0.875891296345
-0.892624788716
-1.00930618604
-1.11856770437
-1.0627516589
-0.726083681127
-0.112693127626
0.631634712994
1.26822550995
1.56421454618
1.39599660645
0.809508961745
0.00922103604069
-0.719974892426
-1.12426090725
-1.07853589988
-0.630537006447
0.0241676239429
0.622849145212
0.937016516492
0.853939836602
0.40862830744
0.890383559287
0.321591930215
-0.0618525217838
-0.173513802642
-0.0442382839957
0.201625783696
0.405196336535
0.44275124011
0.278313479551
-0.0218925858047
-0.319433210132
-0.466819078193
-0.378377750497
-0.0784432608639
0.296380790975
0.546437465774
0.493285758286
0.0653445859373
-0.653086977426
-1.43532714223
-1.98925124369
-2.07068789421
-1.58783544946
-0.651550403601
0.453209933941
1.36680472784
1.78637983203
1.57577649458
0.808827685784
-0.05547925950395438
-0.9208104947088174
-1.529172986872922
-1.7616594790246154
-1.6566240258839287
-1.3597347846094152
-1.0367103785242193
-0.794227737860993
-0.6461073057194398
-0.535576690060779
-0.3942473885540636
-0.20011713478430693
0.00032015046383548906
0.11887354091410884
0.08542696098690783
-0.0954385524513981
-0.327319603144943
-0.4603822472872565
-0.3708504347244599
-0.04270370583718375
0.3924769931762597
0.6839522059065786
0.5528535010942477
-0.190648758845
-1.70612518689
-3.63994471671
-5.62934672955
-7.25581988092
-8.16330826384
-8.14607741281
-7.18159863666
-5.41093145657
-3.08977307192
-0.537595298604
1.89991763064
3.87898444089
5.09277294762
5.3265551923
4.52800944621
2.86546944066
0.735667144806
-1.30717860967
-2.69801333771
-3.04180147033
-2.26059563656
-0.640768581191
1.25173611638
2.76671989854
3.4044823652
2.99685026622
1.75938414432
0.1919899158
-1.1305372748
-1.78907946864
-1.6743020402
-1.00141585072
-0.1852301978
0.362980695508
0.422265554816
0.0485950552654
-0.473718249413
-0.786970781075
-0.64375301674
-0.0304129404312
0.827798126643
1.58014516741
1.92550043204
1.76283168263
1.24292167964
0.694833626494
0.461261579433
0.721805569965
1.39105775805
2.14505318414
2.57009016142
2.36935695107
1.53226699158
0.383567170034
-0.520233900637
-0.612344442877
0.434309609207
2.53560251402
5.18226915038
7.59961375554
9.02497540349
8.99604310767
7.53479674282
5.15050233838
2.65576284862
0.86384252233
0.283365476024
0.928579019892
2.31866506766
3.66593638233
4.17961110913
3.36825853673
1.22680490799
-1.7588793989
-4.78518914
-7.01031717836
-7.83287137573
-7.07027951773
-4.98345816775
-2.15663938562
0.706449305438
2.98718363908
4.28914630109
4.47950973422
3.65074029054
2.04614456005
-0.00723488955506
-2.13812238375
-3.95295101129
-5.06851365117
-5.17823499755
-4.14852949534
-2.1096677414
0.511752636091
3.060344942
4.82210913401
5.24988881196
4.16073905831
1.82053628715
-1.13019346187
-3.89105025303
-5.77753590238
-6.44870368757
-5.99551572877
-4.85783267262
-3.61201308138
-2.72610201559
-2.38992935767
-2.48847727816
-2.71748644849
-2.7738740889
-2.52186941136
-2.05334938721
-1.61789103835
-1.46542291008
-1.688210688
-2.14762742847
-2.52610019776
-2.47927230179
-1.81131700962
-0.583982355823
0.896653644267
2.2099845321
3.00314227702
3.13640082118
2.72273932334
2.04747312281
1.41460258477
1.00179809414
0.797984419879
0.651221214806
0.394807887019
-0.0221312068864
-0.475081501358
-0.712249025731
-0.488243500378
0.286350526173
1.46044531948
2.67273748545
3.4890986057
3.58521154613
2.88947253853
1.62041564136
0.203908393641
-0.888437076639
-1.30506500099
-0.915058429116
0.187840604337
1.760235304
3.51223209106
5.18613756845
6.58529413263
7.56484099956
8.01957653196
7.89933643372
7.25312629878
6.26948988461
5.26641991335
4.60303521058
4.53061380486
5.04754958927
5.84146344576
6.37451937868
6.10194263377
4.73953514583
2.45372131882
-0.13447988641
-2.1628701237
-2.88603347845
-2.02451238084
0.0612706264109
2.47114056772
4.11603822701
4.17572852914
2.45971006083
-0.498102085218
-3.66348727039
-5.95038527468
-6.69182903537
-5.91678193977
-4.30430609877
-2.83737245215
-2.32103722524
-2.99486020381
-4.42484823002
-5.72625245562
-6.00928658634
-4.83219069176
-2.44233825389
0.311784238253
2.35645940719
2.87736698331
1.68318063217
-0.721334294373
-3.38132687578
-5.3334371056
-6.02980406722
-5.54641370107
-4.48765339372
-3.64790990925
-3.60536047297
-4.44801470298
-5.75832542543
-6.85000141485
-7.12667564009
-6.37796356431
-4.8684928276
-3.18604887176
-1.93776401058
-1.45578548036
-1.6611835965
-2.14663554401
-2.42263281558
-2.18930879724
-1.48830526
-0.65821425743
-0.124800399636
-0.14581753519
-0.653206162777
-1.28143975561
-1.56915637627
-1.22625725024
-0.320897370208
0.719508941566
1.30251860821
0.966296811928
-0.37271151051
-2.3481212107
-4.28840554942
-5.50971453764
-5.61406495376
-4.64865219018
-3.05336456751
-1.43059339674
-0.258827019944
0.305257064904
0.443181431248
0.514761637661
0.819563039475
1.41531287788
2.09288621564
2.51771458393
2.45285014087
1.93123962967
1.27089458224
0.913726789273
1.17038850433
2.01365672494
3.04631820337
3.68100576255
3.45319246212
2.30622265402
0.685983658409
-0.630524254506
-0.913101615815
0.113486300604
2.04285397154
3.88315019552
4.46830176702
3.01789513192
-0.411046810594
-4.80978210062
-8.53078311199
-9.92545011662
-8.04735618983
-3.11530341534
3.4794228139
9.64676966576
13.3702921622
13.4640587807
10.0034228151
4.25685409875
0.3193275453985933
-2.13337214635
-4.21969975173
-3.76410968615
-1.72163957299
0.519460985253
1.76867675885
1.50996553038
0.0353135696156
-1.78976241947
-2.99077865882
-2.95145866883
-1.67463576561
0.261666311556
2.00603110974
2.83422693571
2.45891681833
1.11719869981
-0.582210290458
-1.95915236545
-2.55857271049
-2.30984182636
-1.49312775907
-0.553177001315
0.132092922886
0.412118946469
0.385655485228
0.292985673408
0.351444979285
0.628317980799
1.01593025432
1.31318639101
1.35948974152
1.14126443915
0.809966927373
0.601609164298
0.702997805188
1.13954115055
1.74823887623
2.25382381829
2.41042472786
2.13498467019
1.56107320228
0.981643696361
0.706269996532
0.903203761149
1.50616661217
2.23496938981
2.72311619959
2.69242527553
2.09084746373
1.12686562982
0.183467851579
-0.347846344001
-0.235323089066
0.499571495939
1.60317766866
2.70999019642
3.50178322786
3.83064136018
3.75322956211
3.46968600573
3.20655844379
3.10653108306
3.17810940713
3.32286170682
3.4160382207
3.39037025998
3.27531506869
3.17216250246
3.18295432533
3.33731896945
3.56204418557
3.71355122602
3.65729462855
3.35055827288
2.88146283882
2.43949164553
2.22943316698
2.3714882801
2.83852515452
3.46240320459
4.0051140607
4.25684427378
4.11038559079
3.57663500637
2.74073545682
1.69303334713
0.483334733201
-0.868291789416
-2.30821361462
-3.67594468009
-4.67969074539
-4.96107066735
-4.24222267697
-2.49599454479
-0.0512119701041
2.44020612208
4.1907566065
4.56126515259
3.32658704437
0.801155679772
-2.24674733662
-4.87326668077
-6.32210160966
-6.31930869994
-5.1690661509
-3.60351817649
-2.44885476199
-2.25424258483
-3.04991485691
-4.34452662017
-5.36393625044
-5.42286094627
-4.2586708478
-2.17247296665
0.0898287659005
1.6644525616
1.95635057683
0.908652176701
-0.969415875821
-2.83085958662
-3.87366439116
-3.70579722508
-2.52793626246
-1.05101182335
-0.1838535653
-0.627789763591
-2.55512273253
-5.51051967106
-8.57686719748
-10.7339562932
-11.2586826836
-10.0020241104
-7.4338124696
-4.44469325507
-1.99270009211
-0.739449003622
-0.817370864296
-1.81038178541
-2.94345488682
-3.39781685256
-2.62738757154
-0.560571305157
2.37844022962
5.42550858062
7.74446204149
8.70834991251
8.09808162029
6.15694424291
3.49130440057
0.858952926038
-1.07892348656
-1.95797559077
-1.79850939689
-0.956625322983
0.0377182485733
0.69276902638
0.737297218928
0.205607721514
-0.604238792041
-1.27831611668
-1.47737470238
-1.08903715391
-0.276787270571
0.59482879148
1.12519564134
1.05884335745
0.401006167507
-0.585101286937
-1.49785683399
-1.97784991677
-1.86469626338
-1.25602506185
-0.441278085077
0.256048439707
0.648047814208
0.77629011923
0.877820409774
1.23444325728
1.9775667659
2.94946713207
3.70204446448
3.65282181848
2.34229039612
-0.317935164846
-3.92329744223
-7.65082874568
-10.518084499
-11.7331675127
-10.9979557678
-8.63946017454
-5.51017472796
-2.69003493508
-1.10185629037
-1.18620040861
-2.75724875948
-5.08961046349
-7.19706126434
-8.19366034368
-7.60203571964
-5.50019398838
-2.46361046521
0.66363184985
3.07564903073
4.27527708877
4.21535546436
3.27040744688
2.06107862927
1.20392808118
1.08065428089
1.70839158909
2.75276742958
3.67295502281
3.94125080555
3.25444599125
1.65873854854
-0.457600944404
-2.50054930725
-3.88430477343
-4.24227906355
-3.55542279827
-2.14979220899
-0.565891610744
0.647706412023
1.13480025547
0.848214849971
0.0402791225956
-0.862992098334
-1.44719296553
-1.47577283929
-0.970938147052
-0.182658120294
0.532045775456
0.861560799151
0.65817116583
-0.0214872459641
-0.959373912496
-1.87155797472
-2.50845070155
-2.71981417516
-2.47002650007
-1.81626196365
-0.876116926378
0.194259827233
1.20928783526
1.96615152596
2.27975337089
2.04539166213
1.30890198764
0.304626987754
-0.576752114964
-0.901451825572
-0.356132469171
1.10385232348
3.19390977321
5.3697833127
7.01314863872
7.6620381656
7.18661763562
5.8288293915
4.08384877779
2.4755898918
1.33136353579
0.664292258914
0.221587269165
-0.325170579242
-1.14522279021
-2.09433330931
-2.73121721236
-2.51217623979
-1.08007305019
1.49073550386
4.62061873284
7.37478140186
8.78651079409
8.2195592023
5.61327984763
1.50435327161
-0.7135202304147725
-2.537310334319045
-3.2786876797416085
-2.70979984291
-3.49121986325
-3.59756101827
-3.44221788492
-3.23990940983
-2.97623519339
-2.51652042007
-1.77206259984
-0.817883181061
0.108646140449
0.725815946361
0.870017237771
0.602782610458
0.192502696378
-0.0279637629164
0.146597457683
0.660366559397
1.20458201983
1.3759778727
0.910692012922
-0.129495642898
-1.3263915384
-2.06359269657
-1.810129654
-0.395947490073
1.859734937
4.24111601155
5.91831710478
6.29481863771
5.25998588159
3.22922648047
0.954250331898
-0.805367842376
-1.59404395351
-1.4121119884
-0.645926898841
0.175853545429
0.668387035162
0.771973369244
0.740081219642
0.947995223225
1.62972359425
2.68824653021
3.68661678741
4.0341856667
3.28069928009
1.37256222521
-1.26025815987
-3.83830210745
-5.53316364312
-5.79986583368
-4.59105857263
-2.35904418201
0.149208998543
2.20500193565
3.37548105904
3.64692518279
3.3530882131
2.96024501448
2.82238182017
3.02387440766
3.37512031952
3.54779258453
3.27054842489
2.48387788231
1.38145483784
0.326600501129
-0.306463627513
-0.285902578103
0.399131090214
1.55985715029
2.90337837455
4.14492237189
5.08134823602
5.60125761989
5.64715275589
5.17153197455
4.12774575045
2.50999318982
0.421177410533
-1.87671526492
-3.97340719562
-5.39867836709
-5.76547780552
-4.91401104818
-2.99608837189
-0.459960820692
2.06501820729
3.94517970267
4.71949178818
4.2181065027
2.58861942729
0.230614598492
-2.33127561709
-4.59090712106
-6.17849817399
-6.92565330031
-6.86975847785
-6.20671432226
-5.21162287246
-4.15149007325
-3.21348283516
-2.46750311161
-1.87272937229
-1.3247861789
-0.725986963574
-0.0507693691208
0.622348803067
1.12941675465
1.28632899152
0.974571538744
0.208741969377
-0.848105063471
-1.93341037061
-2.78064961232
-3.22015403525
-3.23901069498
-2.97153829465
-2.62464317496
-2.37444473198
-2.28546211427
-2.29290110222
-2.25661282537
-2.05784727085
-1.68632803054
-1.26837483529
-1.01625551288
-1.12032421365
-1.63760880677
-2.43611982469
-3.22914708663
-3.68979516927
-3.59482931165
-2.92967449142
-1.90264028952
-0.858887755104
-0.132674629246
0.0937459456296
-0.14056708209
-0.608102636884
-1.00922912279
-1.11415264075
-0.862454189231
-0.375269836059
0.120636417667
0.414790150558
0.418351920057
0.201594205334
-0.0516216218824
-0.145402056997
0.0244052822856
0.416939188379
0.868988750395
1.18026908289
1.21742220247
0.985095347917
0.630073802903
0.377499029348
0.429939309951
0.875651981565
1.64586420661
2.53729151055
3.28772824463
3.67228788468
3.58311150678
3.06544361587
2.30109572346
1.54806948721
1.05674600478
0.987190536846
1.35049956999
1.99183104233
2.62437565414
2.91143876004
2.57847316487
1.52205534764
0.11804502501131253
-1.5181068763342296
-2.9018846698990473
-3.583864712827136
-3.318609530238291
-2.1732194224930623
-0.5239953477038171
1.0682325337544682
2.0618166252919394
2.1368042555506435
1.3114254604961815
-0.0782845118554718
-1.5273394307828738
-2.5730751885845393
-2.9744537253651657
-2.7807737422671863
-2.264512382369446
-1.75842444829
-1.73060753472
-1.94244674064
-2.21901135907
-2.32711560843
-2.12937086265
-1.67761905652
-1.19126946285
-0.930210254487
-1.03240367377
-1.40976969658
-1.76820464389
-1.75160649262
-1.13999910499
0.00369030370244
1.323682825
2.3160031797
2.56396498277
1.94833414456
0.72227922544
-0.594308129254
-1.45522835763
-1.54601064053
-0.929527794838
-0.00341136892553
0.711223896491
0.842574117321
0.361432704554
-0.406842382336
-0.959888525646
-0.893556636458
-0.129084921034
1.03127760026
2.05506942141
2.46174204048
2.08756989556
1.18825514266
0.31547167677
0.0225465673841
0.549389160414
1.65632849961
2.70706648629
2.97501075784
2.0281222767
-0.0026794433318
-2.41869015774
-4.23399285587
-4.62112522103
-3.31369492167
-0.769847261165
1.99097269479
3.81203286505
3.89417061131
2.13744945796
-0.822322402214
-3.89151343472
-5.97676411226
-6.41315533473
-5.17809481351
-2.81709835437
-0.145415957964
2.11375760534
3.58233887686
4.27282379941
4.44205512223
4.36375610596
4.15747804295
3.76244094478
3.05141142257
1.9964945112
0.771593521358
-0.281631147005
-0.812386139979
-0.653934955716
0.0643006078834
0.959144601819
1.57721916411
1.62410170518
1.11338264792
0.350667728696
-0.241727249048
-0.362963997509
0.000651737395344
0.580894425258
1.00677814262
1.0585617231
0.846431830103
0.795875413624
1.42450677026
3.01553238736
5.36496419461
7.75928846197
9.2312592733
8.99585586547
6.86149331328
3.40302290835
-0.215380606926
-2.71267438566
-3.25337388131
-1.83722910205
0.677194839851
2.94122236069
3.71717921319
2.43770059547
-0.536148512136
-4.07833954969
-6.8060533579
-7.69492487266
-6.51673762776
-3.90345911681
-1.02131201511
0.978266733642
1.46548365402
0.562918322147
-0.991798625003
-2.26303525389
-2.59593916088
-1.92088841437
-0.745215088068
0.145664065421
0.113799192777
-0.997119337978
-2.78106097357
-4.47150976154
-5.31455481944
-4.92390753739
-3.44801924683
-1.4810045476
0.222775207667
1.08112403045
0.904837229495
-0.0823167672602
-1.40713305604
-2.58994425474
-3.33834629225
-3.60710890653
-3.522446027
-3.24198929643
-2.84627839176
-2.32407011053
-1.64623617493
-0.863579725817
-0.148181293881
0.265219249314
0.214324398864
-0.25892972713
-0.869969755793
-1.19154862758
-0.859388438736
0.216396650215
1.75113554984
3.16699926701
3.83649801507
3.38136432782
1.88204910678
-0.112985652495
-1.79691148264
-2.4460749181
-1.739622188
0.090311669132
2.34810746844
4.16326331737
4.84684458653
4.1573023644
2.36470118139
0.0992763522238
-1.6842228626430398
-2.7290262868965414
-2.8880168355246525
-2.351426325288088
-1.4885510843612053
-0.6471668750776303
-0.012209214644798294
0.420037339973959
0.7636049601208725
1.1241333852755702
1.5147944350008657
1.8504053112934287
2.01103799594776
1.9250476702628987
1.6141007201617157
1.1715834529013591
0.6915180377192485
0.19914703332186434
-0.3645240443687783
-1.0851056171562874
-1.973189866076467
-2.88203854438369
-3.5063426162
-3.71636837422
-3.03196310371
-1.47698902277
0.591637066036
2.56627601424
3.79410020275
3.82475993303
2.59454017502
0.466022542629
-1.89535716094
-3.75629733509
-4.5656273391
-4.12254275449
-2.60792047927
-0.484427239196
1.6783982171
3.37928024548
4.30229284543
4.35499375424
3.64253948964
2.40968290381
0.977151238543
-0.318512572104
-1.1859442234
-1.44371903376
-1.07731678189
-0.261807919131
0.676505448572
1.36523626461
1.52894030893
1.11194506312
0.319029336178
-0.458472325144
-0.811050948147
-0.503631625574
0.398144073984
1.53455279871
2.39782572087
2.55601851568
1.85174229911
0.480869514374
-1.0878941181
-2.31496488182
-2.81672452048
-2.50976864758
-1.60843630926
-0.486791629981
0.515849399468
1.24188577913
1.74198727322
2.17809911036
2.66981401384
3.18240601017
3.52941510598
3.49379682514
2.99755338206
2.21314939095
1.53433624063
1.39943775514
2.04733644963
3.33671243834
4.74098543952
5.54885052499
5.19279216753
3.55138885047
1.06881641045
-1.38645123264
-2.87736583664
-2.81287520795
-1.2279975275
1.20797651847
3.46721008123
4.60047238108
4.13567810914
2.25624108889
-0.31631477503
-2.66964860146
-4.10506715984
-4.40640750804
-3.85583384772
-3.00990096898
-2.36843624186
-2.11601915308
-2.06857960791
-1.84244612654
-1.14154095402
0.00540612089516
1.19826036192
1.84599863982
1.48521848188
0.0672372334671
-1.94706869539
-3.75090340684
-4.54709664267
-3.92651649322
-2.08184489163
0.254274910368
2.12384358561
2.76391996928
1.93404435162
-0.00187691988089
-2.27105051962
-4.06213283765
-4.88691891523
-4.76133463952
-4.12958934448
-3.58548219694
-3.54304948057
-4.02670827209
-4.68242064304
-4.99384716421
-4.582359297
-3.43031016454
-1.91121267243
-0.613237378924
-0.0493769568984
-0.403907972338
-1.4431628154
-2.63249050992
-3.3964922596
-3.38996537047
-2.64646345545
-1.5375450418
-0.57245336119
-0.145077369807
-0.354782762877
-0.983244920002
-1.62686009841
-1.90760274787
-1.65263171317
-0.957843870606
-0.115948279634
0.541066623353
0.797806647304
0.633377781201
0.194123080413
-0.308257926167
-0.70787499041
-0.944470715727
-1.0489600361
-1.07809033264
-1.04927362929
-0.920855143137
-0.629511399409
-0.156940228378
0.422852579314
0.953718784082
1.26728573846
1.27578729611
1.03256469861
0.719532274275
0.561193942367
0.708050463341
1.15303402187
1.72968384631
2.19712536111
2.36838624624
2.21269552441
1.87469389141
1.59822496078
1.5952384544
1.93164019086
2.49336872623
3.05138667151
3.38810304621
3.41183078468
3.19156439393
2.88990875071
2.63267390226
2.39486032252
1.97927595666
1.11486685951
1.5784383207878534
1.5138798098926998
1.31484123923
-0.502470610814
-1.34133725953
-0.97226489825
0.392390426523
2.15135757908
3.54963052108
3.99419436889
3.30438638804
1.77822369391
0.0430675198926
-1.23695096188
-1.65562594224
-1.2220054162
-0.311966689684
0.550338592024
0.962116437508
0.823303586756
0.342598965721
-0.122823068356
-0.296465696957
-0.149315424593
0.0886087316627
0.0760114598123
-0.419099982887
-1.35479731768
-2.40563997169
-3.12103223303
-3.1688461821
-2.52968873645
-1.52912620299
-0.681122691254
-0.420313599009
-0.866240684058
-1.7514667
-2.56060401373
-2.81248886244
-2.33506056645
-1.37906672439
-0.49827358244
-0.249853811376
-0.872128664177
-2.11970696658
-3.36091494542
-3.90418482853
-3.38999168245
-2.034248923
-0.570943936982
0.108600643686
-0.541827592031
-2.33409829847
-4.29253016821
-5.00906979507
-3.27861717381
1.2666552988
7.83084705417
14.6206226365
19.4707666948
20.6811745628
17.7092216585
11.4135465195
3.73694759728
-3.0394838523
-7.15370962158
-7.97251115349
-6.11293872966
-3.05543649049
-0.448333815663
0.577345245741
-0.206200020169
-2.16927246501
-4.23140881693
-5.40579318868
-5.22208864892
-3.85552983009
-1.94748110853
-0.248226651644
0.722459020265
0.840226938107
0.321141818029
0.3694259259579127
0.41907477276480165
0.5793885834977601
0.827015172361584
1.1313283916120014
1.5554133855160472
2.2468932345033465
3.3119337294368734
4.652373195270812
5.886166418058167
6.4373002973964475
5.787818851877532
3.782149773
-0.0028388984358
-3.8276008522
-6.56580892046
-7.32800648748
-5.85700176739
-2.67828754882
1.08237900767
4.14769509707
5.60755255191
5.27202453286
3.6962601846
1.86844476809
0.712161629717
0.643207686884
1.39396363638
2.187870013
2.17537046791
0.91411386476
-1.34693471391
-3.72596088667
-5.09026787063
-4.58540278757
-2.06187267264
1.80444178343
5.75986605653
8.47963976099
9.10660010722
7.58310909569
4.63564727325
1.43096138579
-0.932018374886
-1.86515484808
-1.48086348597
-0.463925506849
0.294563676771
0.121785845967
-1.14488488023
-3.11554378087
-5.05185038105
-6.20666959784
-6.14018827371
-4.88038005085
-2.87748455825
-0.795805264805
0.751590534196
1.41200013799
1.17463716234
0.317606236709
-0.732589832958
-1.55998683832
-1.87992347834
-1.59670089717
-0.803145247635
0.259076808796
1.26258341171
1.87432995788
1.84857988385
1.1189225972
-0.140459923891
-1.52169902257
-2.48241210163
-2.52580615275
-1.40666267166
0.720664635997
3.28979621531
5.47666232206
6.48144337504
5.83555204516
3.60681491698
0.407316666864
-2.81377540729
-5.11803534127
-5.92722083017
-5.22931605128
-3.55423972582
-1.73025981612
-0.526685062469
-0.336842239577
-1.03568436438
-2.06764903846
-2.71853939817
-2.44629882796
-1.12439481638
0.904176894368
2.97676697564
4.38968662725
4.67888191875
3.78350034408
2.03268162817
0.9653661487381271
0.12805190507690156
-0.1599498944108575
0.1215808508181766
0.7439736140165536
1.3710808777934176
1.71629120503232
1.6459630489400467
1.1975509083462015
0.5265907548323838
-0.17298979105056844
-0.7292112473082284
-1.01066570231
-1.90936329807
-2.33705563102
-2.22512531693
-1.57073831692
-0.486887573613
0.778700829579
1.88565864956
2.50350838258
2.43797513897
1.72303916644
0.627944427783
-0.436418142361
-1.07994937614
-1.09658404684
-0.554414478321
0.23192552015
0.839151301695
0.925255493951
0.387943391714
-0.579366391972
-1.55994079633
-2.08389699779
-1.82328363704
-0.730192078197
0.936968377352
2.70464871129
4.05019439417
4.57416263943
4.1158837468
2.78013664242
0.881872645786
-1.15568571
-2.9074517095
-4.02848642472
-4.30420258008
-3.67687564136
-2.25789784537
-0.324550317884
1.7118065739
3.38017062351
4.26569927978
4.13989193782
3.05676862784
1.36515432433
-0.387528450447
-1.63983234318
-2.02468548236
-1.51600793597
-0.444526404961
0.634988252742
1.17772366732
0.887544534111
-0.144641495572
-1.46881479501
-2.46454000744
-2.61262232302
-1.7322584374
-0.0785288268051
1.74501457881
3.02304326874
3.21367339833
2.16160904232
0.152516792916
-2.20687739008
-4.22343643734
-5.36281676955
-5.40561375274
-4.46357252292
-2.87219298793
-1.0286114399
0.742512902709
2.24075849252
3.35771367303
4.00680259022
4.07851595914
3.46311228021
2.13583621753
0.253834877142
-1.8042248782
-3.50335430282
-4.31790279949
-3.93720522608
-2.42011476091
-0.220148333561
1.94423264291
3.3307731181
3.43034636136
2.13407663946
1.7808205008646354
0.8983317715121473
0.08328084544415049
-0.25204293967146896
0.012464443340135745
0.7413770441408332
1.69289508926
0.405102173585
-0.806738452506
-1.7293785665
-2.07257800494
-1.63692797371
-0.449358799864
1.20329109186
2.86275860511
4.07171733278
4.55230833048
4.31017267717
3.6172626282
2.88109810414
2.45804971648
2.49188893342
2.84699883714
3.16472670488
3.01964618363
2.11155890366
0.414776396961
-1.77698274283
-3.93149227965
-5.45815232757
-5.92267188856
-5.21670528925
-3.6163654108
-1.70135228238
-0.156454042342
0.477305007162
0.0101570627467
-1.3142175871
-2.90476065378
-4.05750621047
-4.25576931771
-3.41619963221
-1.96879752169
-0.715696968794
-0.502063694488
-1.81906845139
-4.50519811985
-7.69186098983
-10.0520531596
-10.2865692005
-7.67129363147
-2.44218318819
4.16057933116
10.2415077569
13.8841826227
13.8369666235
9.98038728987
3.38305898513
8.24026885501
2.24570043059
-1.22581423373
-1.80170984817
-0.162060246625
2.35573634787
4.38173479709
5.09039677333
4.48460449861
3.28094541613
2.47271438515
2.78925330331
4.30882431147
6.40211989797
8.02446449683
8.21201265229
6.54602064393
3.36975699622
-0.33793898224
-3.3684485478
-4.77941699403
-4.25836854702
-2.20099106017
0.512531339467
2.92329112588
4.38828450305
4.79074737865
4.49148419002
4.07197318748
4.01167703063
4.45889151658
5.19424069879
5.78347084
5.82439109872
5.15554946346
3.92546845807
2.50010183699
1.26956891155
0.460962587845
0.0518764695096
-0.180219962775
-0.510572532212
-1.10736630285
-1.94497916714
-2.8306696859
-3.52187863845
-3.86430741411
-3.87404947586
-3.72168600844
-3.63170640706
-3.75612779259
-4.09277659132
-4.49160342537
-4.74282207982
-4.6962213541
-4.34551674826
-3.83247067146
-3.3702816683
-3.12952712215
-3.14916102002
-3.3200792153
-3.44860470648
-3.36419147243
-3.01285109874
-2.48686188191
-1.976414542
-1.67045881016
-1.65982566206
-1.89264194599
-2.20294218709
-2.39476204429
-2.33668574583
-2.01953174767
-1.55218069002
-1.10390198999
-0.827308493594
-0.801120746193
-1.01553979693
-1.39657298888
-1.84537092665
-2.26591702705
-2.56927330545
-2.66402166522
-2.45553950489
-1.87176546434
-0.912324258917
0.305610724056
1.5411494751
2.48629060313
2.87599519129
2.60777554627
1.81063094604
0.818150100029
0.0432214757241
-0.197668133682
0.169389172682
0.933094297932
1.6872622834
2.01980394713
1.71462264632
0.868708946326
-0.137107135732
-0.80649359069
-0.759365353935
0.0823900012769
1.44560709817
2.81939138482
3.67972408965
3.7193351214
2.9743558972
1.78960605897
0.64300158027
-0.0825065978816
-0.267511051625
-0.0854630161417
0.115867108849
0.0153654251219
-0.503002424164
-1.28502700797
-1.98506792474
-2.245161628
-1.88015370158
-0.973336010669
0.164956687925
1.15156626468
1.71515797969
1.81434251216
1.62854895375
1.42878977802
1.39951456764
1.50960936531
1.5061095918
1.04063964548
-0.131659941726
-1.98198222105
-4.15826078916
-6.09192252292
-7.22140792714
-7.23476968478
-6.22085769199
-4.65713281833
-3.23367276057
-2.58420411283
-3.03408652719
-4.46620464414
-6.35513735414
-7.95195978454
-8.54611653372
-7.70822898439
-5.43317074822
-2.14480610288
1.4275272394
4.45371325079
6.22571502955
6.33973244733
4.79568298292
1.99377220312
-1.3699511132
-4.48578434928
-6.64732795163
-7.44602681233
-6.88431198686
-5.36527805966
-3.55272733521
-2.14096742037
-1.61166942125
-2.06716847291
-3.20613595227
-4.45416583254
-5.19908047155
-5.03603008179
-3.92210872461
-2.17860076786
-0.345090520597
1.04623498276
1.67527163159
1.53096691007
0.867345039139
0.0520297170424
-0.611730994716
-1.00246302822
-1.18703528633
-1.32582584487
-1.53744829762
-1.80142086252
-1.95274993572
-1.7703225203
-1.10948458546
-0.00545062886113
1.30984619797
2.48860447906
3.2056293362
3.28556456696
2.75836758642
1.82233704297
0.742693387711
-0.255597795451
-1.04560005011
-1.58601897307
-1.86228352898
-1.83261218959
-1.42510389698
-0.595821502992
0.587472027662
1.89767404296
2.98743341116
3.5194926587
3.33551419598
2.57519487851
1.66788446788
1.17555099226
1.54306966982
2.86947608131
4.81841314237
6.72910911433
7.8943652047
7.88483082591
6.76482012369
5.08579416245
3.64445970588
3.10688644802
3.67203955564
4.93957507806
6.05754386413
6.09545405418
4.47837128902
1.28211243254
0.6366067336651895
0.276796905865
-2.20245167031
-2.80216201618
-1.69481258565
0.328514588782
2.21724901411
3.11540839277
2.70671525067
1.30312828308
-0.348854051359
-1.4408355694
-1.475103019
-0.468575485005
1.09275591887
2.50973660743
3.20274677654
2.96170519109
2.00440952315
0.832347250066
-0.0309613055218
-0.285770798555
0.0282909321707
0.589231916146
0.978538937131
0.894482156124
0.288031202618
-0.635795919562
-1.53738397331
-2.11182425966
-2.22073056558
-1.92787829324
-1.43485531218
-0.963551269775
-0.653129632188
-0.522232071613
-0.505083953991
-0.527748157104
-0.571168962826
-0.680105715665
-0.912796038308
-1.26409092341
-1.61337343403
-1.73752728202
-1.39460895186
-0.444333399861
1.05197647467
2.80433553667
4.36120426628
5.25013758247
5.13869890682
3.95361192874
1.91388812702
-0.531694644198
-2.83700228962
-4.51331393252
-5.25710292045
-5.0165140112
-3.98498878683
-2.53149338713
-1.09055691897
-0.041338751831
0.394581124391
0.210443658595
-0.391606649967
-1.07338978066
-1.4839590493
-1.39558078967
-0.802175001526
0.0646433286903
0.820130011498
1.08884405625
0.683396380347
-0.279375298114
-1.38703586995
-2.07874238371
-1.88279426255
-0.648580192712
1.33218719476
3.38188282459
4.66544924838
4.50894683687
2.68054320445
2.176208036855897
1.1412045939691922
0.577118119916
-1.35580712934
-1.59788020529
-0.34196184568
1.74565501597
3.79437462923
5.0525542777
5.13659142787
4.11765630292
2.43113305747
0.666042566602
-0.668018218993
-1.30433034447
-1.26376495911
-0.787924429931
-0.21053036218
0.170777370279
0.177551132084
-0.223793584492
-0.938639980382
-1.77872867913
-2.49927978546
-2.83968385798
-2.57770827315
-1.60032480588
0.0249109485954
2.01205926639
3.88843691218
5.10986691412
5.23533323622
4.10026357234
1.91384448458
-0.773514356552
-3.23627734257
-4.81860492851
-5.1637534222
-4.33432764576
-2.77233735051
-1.11518245748
0.0548568983774
0.422694911914
0.0286262162414
-0.795765942271
-1.60458470917
-2.04107931622
-1.97592389665
-1.52567011741
-0.956461886702
-0.530976173664
-0.377763294671
-0.443600805727
-0.542995467593
-0.469535669191
-0.106347261582
0.52027045975
1.26486835875
1.94236864132
2.41340500498
2.62774476642
2.60685425236
2.38500668956
1.95391057223
1.25371066125
0.224111072054
-1.11048434564
-2.57545487675
-3.85161923736
-4.57023021684
-4.46654554347
-3.52239702978
-2.02184567275
-0.47710846347
0.558713018951
0.717847902602
-0.0180745769044
-1.2971643652
-2.5399037361
-3.19049595774
-2.96781139247
-2.0002711293
-0.776073674092
0.0782928054268
0.0983870534102
-0.77333326759
-2.11488500726
-3.16999254703
-3.16204553102
-1.65046563342
1.22198693081
4.70327400117
7.65179996098
8.92584021527
7.79621858731
4.22432249449
3.8683511257648604
2.96090982546
-2.16613415925
-5.47339368854
-6.49324024604
-5.4117791265
-2.92722495195
0.0375153439942
2.64903385149
4.39065337659
5.13739161687
5.08077235625
4.56252420003
3.90073261389
3.27840830116
2.72397165576
2.16737022286
1.52557371658
0.76822133034
-0.0646218706715
-0.889383975471
-1.62340016664
-2.21471725683
-2.63990595945
-2.87674913303
-2.87752718138
-2.57056354249
-1.9009120108
-0.894567885687
0.290465612353
1.36527113656
1.98196044464
1.86028030255
0.920095724902
-0.641941412507
-2.37736429155
-3.71819038759
-4.17466244243
-3.52330494437
-1.90774297388
0.193810404591
2.1275171957
3.29055071981
3.33847350043
2.29439146601
0.521432688225
-0.589049836336244
-1.32874716285
-2.0670257486
-2.01584142393
-1.37202828749
-0.48607234636
0.283864241693
0.693863678089
0.672052500734
0.304771559986
-0.227155515261
-0.726554090634
-1.04145574088
-1.09548820736
-0.889784104782
-0.488311010482
0.00269493487239
0.457671495246
0.759076871415
0.829864743334
0.664317171167
0.342926543099
0.0169065263553
-0.14134300919
-0.00766154094191
0.433919251358
1.07231769797
1.70812035657
2.13902529831
2.25497167356
2.0957395335
1.83766200169
1.70966082263
1.87626425573
2.34667305358
2.96083821296
3.46701353951
3.6570146478
3.49027056869
3.13608901556
2.89992502172
3.05853571848
3.68173362799
4.53634632199
5.13768137166
4.9457629035
3.62881187251
1.27223936908
-1.57690947986
-4.07309390206
-5.39163327585
-5.07469158325
-3.2509585276
-0.622351114362
1.79075208718
3.0472047295
2.66032162282
0.790493953428
-1.82826269731
-4.19669611176
-5.46130445148
-5.25306558017
-3.8136353243
-1.86370726053
-0.279935364707
0.274683407797
-0.389972700372
-1.94288946027
-3.69916498088
-4.91650156383
-5.08845846795
-4.11673349181
-2.30805236741
-0.220082528319
1.56133360397
2.61706328314
2.79424809247
2.19542595907
1.08970017937
-0.199580718394
-1.38444150808
-2.25999793202
-2.71776938069
-2.74359451885
-2.41263956332
-1.87871563369
-1.34529638099
-1.01060468788
-0.997079251892
-1.29433017095
-1.74962341999
-2.12345280171
-2.19544380208
-1.87457945236
-1.25672494416
-0.591737649748
-0.165871788646
-0.1517918518
-0.502851074909
-0.954200728235
-1.14382292645
-0.804269524264
0.0675291071346
1.15475417798
1.923738688
1.85414642195
0.697768923625
-1.35666084464
-3.70106760987
-5.51688510545
-6.09496307713
-5.1302321376
-2.85988200044
0.0201820158441
2.62818970293
4.24189051504
4.56787412035
3.8217241144
2.59196474318
1.5571660243
1.18786465399
1.56547771005
2.39093456477
3.16595601282
3.45241020305
3.08511889087
2.24232810535
1.34926478892
0.86843435659
1.07904160319
1.94662382393
3.1367556909
4.15857789274
4.5676403178
4.13760311048
2.93221230834
1.25844418215
-0.466470594143
-1.87054657094
-2.74215300923
-3.06875995718
-3.0001052012
-2.7651374668
-2.58183219835
-2.59042559663
-2.82294682461
-3.20631358692
-3.58931255624
-3.78482712219
-3.62183637506
-3.0011045899
-1.94285123165
-0.60853748076
0.720607033199
1.71405977854
2.09672245329
1.75289444756
0.786190274724
-0.496878485344
-1.68332522976
-2.39903397422
-2.44723137778
-1.8825312137
-0.986984495155
-0.154842472331
0.268368077337
0.12693984117
-0.481120347986
-1.24229644272
-1.75063421416
-1.66513281303
-0.840060167626
0.618718921297
2.38683028232
4.02553708716
5.11620410893
5.38007006014
4.75008421363
3.38119607813
1.60393500893
-0.162030165926
-1.51270466653
-2.16035265354
-2.00773847082
-1.17612843944
0.0260482369274
1.19314701815
1.95065714756
2.08326454878
1.61605988376
0.812471498832
0.0806877135205
-0.182879277595
0.245044715303
1.31395833687
2.70430527228
3.93986723337
4.56437980219
4.3106897718
3.19383600155
1.49309905827
-0.363110648947
-1.95464994679
-3.00048625332
-3.41302561056
-3.26706609185
-2.7162602444
-1.91099886331
-0.961988032165
0.0398445012982
0.974414687909
1.66202199388
1.88909613224
1.49276705188
0.46589216253
-0.978625996174
-2.43465781963
-3.42939024545
-3.60533435077
-2.87757997654
-1.48814421743
0.0781421932151
1.28730822556
1.77562799817
1.4939166411
0.707686890748
0.29863023161604474
0.19858006747141133
0.5384457170868444
1.1326694241121515
1.5724028107628385
1.4374135365632128
0.5250385144482124
-1.0161684801856126
-2.71666399875
-4.41594706997
-5.18436981651
-4.86830902813
-3.71199465791
-2.25061705565
-1.07986256086
-0.60766014866
-0.89917581265
-1.67979683047
-2.48636778192
-2.89018288477
-2.68702694451
-1.97110402337
-1.06815635431
-0.368927120346
-0.146191452944
-0.439055608605
-1.05025824061
-1.64687097426
-1.90953894853
-1.66029017671
-0.917623287322
0.132886475321
1.22531939615
2.11052333826
2.622489276
2.6971342065
2.35368739079
1.66394891977
0.7317016126
-0.311544493824
-1.30550208824
-2.0726168458
-2.45227608729
-2.35075900411
-1.78465666941
-0.892233475353
0.10074685588
0.952619991136
1.48717910285
1.65045001479
1.51877770154
1.25625537483
1.0422860204
1.00206727727
1.16861323449
1.48773355745
1.85679555382
2.17464359943
2.37951643342
2.46248733098
2.45834262039
2.42541875245
2.42630552578
2.51438228817
2.72333290918
3.05451374375
3.46226540607
3.84591080579
4.06175633022
3.96305809261
3.46097916892
2.582538356
1.49341035365
0.462143498681
-0.232771564798
-0.421072689281
-0.132063139692
0.389803347109
0.765188290042
0.632679865262
-0.186936597199
-1.58854269971
-3.19473034986
-4.48602710357
-5.00006086621
-4.51712892849
-3.15294114022
-1.31872378474
0.433492810993
1.61355261853
1.95921252757
1.5018182894
0.516025009755
-0.6107940579
-1.52397911617
-2.00052484432
-1.97301351599
-1.49189246443
-0.667396810407
0.367427894969
1.45631297079
2.39918402782
2.94892446422
2.8564373069
1.96396424692
0.308867343637
-1.8211223568
-3.92914837193
-5.45324417725
-5.96644671727
-5.34985870755
-3.8570345781
-2.03074512905
-0.498826230705
0.266874592991
0.124364353766
-0.70725829571
-1.76972716553
-2.58090156354
-2.84200047135
-2.54265116437
-1.92192785739
-1.31459630152
-0.966179888505
-0.911600225121
-0.975544065189
-0.888071572561
-0.449849373451
0.3421940306
1.27484905616
2.01354832469
2.26140996139
1.89943264982
1.03683957247
-0.0506432935576
-1.05768643811
-1.78660301421
-2.21305379733
-2.44979756799
-2.63513183185
-2.81419919332
-2.88478894941
-2.64275138071
-1.90545401882
-0.645721371977
0.941191817955
2.48262923311
3.57237310999
3.94667540134
3.60576703533
2.81866208919
2.00612892803
1.55703231448
1.66577804561
2.26671422187
3.09160975373
3.8148772869
4.2098717533
4.23910250961
4.04036885814
3.8275464847
3.76810975251
3.90656227856
4.17120148196
4.45005845231
4.68037216758
4.88873726926
5.15078896155
5.49209727741
5.79494009304
5.78202861822
5.11093684444
3.54968951196
1.14892241312
-1.68811937963
-4.29701200453
-5.98695855867
-6.32362215216
-5.32861751077
-3.49236821781
-1.58017561797
-0.311161480573
-0.0565193360786
-0.701168447219
-1.73840081441
-2.55390529242
-2.75863422683
-2.39916856162
-1.92876384026
-1.93949143918
-2.78051649388
-4.25748452288
-5.58478225574
-5.65141262225
-3.51097279847
1.11294991774
7.54362150614
14.2474234515
19.3080754472
21.109489398
18.9565249448
13.3757995954
5.96342593798
-1.16921281156
-6.13589312711
-7.91208702402
-6.62448909115
-3.39686673433
0.162793920331
2.6096475974
3.17962723228
1.98435100217
-0.163300343906
-2.18424536552
-3.22231425369
-2.97782006343
-1.76206351585
-0.280503904065
0.731494417966
0.844526034702
0.0965043707207
-1.07513694735
-2.07737112887
-2.45387933372
-2.08694909712
-1.22285422263
-0.322418913257
0.180794845743
0.094674493253
-0.445064887477
-1.05185350214
-1.28661119618
-0.880879293217
0.120097945028
1.35969401525
2.31569064074
2.52370296936
1.77989141331
0.236217881691
-1.64997197672
-3.28760507476
-4.17109065084
-4.05765096958
-3.03561561859
-1.46490790246
0.176617530059
1.47290155571
2.20363671259
2.38625368471
2.22132644011
1.9755932467
1.85727132009
1.93436140585
2.122969203
2.24158455473
2.10228110285
1.59976840339
0.765322717565
-0.230703825174
-1.12528748299
-1.64154654733
-1.57706131531
-0.878763068279
0.315102714948
1.68030688801
2.76627894955
3.10574730462
2.35446179824
0.424718313285
-2.43341645976
-5.64447478694
-8.43139732747
-10.0306515101
-9.93881600791
-8.10663188059
-5.00208433149
-1.50272912794
1.36190371284
2.73716358817
2.22514754322
0.0168261181376
-3.17820310944
-6.38118958475
-8.68077017769
-9.53107126911
-8.90269792824
-7.23814066827
-5.24122925768
-3.59326441945
-2.71053958459
-2.6318408562
-3.06417640856
-3.54861184084
-3.66461614773
-3.1872384046
-2.14404424016
-0.768928865737
0.607383245067
1.6735499216
2.21642138376
2.14836594135
1.49748376829
0.38654185471
-0.982534726975
-2.34170919501
-3.38538444341
-3.83000688105
-3.49999717755
-2.40922445967
-0.79329300774
0.941063849816
2.34807343726
3.11179301661
3.17902306686
2.78908112882
2.37454264033
2.3670028885
2.99148944898
4.14583529951
5.42740519079
6.30259616249
6.34588306749
5.43893994322
3.83595342611
2.06276697834
0.69576878953
0.123101058685
0.397612658708
1.24456347844
2.21090984111
2.87571131117
3.01675322077
2.65842383932
1.99319841361
1.2370520522
0.510858408637
-0.18179590234
-0.872642884696
-1.50303127377
-1.84871707046
-1.56687800089
-0.367392563319
1.76965047724
4.4530105813
6.91844253587
8.26703296857
7.8202886783
5.43505218277
1.62129487838
-2.61360048791
-6.14385328298
-8.16579758787
-8.49914837691
-7.60616676838
-6.31703152947
-5.392257319
-5.13622623898
-5.25577261705
-5.04029141625
-3.7800988609
-1.21605315242
2.21121407712
5.45398897545
7.2696715075
6.77107202904
3.85785892018
1.7102366331615855
-0.6698154943908747
-1.83962534691
-3.4726806694
-2.92143774235
-0.948596923662
1.25689795813
2.62774111844
2.66435200726
1.58137362617
0.108473127575
-0.93311730575
-1.05568300923
-0.32165218962
0.742242055926
1.46923329542
1.43214129781
0.67434764204
-0.326712944818
-0.9375855498
-0.734076695209
0.245873857408
1.50106031633
2.32306351702
2.17759723135
1.01015680383
-0.689541671407
-2.10743655378
-2.50561164862
-1.60384318229
0.252670533524
2.23048557174
3.38997157632
3.12959630052
1.4771190564
-0.914021462685
-3.06179651047
-4.10339404398
-3.680617379
-2.08375804537
-0.0944426919829
1.38729007854
1.74776124836
0.906183346226
1.3003238526366232
1.62953538568
0.716599791884
0.618558851682
1.17260230945
1.93604194315
2.45305109272
2.49531480069
2.15478957524
1.75359234461
1.63538927119
1.96174160456
2.62638787667
3.32909122929
3.75928776163
3.77872218742
3.49442752004
3.17692604056
3.06824480493
3.1908964288
3.27525226996
2.86365014943
1.55496289113
-0.727496247137
-3.58577588967
-6.20822991167
-7.63757578987
-7.14189226582
-4.53052190204
-0.275733930377
4.61620601479
8.93344110513
11.6530038959
12.2471277504
10.7936924338
7.87153463812
4.30879132441
0.900262718138
-1.79843279733
-3.54488408637
-4.3633944141
-4.43608765339
-3.9984123117
-3.27979020012
-2.49016743376
-1.82420863778
-1.45174805238
-1.48356960205
-1.92918831448
-2.67840713345
-3.53031032438
-4.26652047487
-4.73671389284
-4.91223984124
-4.87740627122
-4.76134472376
-4.64781380264
-4.51547320653
-4.24675606873
-3.70576725784
-2.84474517634
-1.77771759957
-0.772348514357
-0.152059372699
-0.149545905539
-0.783459506725
-1.82448433949
-2.87607842788
-3.53843941488
-3.58065193135
-3.03857471019
-2.18990889301
-1.41700704385
-1.02302207781
-1.09023595407
-1.44891742365
-1.77086693905
-1.74085428826
-1.22162348785
-0.332237698789
0.597473399397
1.17363205956
1.11618784472
0.385763790689
-0.795530161427
-2.0329949303
-2.91229905611
-3.14689508095
-2.66084235183
-1.58430127151
-0.180356083508
1.25270772428
2.46029740497
3.27030251313
3.59800864645
3.43924653135
2.870023436
2.05238160346
1.22775893074
0.67551346622
0.630897466019
1.18549425774
2.21635249345
3.39080317815
4.26647232581
4.46063283084
3.82214170473
2.52590053442
1.03517422376
-0.0669507651556
-0.314087732068
0.439052311857
1.9372199002
3.61182843803
4.80356081536
5.02800470623
4.1714793827
2.5344941071
0.707403628628
-0.664422788454
-1.12368105376
-0.552739424696
0.819317846141
2.54050813041
4.1222181264
5.20144521456
5.61641112687
5.38327181125
4.61107484512
3.41590965677
1.88366264913
0.0933820635757
-1.82743801788
-3.66523588571
-5.1398906021
-5.98606012713
-6.06163230451
-5.42703584529
-4.34824779355
-3.21211488308
-2.38657872172
-2.0873829022
-2.31132773671
-2.8644913128
-3.46810292625
-3.8882303405
-4.02650261068
-3.9317250468
-3.73419191258
-3.54386112112
-3.37026785141
-3.10822142311
-2.59699141921
-1.72125545215
-0.499990073679
0.884385098985
2.13394780261
2.93934654251
3.09252273342
2.55859324393
1.4794768495
0.115217324719
-1.24412269855
-2.35570399168
-3.06375224583
-3.30047027724
-3.06739534814
-2.42153594765
-1.47801424705
-0.420056326342
0.507422303559
1.04164354937
0.983531254124
0.289620591273
-0.87108493985
-2.13582719351
-3.0536011384
-3.24716824135
-2.56810336186
-1.1750706971
0.507506493896
1.9429322102
2.68933000182
2.57433146861
1.76186985272
0.680806227911
-0.154878575538
-0.357168792844
0.183779672213
1.26915177199
2.4907818645
3.41151940986
3.74485623543
3.45684320198
2.75220260662
1.96014608794
1.37858865778
1.1492615809
1.21641779669
1.37990804478
1.41021265322
1.1682595991
0.676023045811
0.110699160637
-0.268991012012
-0.228204002249
0.351427788762
1.4249129408
2.79277510519
4.15395831231
5.17969852795
5.58645676941
5.19475081331
3.96925071907
2.03838452297
-0.310918865753
-2.67071150651
-4.58622927508
-5.65999298442
-5.66283193847
-4.61644121828
-2.81233563336
-0.748810996542
1.00364921254
1.96870846524
1.90602216718
0.877718931334
-0.784854625344
-2.60122188532
-4.10335429338
-4.97948939203
-5.15101628208
-4.76214228343
-4.09660907029
-3.46115878122
-3.08211542198
-3.0488238149
-3.31378195623
-3.7360580994
-4.14185814372
-4.37729214673
-4.33971228593
-3.98751871551
-3.33669715325
-2.45261678743
-1.44017172628
-0.429709703444
0.44483053154
1.07453884417
1.4029444526
1.44039822084
1.25668156409
0.952644974135
0.622793227742
0.326730935898
0.0838209120226
-0.106899711355
-0.2343786557
-0.252601247566
-0.0859172883795
0.333174253996
1.00912747221
1.8405563746
2.61841860057
3.07774837921
2.98994055135
2.26003248883
0.985769692791
-0.552264795592
-1.9720309168
-2.91425084895
-3.16114056761
-2.70285361078
-1.72715148864
-0.540554519219
0.542926281232
1.29914859495
1.642234072
1.61497599748
1.33930334026
0.959409283751
0.605846290778
0.389674897036
0.41357930032
0.775047166784
1.54253849207
2.70607794333
4.12701658145
5.52333288023
6.51773737334
6.74793358471
6.0044440278
4.33907440834
2.08986815564
-0.201786346963
-1.96101368271
-2.77507006309
-2.53756466468
-1.48157319079
-0.0864843772213
1.10414741021
1.67956782107
1.49470802719
0.689548393498
-0.14012206809952943
-0.894062577935486
-1.3250733218028046
-1.3830633542353326
-1.1975763603791165
-0.9827412002575642
-0.9175969744163837
-1.0607848060425198
-1.3363752874906254
-1.5896836781573143
-1.6776986661343898
-1.544653756703866
-1.2449024188025248
-0.9051631070206696
-0.6502101526776869
-0.53381586621461
-0.511846337406709
-0.470441605189
-0.656222353224
-0.652316713144
-0.501901760119
-0.323263649873
-0.246706772094
-0.342867896394
-0.580617690937
-0.83757709964
-0.959168881969
-0.837052074909
-0.467526541034
0.0398470794598
0.508594883678
0.774748346124
0.761296524898
0.512199517442
0.170156965009
-0.0908192186856
-0.146020277471
0.0234552166738
0.323363735785
0.589961715759
0.663566267759
0.458897538818
0.00249979908294
-0.576361361914
-1.09449444673
-1.38106772893
-1.33485337138
-0.952853779448
-0.324212810861
0.403426584985
1.07015765637
1.54696764156
1.76467312595
1.72379884526
1.48587880257
1.15010138512
0.821484191581
0.578689610116
0.450884973404
0.412178293175
0.397593287626
0.336501731544
0.190762462393
-0.019869928178
-0.2193467877
-0.306859841641
-0.20604520106
0.0917714860936
0.514341913356
0.936510937485
1.23947068278
1.37205156585
1.37891551152
1.3735248422
1.46173509235
1.651773528
1.80187494071
1.64674634344
0.909173600741
-0.542207937598
-2.56147078164
-4.69496010616
-6.29107381593
-6.7282771718
-5.6789847425
-3.29692448822
-0.234240982298
2.5412660602
4.07392297566
3.77044268088
1.63139947526
1.3438578929735172
0.827280214208
-1.94772065152
-3.23488651887
-2.90002978973
-1.35900724888
0.639515491372
2.33898343608
3.26418148352
3.35648699359
2.91341770869
2.38165132805
2.11517408645
2.21630558487
2.52695207826
2.7577228025
2.67401460379
2.23444009093
1.60823176608
1.06664840001
0.812555373379
0.846084235072
0.945150042147
0.777746877962
0.0907939623224
-1.12409468698
-2.58021678704
-3.796640168
-4.3088674667
-3.8892090576
-2.6675024427
-1.08889264764
0.275445947917
0.976004869737
0.872883734961
0.174881089563
-0.685847806011
-1.27796916162
-1.38045558486
-1.07341482341
-0.668476790014
-0.519993074304
-0.81962210402
-1.48478351576
-2.20155414633
-2.60028748107
-2.47014853701
-1.8948751968
-1.23012809638
-0.924626161332
-1.27149674528
-2.21900515035
-3.34715022926
-4.03738789981
-3.76505797811
-2.37677596557
-0.213352808887
1.99369937601
3.41803643158
3.49880681215
2.20167415081
0.0576603812729
-2.04356357557
-3.21764728959
-2.9472130142
-1.28402658162
1.19120866542
3.62404178778
5.23496669189
5.60555216199
4.78467931907
3.18805842198
1.36099078143
0.11253932510021514
-0.7696209344015301
-1.354759984915333
-1.806778043087391
-2.213000935378602
-2.49076533592212
-2.427375108063913
-1.8303667507137646
-0.699544867178389
0.6849899550656033
1.8239012898404638
2.1958148349369253
1.5026491469063643
-0.15763046697
-2.59525872292
-4.76846342473
-6.00421340534
-5.95746417295
-4.74504269201
-2.8832181648
-1.0604377743
0.148162246424
0.494383858721
0.107289776942
-0.630375095114
-1.30733652393
-1.69351141161
-1.83152980923
-1.97165622696
-2.39283624949
-3.20957932606
-4.26925763062
-5.19583069401
-5.55952602665
-5.08677852082
-3.80368504335
-2.0395802032
-0.28770714067
1.00857560606
1.63920054053
1.69232930713
1.47372779289
1.32733682666
1.45277610726
1.81470012298
2.18890038443
2.31668886665
2.08045671457
1.6002265105
1.19123326767
1.19634676847
1.77686538538
2.77420743832
3.72636055323
4.04862354639
3.30397228908
1.43659593817
-1.14943967252
-3.71697698981
-5.48255235682
-5.93894484061
-5.06674786766
-3.33498575415
-1.48661801936
-0.205144544879
0.184446304916
-0.158327552518
-0.694647128506
-0.791632707815
-0.0502014071474
1.48342004187
3.32700307001
4.79138191816
5.32151122416
4.78515351192
3.56637934637
2.41175033678
2.09457558003
3.05115546458
5.15966690757
7.76824889068
9.96339339679
10.9573144925
10.4170855693
8.58600658519
6.14612690021
3.89329405247
2.38384451394
1.7227187998
1.59093982624
1.49061409436
1.07620699994
0.395829893737
-0.0909844769552
0.258700780585
1.90155871243
4.78027721367
8.21294715316
11.0791144659
12.2423536911
11.0311967326
7.56131397608
2.74338311801
-2.04256106119
-5.47584950142
-6.80260704792
-6.10356239122
-4.20838621425
-2.29864487834
-1.37811289484
-1.84476057174
-3.34888764893
-4.9906394279
-5.75824806862
-5.00468817951
-2.75028644008
0.316353922483
3.12864633302
4.68589583485
4.45331046554
2.55133456307
-0.330637260976
-3.23831027172
-5.3290987511
-6.16017239212
-5.78275425962
-4.63276107142
-3.29511325063
-2.25972558925
-1.76912736822
-1.79805411838
-2.13907220135
-2.52843812538
-2.7476624239
-2.66956914162
-2.25798217718
-1.55238034462
-0.662295596142
0.230048389291
0.88436305334
1.06106831879
0.624714132223
-0.34703617591
-1.51424884988
-2.34123204381
-2.28559153166
-1.04887954923
1.22275807161
3.90032805963
6.04939504486
6.77870476024
5.62452707228
2.79859131678
-0.829334701923
-4.03275623253
-5.70224888685
-5.29254745839
-3.04378321516
0.128633227907
3.03335174088
4.71584872419
4.85347209588
3.85360114158
2.61319251097
2.05703045434
2.67676032071
4.29202669133
6.14776429174
7.29863739604
7.09139075196
5.50693736473
3.19108388779
1.15420420039
0.282715581501
0.899574132714
2.59049497073
4.38621117826
5.21944056496
4.44127680102
2.15043007753
-0.824462627666
-3.28588447496
-4.20654810239
-3.19808539006
-0.694816741527
2.22842084696
4.31698017593
4.66445417736
3.07400473835
0.103759915116
-3.204485342
-5.77401873877
-6.91287160108
-6.52948148658
-5.07767457057
-3.29196959979
-1.85936487919
-1.18020387445
-1.30395915664
-2.02716366519
-3.06372127961
-4.17967422037
-5.22797004625
-6.09311485226
-6.61527690415
-6.57389595422
-5.76750413147
-4.15635057958
-1.98056588242
0.236601109027
1.83755889036
2.28499778209
1.40856767897
-0.482590799644
-2.69325220213
-4.41607196746
-5.06913949947
-4.54200359318
-3.23253755619
-1.85412602496
-1.10240827862
-1.33862928107
-2.43815464966
-3.87154253891
-4.97194272827
-5.25312989983
-4.62156620047
-3.38321212057
-2.05153629768
-1.06330288309
-0.552637168914
-0.300099827955
0.119646237449
1.07210736915
2.62128685813
4.44203834882
5.93733123936
6.50622804336
5.83106188993
4.04179401813
1.67641223639
-0.543167399437
-2.01110159105
-2.47156978998
-2.08218064939
-1.28949647663
-0.590647034772
-0.304513502765
-0.460846941962
-0.84717544521
-1.16967916049
-1.22967999808
-1.01891808629
-0.690291673704
-0.434396337193
-0.344456824062
-0.354679208134
-0.289703165973
0.00622247109715
0.542227259601
1.13996056222
1.51406355024
1.43618751041
0.889369959005
0.115309946009
-0.489882027766
-0.591575736198
-0.134111031009
0.56541460935
0.919310666709
0.341233293931
-1.43293911042
-4.13633073621
-6.99562639044
-9.00482997951
-9.34223948147
-7.74655327817
-4.67491767814
-1.15830037521
1.59379356858
2.6710129693
1.81413666865
-0.510465154817
-3.33952937123
-5.63428281915
-6.70209161321
-6.43537819042
-5.27812529889
-3.95993796981
-3.14023605396
-3.13310320002
-3.8277847478
-4.81367384748
-5.61826251135
-5.92232786718
-5.64726459679
-4.89344025318
-3.79669170908
-2.41299272644
-0.715645251329
1.28926050087
3.408809288
5.19121271215
6.0245033183
5.4020986543
3.2453705745
0.113139929433
-2.84695400786
-4.24279442326
-2.97221059649
1.26766327188
7.72885328255
14.7603444886
20.3317144925
22.7429696551
21.2403976855
16.2875870742
9.38010906831
2.48127751529
-2.68850191324
-5.22290163575
-5.24513758704
-3.70998179557
-1.9090161401
-0.909231095422
-1.16154916946
-2.42006408779
-3.96508610522
-4.99359957704
-4.9856921883
-3.89214643675
-2.08995950252
-0.164651058956
1.35292855881
2.16919780519
2.2657249954
1.81162943018
1.02907413527
0.0977305231821
-0.85802201605
-1.71753879274
-2.31015877009
-2.42127606081
-1.87728691311
-0.66928578707
0.963294905458
2.5602253438
3.59639920494
3.71025282767
2.89672959276
1.5574887684
0.359857448026
-0.0524135970492
0.626178330867
2.17167726898
3.86703495715
4.77155353473
4.12083864414
1.68811051673
-2.05444962905
-6.05465805853
-9.04117225878
-9.98435465628
-8.47319793639
-4.86137653717
-0.133484925754
4.44327096234
7.73627822923
9.0737482028
8.37301579472
6.05513932791
2.81613626134
-0.16101381099747414
-2.799272682356616
-4.780623605485857
-5.973619774919655
-6.34883281582151
-5.917845485320967
-4.730030846197721
-2.9153970081287213
-0.7283944021340432
1.4556346326228038
3.212782696481142
4.192429595643887
4.237890265993087
3.4499119766124977
2.16065562371881
0.8256205718505356
-0.12328248787311225
-0.405834862078
-0.705442108913
-0.410256110096
0.217589655579
0.886910118664
1.35923709222
1.49514625051
1.26554270535
0.740920295818
0.0710915186106
-0.541609987145
-0.881246027484
-0.773902778041
-0.152621133428
0.89143635813
2.10200850742
3.11548411067
3.57730699719
3.27907532057
2.25842361014
0.8095833285
-0.613992722443
-1.57517239228
-1.83634130849
-1.46813934809
-0.82825642866
-0.410470301411
-0.624299885012
-1.60165921328
-3.11980143632
-4.68046840059
-5.71481462967
-5.82477739076
-4.95241425247
-3.39966573671
-1.68882472746
-0.327619946735
0.412299689093
0.600164450158
0.584836996792
0.795953307224
1.5012379528
2.63604090349
3.78956840368
4.36112186572
3.82148872719
1.96516296205
0.2853252223724496
-1.812610979888035
-3.4953440626354393
-4.043148302503212
-3.106736366793726
-0.8248365390519581
2.2373643986541083
5.296329925725587
7.617986420692176
8.743378205853702
8.597143160118463
7.457057545134759
5.81760417539
3.15642860157
0.959716320456
-0.526923441229
-1.24101643195
-1.25268079811
-0.701038136144
0.25255752299
1.44401396923
2.707049028
3.87179633521
4.77462653039
5.28076550083
5.31027805896
4.85425740079
3.97316398834
2.77923037253
1.41304394985
0.0256608947759
-1.22875024535
-2.19449814254
-2.72164096154
-2.68910126514
-2.044204235
-0.846089448407
0.70880344273
2.30016290413
3.54478605075
4.09424436584
3.74015913273
2.48975342783
0.580802054808
-1.57522274022
-3.50739284933
-4.82100461285
-5.30987930172
-5.00786198114
-4.16303403013
-3.14481131562
-2.31673645403
-1.91845500582
-1.99576641986
-2.39996612784
-2.85356394536
-3.05734625692
-2.80097982479
-2.03975234755
-0.912857286805
0.300966068082
1.27373818388
1.73335857459
1.54890299905
0.769493044809
-0.393609529854
-1.63344385173
-2.63946217007
-3.1862316221
-3.19300077957
-2.73914873262
-2.03433823864
-1.35450058632
-0.962474960177
-1.03426816206
-1.60931014153
-2.5772332497
-3.70575326598
-4.70482502628
-5.31221319116
-5.37692380558
-4.91295090806
-4.10018543312
-3.22385768703
-2.56608705366
-2.28564949919
-2.33469581391
-2.45513838128
-2.27065428284
-1.45024564946
0.118060302601
2.22121812057
4.34415003907
5.83483680375
6.16181015706
5.16377222886
3.17840616255
0.974485078045
-0.511685598314
-0.54747862011
1.06382576129
3.83668585979
6.72500646669
8.4867754161
8.16040986652
5.46386279283
0.947271891503
-0.5073319993755092
-1.12903076373
-3.36804289512
-3.23344229793
-1.17589666922
1.70030095818
4.09270682705
5.01684883963
4.1714990513
2.01019081024
-0.496375080423
-2.29248438702
-2.67377527151
-1.54677109482
0.58285811544
2.86572539302
4.47862111555
4.94210107322
4.25780921445
2.8295119451
1.23090420864
-0.0564499407895
-0.814468481023
-1.10712481818
-1.16506620174
-1.21706706933
-1.36362903086
-1.55258003762
-1.65396875363
-1.57686310506
-1.35217181425
-1.13070183042
-1.09806341715
-1.35755907502
-1.85144377494
-2.36990303299
-2.64801109855
-2.50118353191
-1.92665841881
-1.11498771953
-0.362611627192
0.0709841542538
0.088378241478
-0.202606464841
-0.54913839223
-0.684824850848
-0.463924172785
0.070052456164
0.713971015064
1.21369391149
1.39227519227
1.23087407049
0.863865162122
0.497422407395
0.301542863737
0.336865234118
0.554084096396
0.859219386348
1.19824658677
1.60282253128
2.16252963302
2.93536874885
3.85068340616
4.6717149962
5.0584439699
4.71713664951
3.56957420554
1.85255484217
0.0824070559359
-1.11877075654
-1.26831570353
-0.230666942899
1.71190703027
3.96522735721
5.86308600086
6.93350934903
7.06933148134
6.52556724525
5.74903347335
5.12676596929
4.7790078239
4.50016440727
3.87775342383
2.53094324663
0.350234856273
-2.38233616128
-5.0564969461
-6.95704262683
-7.54788110577
-6.68974050208
-4.69681579533
-2.2129276447
0.031320051225
1.47083476937
1.86375948308
1.30338253841
0.104137137742
-1.36474105057
-2.81266353246
-4.07490362529
-5.07498194183
-5.75035391655
-6.00389423628
-5.72031904979
-4.84108598916
-3.45047036864
-1.81289141283
-0.324409969242
0.612868822595
0.741080708497
0.0515582681178
-1.20720729576
-2.62517256403
-3.78782105084
-4.42502323484
-4.4886999721
-4.1326471801
-3.61434165316
-3.17160278914
-2.93146312885
-2.88506910924
-2.92582269109
-2.91860659609
-2.76018693941
-2.40580730735
-1.86278150129
-1.17164058038
-0.397352810587
0.362397192703
0.966112547247
1.23995153633
1.02846977011
0.275841780562
-0.898839341305
-2.17999503518
-3.11989479879
-3.28239739679
-2.4161703546
-0.58271915806
1.82548854438
4.19789953153
5.91249918987
6.55392632129
6.05220962763
4.68484156616
2.9455765697
1.34217104517
0.213954917857
-0.354713793348
-0.499016060148
-0.449502205698
-0.391397128194
-0.379737054025
-0.346096539972
-0.18033109662
0.168898585634
0.637451456409
1.06665279069
1.28874848878
1.22552277989
0.940553227786
0.611832084467
0.437266058109
0.525002414047
0.831150628965
1.1827351158
1.37678182332
1.30306513746
1.02245638702
0.754321690532
0.774064845745
1.27027452022
2.23388851794
3.43676742621
4.51197983468
5.09702492309
4.97124704671
4.12512206849
2.73716114072
1.08200156467
-0.575696426873
-2.04879636622
-3.23538970549
-4.08579977438
-4.57178310264
-4.6927666259
-4.51909296641
-4.23354653042
-4.11749961628
-4.45185373224
-5.35692244115
-6.64954560603
-7.8143452642
-8.14874825047
-7.05789112312
-4.38468694837
-0.612476931268
3.19218616995
5.72302090644
5.95149069464
3.60167879785
-0.645663675207
-5.34887465553
-8.8556045312
-9.99018491301
-8.57532286969
-5.53587140596
-2.50664540376
-1.09090221845
-2.08839154792
-5.04710651249
-8.36614820959
-9.93844994507
-8.07630585599
-2.32231526601
6.21851049858
15.1926982563
21.8491770576
24.0842151942
21.2505759445
14.3993270023
5.86220568284
-1.64309348461
-6.0123725203
-6.46028665127
-3.67419552274
0.600649253527
4.33115427733
5.98480003948
5.02705695269
1.97136039409
-1.97448194369
-5.46491918652
-7.52472729566
-7.81931563607
-6.63015040688
-4.61081313317
-2.47318990909
-0.745828321563
0.322977965174
0.730322205622
0.620845376155
0.198919163869
-0.313982443356
-0.68982685731
-0.711513150881
-0.225210715028
0.782108000566
2.12566013417
3.43943949206
4.28872326075
4.34683808611
3.55836351613
2.20205539887
0.805430151577
-0.0669352179441
-0.0628431855974
0.785991634097
2.05665044686
3.1042343837
3.33641236857
2.47054295201
0.65713370574
-1.58458802926
-3.58590604869
-4.79951567914
-4.9996688349
-4.32838295982
-3.18107382778
-1.99997233015
-1.08072742729
-0.48084597288
-0.0599011411757
0.387024923425
0.984176713525
1.69716231373
2.35758047753
2.76678824956
2.81341178219
2.53564022492
2.09407924785
1.67329067708
1.3707021728
1.13831059727
0.81250450075
0.217487263392
0.48161224227042965
0.5192071115429258
0.594456448287147
1.01475411095
0.744743042796
1.02166923553
1.61800390224
2.17023082381
2.3299773492
1.90963573234
0.958065371775
-0.263699464482
-1.39070261579
-2.09506685414
-2.19979682041
-1.72435218611
-0.855196455833
0.134088177876
0.974098557968
1.46915685783
1.53049984166
1.17708743815
0.516803457372
-0.281802540694
-1.02484396296
-1.53705689732
-1.71115454639
-1.54864258578
-1.17055146717
-0.781034695584
-0.585624619652
-0.691560114285
-1.03568933628
-1.38286696088
-1.41095548573
-0.857371560633
0.333674424277
1.93460948668
3.47607414685
4.40368092825
4.29243589139
3.02923372915
0.881655231651
-1.58227560702
-3.69401350054
-4.92179909469
-5.04704382563
-4.21009452157
-2.8151680426
-1.34611730855
-0.17979986922
0.523262942256
0.814917457986
0.863064293585
0.82553567307
0.763328767513
0.633243718079
0.352641170164
-0.110503278409
-0.680243354976
-1.18429430573
-1.42968496246
-1.30008425382
-0.819570506255
-0.145927778912
0.504460403239
0.960127264007
1.17053044253
1.21343999292
1.23003742001
1.32373199323
1.47905325151
1.54695938426
1.30785086817
0.582226600216
0.4443746876952872
-0.06902959864149238
-0.665933027796
-2.07753769169
-2.98585415753
-3.29296771132
-3.06571771814
-2.47890464053
-1.72953669042
-0.967305592211
-0.271091162226
0.328266366803
0.804930164356
1.10914790576
1.17378771629
0.952213616327
0.461463154223
-0.200325810419
-0.878430356609
-1.41855197026
-1.72617746598
-1.79534011492
-1.69121063381
-1.49851938012
-1.26893118767
-1.0017130379
-0.67142405664
-0.285329809508
0.069524384621
0.229005966306
0.0175280849741
-0.648904714502
-1.67686810924
-2.7822918734
-3.57346842712
-3.70390357602
-3.02654635064
-1.67128763341
0.00079282838108
1.55324750107
2.66883015507
3.28626645617
3.60646769129
3.9592775622
4.5947781394
5.50727685433
6.39018467678
6.75777605221
6.1845451266
4.54754219204
2.1467119182
-0.368712774151
-2.24707261143
-2.94663643737
-2.36837935805
-0.897184618765
0.77136890179
1.93914503763
2.20406726906
1.60990265032
0.58119305501
-0.317354583243
-0.67276049639
-0.420483067749
0.149190994071
0.571737092419
0.477207750054
-0.195314373103
-1.15039794115
-1.88108146356
-1.93050223693
-1.1339164778
0.285613356323
1.81907805576
2.91981242883
3.27091574229
2.93406255006
2.30299408083
1.88619599684
2.03237142174
2.74291377994
3.67121636147
4.31155592855
4.28024361462
3.54068477653
2.4492907806
1.5892715456
1.46915701359
2.23650864035
3.5562055327
4.72564040271
4.9831590155
3.8682816175
1.46158169928
-1.61513046636
-4.44603704607
-6.20667563115
-6.51207969684
-5.56886230292
-4.06343743505
-2.84053562613
-2.52137891559
-3.23529569791
-4.58240074418
-5.83645393706
-6.28790754001
-5.56766310754
-3.80741953854
-1.57229315343
0.393877517001
1.48924991626
1.49742709099
0.653262975432
-0.485272244929
-1.2907162311
-1.3288508125
-0.520791141451
0.852395980427
2.28800666022
3.27153516908
3.46682029628
2.81599319053
1.52517449896
-0.039641828687
-1.49227871319
-2.54520005698
-3.07160184751
-3.10446606784
-2.79020793235
-2.32436528371
-1.89271466043
-1.62993824968
-1.59759131752
-1.77843697904
-2.08491391404
-2.38165255033
-2.52141823023
-2.38931494364
-1.94388487546
-1.24029747219
-0.423676351978
0.309964394186
0.775175980303
0.860834818513
0.57328728452
0.0420937032304
-0.515510388561
-0.860658319789
-0.807787410997
-0.283709767942
0.648519438242
1.80844093314
2.95310604991
3.84962262068
4.3411782932
4.38472057635
4.0483701264
3.47112642506
2.80159068468
2.14083577211
1.51323311057
0.877512590192
0.172521325091
-0.624521325425
-1.4570210723
-2.18873641177
-2.64914289898
-2.70640108771
-2.33378990734
-1.63525993815
-0.813301716243
-0.0903277184589
0.380431530219
0.570387290738
0.567808731116
0.508800172197
0.482314695327
0.461504862941
0.303583537491
1.0654220484851749
1.402507846974757
1.3840615200571733
1.27008051201
0.0571839653446
-0.572965258378
-0.513965773456
0.062646070364
0.766619551515
1.16197375199
0.97611371362
0.241342556828
-0.709125858889
-1.39969325242
-1.45504588397
-0.807313388535
0.242763250375
1.15367927454
1.40799470307
0.786899258456
-0.487457255612
-1.82598632857
-2.54149034106
-2.18860447595
-0.80553769295
1.07338512934
2.6571662702
3.28509148191
2.77422103274
1.54753031828
0.461428381311
0.397167053133
1.80303453817
4.41074057671
7.27750526509
9.15549369822
9.03273417899
6.6012081428
2.43359709625
-2.2193362149
-5.92444544584
-7.63374753503
-7.07188481638
-4.77955844692
-1.81232937161
0.746958138164
2.22623952072
2.55606076028
2.15149102947
1.57799328983
1.19705696519
0.983572790416
0.602599716135
-0.314301569973
-1.86432880297
-3.72703142754
-5.27429906842
-5.88930694303
-5.32342868278
-3.88713370877
-2.35001313759
-1.57804624988
-2.08345258835
-3.72400510832
-5.7265608615
-7.04964055826
-6.92093256283
-5.28045875859
-2.88811074114
-1.00896283869
-0.799519830401
-2.67960510559
-6.00401764929
-9.22368537263
-10.5014242599
-8.52748566657
-3.17107744369
4.33817102711
11.8028589124
16.8738976209
17.9491582471
14.7758740136
8.50905316269
1.21673131199
0.295574388731
-3.13949411588
-3.66110599756
-2.03498065085
0.370042654051
2.2361143147
2.82486169737
2.17087768471
0.904820732111
-0.15857535084
-0.443749752206
0.14854446202
1.27128516917
2.36947312387
2.97508892851
2.90234568321
2.26221109662
1.32279554966
0.322064703997
-0.648596792
-1.6276220232
-2.6587203022
-3.65157875265
-4.33030277486
-4.31945347254
-3.33379743423
-1.37107147323
1.20448388292
3.74863078789
5.56695966996
6.18448392276
5.52675075687
3.92552602783
1.94844780846
0.138753720466
-1.20644558603
-2.11422234579
-2.84126682129
-3.66672282563
-4.68821456814
-5.73140723137
-6.42094252512
-6.37461379299
-5.41819462257
-3.70828032642
-1.69881374415
0.0326858823633
1.01305457547
1.04541999866
0.248039474819
-1.04597088689
-2.46327221022
-3.74131541344
-4.7784520523
-5.56795298572
-6.06969009225
-6.11111513908
-5.39481058933
-3.63010833863
-0.732417187629
3.01443452969
6.93308737811
10.1071587115
11.6732160368
11.1377756359
8.58573624106
4.68626239134
0.48521232604
-2.93792062476
-4.81583943066
-4.91213191657
-3.5398497329
-1.39065462582
0.742118453133
2.23151504316
2.78003578285
2.43726321881
1.4955007433
0.330426351414
-0.738852115858
-1.52190504274
-1.95442812088
-2.04931828595
-1.84289684695
-1.36704181885
-0.653554550991
0.245329000387
1.24455516169
2.23753327912
3.12814469714
3.86446423639
4.45141266001
4.93043578558
5.33362841895
5.63647311691
5.73781922227
5.48464692077
4.73745354196
3.45029337144
1.72849079573
-0.167195825679
-1.88039900056
-3.06621058466
-3.5067959754
-3.18975827671
-2.31485245698
-1.22078438866
-0.255057232964
0.365755945718
0.650141332805
0.837971579944
1.30731451307
2.40808208552
4.28089993993
6.73271492748
9.22767154197
11.0144576562
11.3610156914
9.82215749344
6.44354372006
1.81815492098
-3.04218936977
-6.9921358436
-9.10596620175
-8.97787589485
-6.8605718414
-3.58731803306
-0.299625334933
1.92610890143
2.42242971282
1.12615400848
-1.43760446152
-4.36704525215
-6.70546010584
-7.75342729888
-7.26452170748
-5.46970736499
-2.94351316379
-0.380729178208
1.62512028323
2.72607315776
2.8541380773
2.1615090393
0.915011765681
-0.601256612707
-2.14063842525
-3.50274002234
-4.51903553817
-5.04623113642
-4.98697652607
-4.33446746065
-3.21619729049
-1.9043547307
-0.770630350894
-0.186971453656
-0.400161660762
-1.42491243365
-2.9995933348
-4.63027982584
-5.71906304683
-5.74229610139
-4.42439245809
-1.8500459631
1.52626509983
4.98430614193
7.73069115631
9.12485309641
8.86854794248
7.09629903089
4.3330992174
1.32862863369
-1.17954435382
-2.69367401766
-3.09436105093
-2.64016760824
-1.83008056253
-1.18406266451
-1.03045417086
-1.38704893688
-1.98387907681
-2.41489874651
-2.34862095981
-1.7001639744
-0.683067502468
0.2866235023
0.792462914087
0.631946486901
-0.0612315810503
-0.852798430011
-1.19556634974
-0.690741067481
0.695041134715
2.56143339241
4.19704467493
4.85099223277
4.04289187546
1.77970893381
-0.7773308987759577
-3.4036980313477017
-5.208206525849789
-5.592839427732031
-4.457211347874363
-2.210133051894516
0.4068246375321678
2.604489851671275
3.823612322919672
3.901431768704228
3.077402358716924
1.8558180152295876
0.7953655149508876
0.313023211183
-0.313183711333
-0.30054261886
0.0708267030066
0.466640338736
0.61689780467
0.39288858652
-0.169654693295
-0.895759955679
-1.53062153878
-1.81757440903
-1.57918314676
-0.784113563678
0.420177687072
1.72689884613
2.74783878267
3.13508419419
2.7091947364
1.54413205608
-0.0328829330975
-1.53911828899
-2.50368941012
-2.64275349405
-1.97107073874
-0.800312221108
0.379492019268
1.08865291917
1.03864496213
0.230067876285
-0.3862821598348063
-1.0903579902762743
-1.51313633494
-1.89235649665
-1.82468163186
-1.50804117919
-1.18866630305
-1.03731682206
-1.08102580387
-1.21567649115
-1.28213832637
-1.15895633559
-0.821972965361
-0.344907918739
0.149983202977
0.555649619805
0.819357471325
0.938080723144
0.921407999207
0.755026232303
0.397472802767
-0.180041866614
-0.932777869079
-1.70348822437
-2.24348131708
-2.3012145639
-1.74472555807
-0.655930674639
0.661960750216
1.78533538717
2.34573288174
2.20178397444
1.52049546031
0.716790919748
0.266706099656
0.475127526777
1.30962304963
2.38901815769
3.14604091739
3.09871966104
2.10625191123
0.482681246366
-1.09916313427
-1.88526289038
-1.38292065568
0.386950333597
2.85079511502
5.08880049525
6.20893476664
5.73172453758
3.81735916849
1.22975815628
-0.956798397319
-1.79221030993
-0.847853509382
1.58856190757
4.60316165113
6.99726726883
7.74490421505
6.38667152595
3.20832465532
-0.860560092596
-4.58356164549
-6.85849806193
-7.09775963126
-5.41285126162
-2.54566229299
0.417584344155
2.4392442307
2.88874158607
1.74527355359
-0.416958852862
-2.64639888293
-3.95346767569
-3.65421325654
-1.60459769433
1.7482367031
5.50944684672
8.62297261215
10.2044266171
9.81143901852
7.56605691855
4.09495354749
0.314461339669
-2.86215862088
-4.79541157811
-5.28116076387
-4.55826785514
-3.17290865147
-1.75837427425
-0.813166450904
-0.553089967758
-0.879971142187
-1.46488900931
-1.90452374718
-1.88853162031
-1.3184969715
-0.340958150325
0.711480646684
1.44676000265
1.5630327434
0.970240980068
-0.159433581823
-1.43460037531
-2.37443130232
-2.58753077923
-1.93869911295
-0.636257208036
0.80888179395
1.7586285126
1.70873774717
0.539842941674
-1.35226351757
-3.12710465286
-3.77786587712
-2.53444246471
0.761531594919
5.47546838689
10.2993244069
13.6635539536
14.3061661672
11.7804694561
6.68665017863
0.510061933937
-4.89387019173
-7.97700582661
-8.06920760688
-5.60813353221
-1.93105727661
1.28522360788
2.7012209444
1.82502459375
-0.851768518444
-4.13428562309
-6.68100591027
-7.58186071555
-6.70521881883
-4.6771841194
-2.52970788887
-1.2020470217
-1.13489525363
-2.13617272017
-3.55591853254
-4.65696746125
-4.98194834297
-4.53488373129
-3.70341768849
-2.98681968638
-2.69282099131
-2.77382955358
-2.88909955706
-2.65079963702
-1.90820669327
-0.901131557053
-0.183725821856
-0.345903288108
-1.67441145407
-3.93700113239
-6.41714965467
-8.20058522714
-8.58319374845
-7.40162830129
-5.12009777862
-2.62483646109
-0.822486136912
-0.236460608229
-0.796175539741
-1.91711445787
-2.82431914092
-2.95196712744
-2.21779762704
-1.03939681635
-0.0934238601805
0.0508815542113
-0.767237300447
-2.21573808048
-3.63702370552
-4.37081034359
-4.06035834097
-2.78660023195
-0.973244678539
0.868582706335
2.40369533762
3.59462192881
4.61936567649
5.64504462668
6.60579309422
7.13662011064
6.72822196961
5.03663026596
2.17861810216
-1.17041803998
-3.97006582675
-5.24252332244
-4.54126570595
-2.22282385125
0.639485909762
2.69371251302
2.91564624069
1.10242379127
-1.99073607794
-4.95501981474
-6.34922745671
-5.35639861261
-2.1685864053
2.08609877123
5.84671833694
7.82170806836
7.56277480022
5.64224571901
3.35226661889
2.06954614824
2.5859242638
4.71897528511
7.38295410472
9.08386189902
8.60649581349
5.57731853728
0.650999140987
-1.1453582754021312
-1.82289902166
-3.96245302636
-3.58392284877
-1.33392788563
1.56721689052
3.85328088831
4.69401947917
3.93879577496
2.05568085558
-0.160871381782
-1.95331320929
-2.87243082488
-2.86530026441
-2.18785479337
-1.22591309574
-0.327787721766
0.284390230889
0.518850160211
0.376051576861
-0.0801996745948
-0.719029004137
-1.32456874356
-1.60686285945
-1.27392854097
-0.156575687744
1.66768702179
3.82489694309
5.71950073052
6.72691935638
6.43379444198
4.82168349109
2.30578009341
-0.398562252348
-2.53096402019
-3.55631406451
-3.33747107447
-2.14395531945
-0.505659202633
1.01225932924
2.01018961093
2.35097865004
2.13164847375
1.56967271527
0.876445309166
0.181749662398
-0.467693948392
-1.05900034928
-1.56190012531
-1.91586046664
-2.06220363877
-1.99213968173
-1.76754399574
-1.4885689237
-1.22036339994
-0.925748432683
-0.457717173197
0.363283042991
1.61362892912
3.1433166814
4.54563965324
5.26331788895
4.80630512878
2.99098255103
0.0843120251838
-3.23159228446
-6.08003306907
-7.71175739913
-7.79015908438
-6.51121458325
-4.50235272819
-2.54623681187
-1.25678788773
-0.855145053362
-1.14204106566
-1.66559048753
-1.98855367817
-1.91435012591
-1.55848229385
-1.23669395983
-1.23890539443
-1.61800333359
-2.11389782739
-2.26066319267
-1.62613979721
-0.0606872600842
2.17688456106
4.48783168612
6.1696372491
6.70733165211
5.97886158976
4.27664319802
2.14019245909
0.0891319893616
0.3066769048826501
0.8209425497648084
1.348795430127609
1.6055278231278294
1.5209415120914827
1.32844553837
-0.4326120187
-1.41319969121
-1.41852896407
-0.624838970101
0.479171112102
1.31126249876
1.46719882062
0.907933918346
-0.0334029441047
-0.829811524106
-1.03502757469
-0.516146561648
0.473317759201
1.41726289788
1.79588008852
1.34976167019
0.216658055403
-1.12814537094
-2.09918745371
-2.28433308652
-1.64550874531
-0.538837466045
0.455364335329
0.810632526263
0.307830869614
-0.854706986769
-2.14349859109
-2.92345929463
-2.73380106657
-1.48305917529
0.517368089312
2.6855753718
4.39948778102
5.22155363591
5.02785735153
4.00333835978
2.52640353006
1.00844792614
-0.239849956245
-1.07032360055
-1.48362390402
-1.57022825792
-1.44737885382
-1.22071949377
-0.975240581812
-0.780423802892
-0.690123295376
-0.728820523821
-0.872831869066
-1.04518611479
-1.1385630792
-1.0638674969
-0.803035208434
-0.435948317915
-0.119846183745
-0.0224710647486
-0.235837813369
-0.711929564813
-1.25595606803
-1.58842082254
-1.45527215742
-0.741244896622
0.462977034472
1.87140884555
3.09083421302
3.75392900205
3.64694470445
2.78422882998
1.40322374291
-0.116230617469
-1.37772500859
-2.09480438126
-2.17612370114
-1.74302982181
-1.07613616309
-0.509796208712
-0.30933413146
-0.571708790436
-1.18440414747
-1.8604152342
-2.24262782
-2.04521307313
-1.18177654789
0.171531288352
1.61078186617
2.63411298125
2.82383406849
2.01061852335
0.349396823756
6.50402623527
4.56122762623
3.15881990165
2.44454599336
2.23961757128
2.14173396719
1.73777903284
0.83032731522
-0.431077821794
-1.58488976985
-2.05499840879
-1.42863085538
0.311710372149
2.71588943719
4.99968973489
6.33782776567
6.19428584202
4.54550762238
1.8954227687
-0.927877197638
-3.10680590907
-4.15465500893
-4.08337990673
-3.35058578512
-2.61773840878
-2.43544529981
-3.00054101288
-4.09135132512
-5.20131871526
-5.7986219242
-5.58400285985
-4.6255606158
-3.31263159757
-2.1591465371
-1.55732447384
-1.60235284947
-2.07010927845
-2.55331870883
-2.68454249266
-2.33371627483
-1.68187643617
-1.13323327902
-1.10533457245
-1.79527490017
-3.03249528769
-4.29113204981
-4.86520565273
-4.13959480879
-1.84882372336
1.7799016235
6.05719553325
10.0266370432
12.7551562264
13.6172284534
12.4773751341
9.71416569783
6.08435124959
2.47812710994
-0.350801620095
-1.99254026288
-2.46191984538
-2.13290307677
-1.55586231902
-1.22677465083
-1.39395540357
-1.97464357151
-2.61332390189
-2.8590235639
-2.38985026272
-1.18986301527
0.402025724942
1.80159664427
2.41087743081
1.87888686516
0.27875845236
-1.88317191814
-3.84274245423
-4.87418457513
-4.58660078086
-3.09332612393
-0.976087910612
0.948054871356
1.96311619016
1.75269514858
0.532719352669
-1.04001649426
-2.14635058509
-2.15326208945
-0.886150911612
1.28771381213
3.59645741486
5.16164706263
5.33383201659
3.93272731079
1.30416709435
-1.81712881473
-4.57525518915
-6.28493429959
-6.6434890373
-5.79921249625
-4.26900996037
-2.74745943162
-1.8757231246
-2.03933120535
-3.24636094143
-5.11284184014
-6.95787985988
-7.98893380647
-7.53693383555
-5.28266876052
-1.40635064841
3.39912514544
8.07790340759
11.497781652
12.7918171431
11.638737187
8.37389156715
3.8773815853
-0.21145413792258694
-3.431477813047863
-5.2604392253301455
-5.752948115877217
-5.42219486462416
-4.9427639119307685
-4.8128796661519
-5.130919487550614
-5.585519763448005
-5.655932068316204
-4.918017139651084
-3.3005661774760853
-1.1619235303796671
0.8535227517148769
2.10936775632
1.84573507623
0.626866556995
-1.01550841187
-2.4032855838
-3.02344691163
-2.74311545172
-1.82322037973
-0.731152078636
0.141868092481
0.70269683064
1.19350921594
2.01954854636
3.45790945104
5.40866247393
7.33659289929
8.45835337551
8.1015270066
6.0645100533
2.79150060375
-0.743179356601
-3.40903450146
-4.39010646386
-3.53587779123
-1.42471989915
0.895959655807
2.37664388858
2.42489617787
1.14539669141
-0.746208855243
-2.28763164997
-2.73375236808
-1.89788752131
-0.212392185663
1.51081692263
2.49426066505
2.37710518173
1.38058665403
0.182277908931
-0.431438848544
0.0405144342138
1.56577581062
3.59203955739
5.30731834159
6.01365425644
5.43207668164
3.7984394891
1.71792238477
-0.13573659264
-1.32062038853
-1.78209329005
-1.80095101295
-1.78018280856
-1.99482096617
-2.43984102685
-2.85151621576
-2.8818846962
-2.32504407216
-1.26918072937
-0.0904047722992
0.710537050355
0.745191280315
-0.0727380105155
-1.47948425795
-2.97654255949
-4.04842323638
-4.37387112984
-3.93068602796
-2.95358331294
-1.781288956
-0.682727310928
0.244218743963
1.0540595204
1.83732876065
2.58347121441
3.11091684401
3.11415468884
2.31146459872
0.618476322935
-1.74672305282
-4.290957259
-6.40520679969
-7.58918667537
-7.64090465703
-6.72596807878
-5.29738149475
-3.90520825447
-2.98320868557
-2.70446858478
-2.96014614959
-3.4556831385
-3.86728225394
-3.98194166359
-3.76291010734
-3.32577220334
-2.85421805153
-2.50706162324
-2.36093615124
-2.40457307652
-2.56943528587
-2.76569171794
-2.89920007303
-2.86728680479
-2.55254794365
-1.83954960131
-0.664437306045
0.91925699314
2.69673837594
4.30877597632
5.34368644222
5.48017083345
4.6238553236
2.97277536972
0.972034045333
-0.834122497089
-1.99609144639
-2.31727293872
-1.90861463861
-1.11659088219
-0.358998887987
0.0558446815511
0.0455745269326
-0.242157062804
-0.531451766741
-0.569741396905
-0.252764229325
0.335751555075
0.982762646936
1.46625176512
1.67173266627
1.64518966089
1.5586702832
1.61119835455
1.92023712997
2.46123445099
3.08473581067
3.59797322251
3.86377346974
3.86205887334
3.68162927294
3.44967475182
3.2417112173
3.0260185868
2.67774676074
2.05858960182
1.11946775884
0.0755229054312565
-0.9319144135590847
-1.606294657090288
-1.7415781191658226
-1.3336813249465536
-0.6063978452757937
0.06885647154388153
0.3285131242565029
-0.02215875889812935
-0.9182475670452419
-2.059549849934797
-3.0416609083307122
-3.534863014796983
-3.4286779498147126
-2.8755283844658805
-2.214046648382876
-1.8087430852622646
-1.8812752780532236
-2.411348279210941
-3.151477605441002
-3.7460417826673904
-3.897016229367793
-3.498973089710617
-2.6828328815253997
-1.7522815774586036
-1.046784336380668
-0.7969522156043638
-1.0374882889916393
-1.6119586515714701
-2.2586183391841246
-2.729849747429256
-2.8866277386195947
-2.727602677392909
-2.34898226335
-2.06276280114
-1.74143888176
-1.38595809198
-0.964521084123
-0.475629052737
0.00464360755582
0.327523938831
0.335398729093
-0.0442389792093
-0.725994066833
-1.46181563846
-1.92038695625
-1.8238287591
-1.08144014325
0.145573859942
1.48730799888
2.50628684278
2.87856511103
2.53360438889
1.68614026308
0.740530402634
0.107171672695
0.0136621291516
0.399053172848
0.943442661021
1.22282694425
0.919276884661
-0.0122427982876
-1.30191193735
-2.4729076959
-3.05364450247
-2.79769092046
-1.80739092215
-0.498815058731
0.581963643542
1.01120550753
0.693461626511
-0.0764330397514
-0.729989705367
-0.674550285926
0.431570087722
2.49973208635
5.00910450959
7.18783984438
8.30427150927
7.94868747126
6.19158736231
3.55763555478
0.831033563495
-1.2259362627
-2.13100408283
-1.82445676319
-0.656442901279
0.75922633857
1.75896796175
1.83347215637
0.76337819323
-1.33710340647
-4.06036708351
-6.80447379848
-8.90551418758
-9.78401404485
-9.08834870746
-6.81141339652
-3.34643110294
0.553890877341
3.93271212957
5.87859595091
5.80368170178
3.65505263881
nan
nan
nan
nan
nan
nan
nan
nan
nan
nan
nan
nan
nan
nan
nan
nan
nan
nan
nan
nan
nan
nan
nan
nan
nan
nan
nan
nan
nan
nan
nan
nan
nan
nan
nan
nan
nan
nan
nan
nan
nan
nan
nan
nan
nan
nan
nan
nan
nan
nan
nan
nan
nan
nan
nan
nan
nan
nan
nan
nan
nan
nan
nan
nan
nan
nan
