-3.09535900308
-4.12157777722
-3.48062882182
-1.54782652673
0.845123960452
2.75042822076
3.49422752979
2.94055409949
1.51107928043
-0.0429283120367
-1.00395953295
-1.01353971128
-0.209685145487
0.877664414132
1.60853887768
1.54483072131
0.638919894224
-0.782839587881
-2.21398818569
-3.22168469182
-3.61972811667
-3.47459513581
-2.95882484363
-2.15685824347
-0.95812227915
0.877653130304
3.50185563846
6.72560254289
9.89673012077
12.0180448241
12.100968875
9.61761039476
4.8398735585
-1.11917550167
-6.62367399909
-10.0901991741
-10.5885968493
-8.209669955
-4.03254887486
0.303703352961
3.24601457299
3.91740836989
2.40558498946
-0.358712247616
-3.06018192046
-4.57803597087
-4.42947305488
-2.89823726911
-0.82146946541
0.838221188817
1.42455919184
0.831934336304
-0.52341519223
-1.9564372187
-2.84462151959
-2.87529764863
-2.11017629144
-0.872185743597
0.453176609483
1.58218694847
2.38326738961
2.81292599338
2.80739808415
2.22229639802
0.875870302902
3.733321658031045
5.88302478521
2.84714816713
0.129008333942
-1.69893218563
-2.33275478946
-1.87417211248
-0.78810655552
0.311058673183
0.946609697805
0.998561364203
0.741304270132
0.674796754077
1.22938972241
2.492732711
4.10242960397
5.37016335098
5.58900086607
4.38165855897
1.92087108461
-1.09173384094
-3.69020529873
-5.03943094671
-4.78499489178
-3.20050736498
-1.06640314212
0.665275794566
1.27180986535
0.553094368778
-1.1035253738
-2.9045853076
-3.99049097654
-3.7857064679
-2.21725301011
0.274912245732
2.9214214408
4.91198087314
5.67030235298
5.01840770438
3.18886170847
0.704880225501
-1.80996173697
-3.82022411175
-5.00982782861
-5.3304529384
-4.96997979997
-4.26252950912
-3.57016462473
-3.1683681336
-3.16573198616
-3.4818678954
-3.8934382359
-4.13604857719
-4.02549749195
-3.54707708696
-2.86760612105
-2.25494888633
-1.93423108251
-1.94819221886
-2.09895418835
-2.0186942697
-1.35563326182
0.00355102004063
1.78904998154
3.37637327656
4.01116769731
3.15693694653
0.816647215979
-2.33384629692
-5.09793943992
-6.17258235788
-4.67612915945
-0.570779456274
5.21613230242
11.0533477886
15.1705360825
16.3116877363
14.2125439071
9.70126978457
4.37446386038
-0.0222821829816
-2.25599637399
-2.040621631
-0.0733915654582
2.32702528744
3.81408812311
3.58092833967
1.66594664596
-1.11792591036
-3.57984326995
-4.68794704088
-4.01217053351
-1.89212127693
0.724210549256
2.68460047901
3.09944658236
1.67985411568
-1.17610907374
-4.56038630334
-7.4026761091
-8.84221794277
-8.48772837462
-6.49147333617
-3.44303121219
-0.150444483909
2.6000427436
4.23010397365
4.4642094581
3.3353728176
1.1276343423
0.6275014495850115
-0.003299230973780709
-0.30088973105119976
0.0722589772838
-1.09934293332
-1.5047658001
-1.37017684449
-1.00882942418
-0.711087904359
-0.646222445581
-0.813452218917
-1.06231594144
-1.1743103244
-0.971436959494
-0.405349136092
0.410798517036
1.24058104714
1.8151369721
1.93744782822
1.55707234187
0.786979791409
-0.140518655945
-0.95751935728
-1.44973301082
-1.51906476714
-1.20158078563
-0.641210485442
-0.0341606541616
0.434629665339
0.643567585776
0.562511123113
0.252497807602
-0.160335754579
-0.528643515996
-0.733316024792
-0.723568437128
-0.53337613825
-0.265748968562
-0.0473502483791
0.0309621058507
-0.0371538092789
-0.159930829131
-0.180932481896
0.0493480364053
0.59275002697
1.37166794126
2.17588794362
2.73335710118
2.82003975968
2.36235191454
1.48418112971
0.471947093229
-0.332893390948
-0.670340717551
-0.468012948181
0.131143014162
0.833550837177
1.32432599891
1.40363024973
1.06896077787
0.507085289679
0.000987258249594
-0.203891626972
-0.0118959293562
0.483088881845
1.04668800981
1.41683841873
1.42666138904
1.08074428718
0.551243361984
0.0976218176937
-0.052204446794
0.19382346874
0.746412001003
1.36517137826
1.7492852588
1.65034073385
0.963993721258
-0.230499821104
-1.6918437151
-3.08697327606
-4.0847237355
-4.44528799413
-4.08349707624
-3.09284575059
-1.7259000239
-0.334546759524
0.718528057037
1.15740941905
0.873282729333
0.4610580520774761
-0.3068427393854165
-1.0647170594019713
-1.4746160822321315
-1.3408326779351114
-0.6744349283220998
0.31915119828059346
1.3261687302878329
2.0495741801632903
2.320960190403625
2.1526261310108623
1.7100891469813888
1.2218697654152209
0.8720386710032386
0.7276136024551789
0.7338994120863873
0.775560599588
0.157275516942
-0.496486122737
-1.06296872229
-1.36938237757
-1.28842299227
-0.819586478221
-0.110597625122
0.596403443424
1.06975975957
1.19212491205
1.00974251732
0.700532623334
0.475992249664
0.466902792711
0.652604638746
0.872331977378
0.915053406423
0.642772047768
0.0828592294372
-0.561657457403
-0.994857344122
-0.967734910013
-0.408731977375
0.519450154664
1.46766215383
2.03473494278
1.93005925348
1.09323407884
-0.27966249437
-1.81063652288
-3.0785758664
-3.76129723717
-3.72509310461
-3.03572231213
-1.9022292575
-0.591181537095
0.647476997544
1.61919954351
2.19038906724
2.28139737433
1.86868774105
1.00261731767
1.1080300865555017
1.1370554328380962
1.36685740768
0.928393255391
1.03654530347
1.61340365809
2.4087738154
3.08752535309
3.35968740953
3.09835888196
2.39207914914
1.50618202612
0.769117889801
0.434602441286
0.581361000925
1.09362511626
1.72665616445
2.22182078272
2.41474386865
2.28762136137
1.94798474991
1.55423595677
1.23328215979
1.03514081677
0.944746154794
0.936470891003
1.03133160623
1.31458520738
1.89394017515
2.81399729012
3.97177050394
5.08503154586
5.74487657646
5.54531928158
4.2442474919
1.89034480448
-1.14066892498
-4.2234551583
-6.65329311094
-7.85297104079
-7.54721781635
-5.84844791776
-3.22906879221
-0.392262919205
1.91799120066
3.11339124379
2.91251687077
1.40940555574
-0.956978308158
-3.52569005051
-5.59994999458
-6.64865135968
-6.46565202284
-5.23427585336
-3.46769963509
-1.83451405271
-0.921604592458
-1.01678749405
-1.99568282069
-3.36485456771
-4.45478354729
-4.69376538944
-3.85449106125
-2.16886627001
-0.255957297303
1.11543723134
1.33642063856
0.212136016849
-1.94757173705
-4.44169656135
-6.45025922675
-7.35210097397
-6.95649987364
-5.55504976523
-3.77807197372
-2.32240801557
-1.66855182478
-1.90365397666
-2.71609575382
-3.55193878409
-3.85776904671
-3.30570883023
-1.91349816089
-0.0234228825128
1.83699754323
3.14802678114
3.57010761703
3.04139567296
1.78158250108
0.215964353001
-1.14795195706
-1.85654431447
-1.63058411845
-0.448686138923
1.42440101356
3.47959666736
5.0804568096
5.63986255648
4.81401407915
2.65036327737
-0.374105057701
-3.45939522752
-5.7175487835
-6.46486881016
-5.46650822885
-3.03566228411
0.0608200130119
2.86435007555
4.5599471888
4.75911547846
3.6237035976
1.78712032313
0.108813160098
-0.639777322808
-0.0396413761231
1.85132261535
4.54416168818
7.30127361188
9.37945151393
10.2503680144
9.73831232888
8.05161843141
5.71629037678
3.43790911443
1.92265542391
1.68911769914
2.9069518909
5.30544849531
8.19477816982
10.6233285022
11.6525671208
10.677737027
7.68282006865
3.31760835911
-1.264304735
-4.77740863227
-6.26251691481
-5.45415822685
-2.89873083385
0.242693534011
2.64199372899
3.32456423009
2.04510019417
-0.643279760566
-3.65689174108
-5.86694483716
-6.58451655087
-5.8270686958
-4.24986538497
-2.78238164038
-2.14843104092
-2.50301173471
-3.36196296682
-3.85884332084
-3.20459965974
-1.12607192891
1.9325576916
4.94918293302
6.74562036443
6.49901816417
4.1075788908
0.244419227973
-3.92047290104
-7.19782691614
-8.83754538259
-8.76792651417
-7.52639917352
-5.93917868076
-4.71832023068
-4.16904661196
-4.13130695118
-4.15635470276
-3.80515462627
-2.90590651275
-1.64298364119
-0.44585350224
0.248517640766
0.226433575917
-0.399121567116
-1.25876947231
-1.92366408546
-2.11905218921
-1.84290656574
-1.33502730315
-0.9240508649
-0.842147856863
-1.10794615548
-1.5347065196
-1.84951240744
-1.8502576879
-1.51182814069
-0.987018974266
-0.509850860937
-0.262992166572
-0.286994407903
-0.479669265205
-0.677944506006
-0.765487419518
-0.736115952108
-0.673033919251
-0.65906679023
-0.679946314315
-0.592030800865
-0.189865855868
0.653236411365
1.85091869705
3.06512890903
3.80961654423
3.665948829
2.51318307426
0.649759215869
-1.27260741538
-2.49468741724
-2.47410106305
-1.13874974731
1.0563913039
3.30667066043
4.79590141957
5.04273382446
4.09594723398
2.48968782353
0.983397131169
0.212466472638
0.414726099749
1.35616527011
2.47876050643
3.18512015541
3.1129328814
2.26642980539
0.952459188131
0.5869489135155703
0.4197719958940098
0.4549575161329926
0.48028100735513135
0.2486905921417133
-0.3124010892922655
-0.989078383411
-2.42049774803
-3.05868590638
-2.66432230029
-1.38386732467
0.273579936589
1.64160793793
2.18933185712
1.75941495949
0.633376726369
-0.609130562999
-1.36860509671
-1.30574167822
-0.48840519699
0.66127184713
1.58660704481
1.86894304407
1.41738981144
0.48680180771
-0.47531757099
-1.0664679874
-1.12618608827
-0.793809972869
-0.404219151237
-0.283532391629
-0.556584243099
-1.06850656225
-1.46069137352
-1.36029518253
-0.584404928108
0.746056940737
2.2402652686
3.40191022242
3.84299180167
3.44474398194
2.39342724506
1.08223522392
-0.0658033069109
-0.766647302314
-0.96093746988
-0.789081931952
-0.483947688247
-0.244864772662
-0.156287734095
-0.182421907088
-0.225499849336
-0.204227056973
-0.105138985875
0.0180539050829
0.0888775436441
0.0636083126449
-0.0376195546216
-0.141536323347
-0.165151203308
-0.0639293030045
0.143857694395
0.388831159291
0.588215463139
0.685227507465
0.667609629334
0.55836735187
0.390377615752
0.185893778286
-0.0438002280866
-0.280044649229
-0.477258658675
-0.563482572973
-0.470022097467
-0.17779158044
0.248670728007
0.667962958213
0.917423701739
0.895505363362
0.626751855669
0.266561504239
0.0308218059691
0.0773660928958
0.399275935858
0.793642938473
0.937175349226
0.545316222986
-0.458061984506
-1.84987654514
-3.1561362252
-3.83499846615
-3.52107455817
-2.21915390652
-0.350178010979
1.3838554776
2.26554384302
1.84470198405
0.113872143531
-1.205592168456235
-2.725593130446981
-3.780078367274143
-3.9525560070607355
-3.1777134206
-2.94562304487
-2.34756706898
-1.68528567625
-1.10960711605
-0.636112951575
-0.24167125569
0.0368076217569
0.0757586624078
-0.265140678967
-1.01818734417
-2.01215755998
-2.88255650213
-3.20758900047
-2.71465212211
-1.45105211825
0.182551795837
1.57448455435
2.16773578538
1.72551588945
0.46226543985
-1.03509448068
-2.06856116582
-2.15204546133
-1.23888032973
0.260199590936
1.68004289269
2.42556837793
2.25615073879
1.38794225829
0.364701159493
-0.233893356371
-0.0943604171092
0.674421054434
1.61026119777
2.15264962329
1.94670493664
1.03388696063
-0.171743896716
-1.10776570116
-1.36603274702
-0.908624251003
-0.0781041606178
0.605388669364
0.750088024348
0.331567484362
-0.273388526071
-0.487156982797
0.13417069687
1.61203825804
3.46780989937
4.91635987302
5.24769276791
4.20706075052
2.17266815683
0.0237865378135
-1.25372541932
-1.04061336541
0.596146242568
2.90183687772
4.76255704354
5.21352182407
3.88630125596
1.18164551278
-1.9129541256
-4.27007791354
-5.11713953944
-4.3451578236
-2.4951089536
-0.447089911624
1.01894925471
1.5681797944
1.39880668582
1.04974982261
1.05000411096
1.60714631812
2.50150146623
3.2345096499
3.33956140255
2.67617118617
1.53968750143
0.521461388236
0.192446146831
0.781965723437
2.02950869787
3.29711068381
3.89094260281
3.42703715441
2.04851485889
0.37573166666
-0.791670973081
-0.872556403115
0.199630410472
1.9333137975
3.51006771146
4.17346806622
3.57983202757
1.93779291043
-0.125556192849
-1.89382371038
-2.91080005351
-3.17131012807
-3.06350313697
-3.10606241922
-3.63063116251
-4.58420832521
-5.55707516953
-6.01747257152
-5.6219933485
-4.43035736918
-2.90563098974
-1.69698676334
-1.31895034454
-1.89606321989
-3.10604132897
-4.34789060786
-5.04202987859
-4.90172313863
-4.03513116043
-2.83332518553
-1.7185202166
-0.902920040846
-0.299584564933
0.362954660094
1.29165325871
2.39934868956
3.24708621612
3.22042606049
1.86855316507
-0.768802645849
-4.03629134235
-6.84054633804
-8.07979780825
-7.137240811
-4.19962254921
-0.231017532704
3.40946394865
5.54425762378
5.68533560688
4.23437673374
2.27627994714
1.0582189963
1.39598677639
3.28468250791
5.89447211423
7.9507570602
8.31901185488
6.52296491904
2.96223236858
-1.25939259558
-4.80326439068
-6.64157507014
-6.43787463691
-4.61281571952
-2.0986866407
0.076365603251
1.17578331913
0.956749489533
-0.35982085444
-2.28221599137
-4.27207329675
-5.88510494994
-6.79132631948
-6.72476539667
-5.4561933625
-2.85736112059
0.9519402805
5.46348349037
9.7680121204
12.7474795183
13.445524674
11.4790112075
7.2979447019
2.13884119101
-2.36023968057
-4.75935335873
-4.39362116424
-1.67674996384
2.01882067961
4.88022498349
5.37348622208
2.87387163925
-2.05240827269
-7.83373380752
-12.4735373704
-14.2948325118
-12.5578370412
-7.71958379651
-1.25380748983
4.87807193337
8.88978729566
9.72136021611
7.2990762218
2.45046987269
0.0617389262912269
-1.9284453988804415
-2.40496609565
-4.37958965893
-4.37175631991
-2.91630988444
-0.778832061962
1.28623309615
2.72160051458
3.26647619571
2.96599610784
2.10506811123
1.09055883125
0.312246243792
0.0178875262808
0.237906540834
0.785380784196
1.3352448515
1.5579706942
1.25882492811
0.466629555273
-0.567720138963
-1.4671278233
-1.88219635034
-1.63967492289
-0.821643566827
0.260372025036
1.18750356764
1.60145035601
1.34796822164
0.536424300928
-0.507919146074
-1.37694515718
-1.74157656666
-1.47658997745
-0.700667955803
0.279423025828
1.09320363654
1.44755462464
1.23051698601
0.542563902605
-0.349993990919
-1.11637583387
-1.47763451901
-1.2972386674
-0.618201103224
0.360721463083
1.35715583486
2.09903107175
2.4090979456
2.25375116298
1.74227438054
1.07890733839
0.485595460227
0.1231026784
0.0387138277123
0.159115608789
0.330035821986
0.385976462548
0.221274384847
-0.166766468619
-0.680017901299
-1.16474908911
-1.47908849181
-1.55261254586
-1.41233975612
-1.16534970626
-0.948087343388
-0.866697147942
-0.954914248732
-1.16574929319
-1.3963009537
-1.53039264456
-1.47848596633
-1.20011421268
-0.706409153385
-0.0513173748983
0.676724953777
1.356946007
1.83717960751
1.94599586397
1.52639051264
0.489357024267
-0.6376204987650738
-2.15840787324764
-3.7500179890675867
-5.031549936961284
-5.677603844664716
-5.528740846017186
-4.654077547148532
-3.336547752087185
-1.9814155801764173
-0.9801443455368144
-0.5803599457669151
-0.8098972654306493
-1.4803157588332283
-2.263479729621551
-2.8081473239971757
-2.8528816397415113
-2.299423868737591
-1.2305831546953385
0.12224903659476638
1.4439483883107442
2.413056132996104
2.7772760774537204
2.4179823604298747
1.395007042267295
-0.040834067495
-2.10301580264
-3.6934352703
-4.39617336606
-3.99420156226
-2.56457306345
-0.48432875047
1.67152982656
3.31511239041
4.04856746624
3.80341140831
2.8543363376
1.69601838236
0.831687117809
0.564006317859
0.880575394207
1.48475344047
1.95549781867
1.95905206341
1.41057475432
0.508318951622
-0.374279675514
-0.882785390029
-0.863368416614
-0.439437299291
0.0558102797385
0.256428831756
-0.0407036392403
-0.763217256562
-1.59321047151
-2.12661085281
-2.08170715333
-1.45016432304
-0.511991096827
0.295254016919
0.588326751149
0.224775908023
2.32225701043
1.539720924
1.07001064513
1.15340242775
1.74315250118
2.5410169415
3.15783379447
3.31416910338
2.97757094015
2.3682675547
1.83494854614
1.66955262248
1.95956831634
2.55342986749
3.15235482102
3.47432073049
3.39913076956
3.01692131426
2.55795542729
2.24823744214
2.17648991877
2.25059037119
2.2695735264
2.06945039268
1.65540769268
1.23602343295
1.1272010427
1.56759538416
2.54309774159
3.72341071739
4.56273929588
4.5332039022
3.3862631458
1.31334397617
-1.08290273498
-3.00830267634
-3.79756241804
-3.19389467591
-1.46171005049
0.718627239909
2.52611307961
3.32141264654
2.87664258564
1.421228139
-0.500323775272
-2.27962916245
-3.48502779383
-3.99006108604
-3.95126038049
-3.67023423074
-3.42284249223
-3.34017627195
-3.38692318821
-3.427365721
-3.32786718467
-3.03636636037
-2.60333734046
-2.14686306898
-1.79357899795
-1.63235328129
-1.69986984696
-1.99164637429
-2.47656489482
-3.09729027781
-3.75819599931
-4.321038386
-4.6309981683
-4.57718541064
-4.16278389586
-3.5406387788
-2.97704956545
-2.74152351235
-2.96638852421
-3.5500066755
-4.16865532527
-4.41267764506
-3.99437861385
-2.92520847594
-1.55988503723
-0.462813102696
-0.14315429431
-0.782849979724
-2.10195061661
-3.44966339778
-4.09928499947
-3.61438989241
-2.10195504204
-0.209189316526
1.15829047223
1.27551462938
-0.019565770784
-2.2027932475
-4.28316955751
-5.27698202638
-4.70989655899
-2.88884217563
-0.785746887909
0.435667217598
0.0324014785531
-1.87117060429
-4.24514779762
-5.57701809481
-4.57964631921
-0.854514515143
4.81746606441
10.72072276
14.8963218343
15.9722939925
13.7495370212
9.26773001947
4.31875564593
0.636918458742
-0.851847341491
-0.371060033334
0.924610333377
1.60461461918
0.722983799853
-1.69200612797
-4.6538284498
-6.71983404809
-6.72005486029
-4.34678338589
-0.31673557429
3.96302871375
7.04625482155
8.08529765254
7.14458257749
5.05438381978
2.90761184602
1.47893905597
0.871524824726
0.562646489249
-0.199875592424
-1.88562945493
-4.3451134308
-6.83726010654
-8.40546732873
-8.39269682001
-6.80783886424
-4.33572431894
-1.97897122381
-0.525022870541
-0.133501144557
-0.279131058829
-0.0928871924722
1.07908343374
3.21082544858
5.50229799307
6.74029612309
5.9501778664
2.99964495046
-1.18507394161
-4.94750873737
-6.65136693637
-5.49774393383
-1.99219703242
2.20389956516
5.0062458207
4.89592125818
1.68826020865
-3.30676670791
-7.83823814662
-9.74122566754
-7.95723355369
-3.05802428684
2.98863538786
7.71271849891
9.27905236648
7.33170521091
3.14665275511
-0.977751490027
-2.80186586987
-1.18705609106
3.38541272482
9.04825654217
13.4061047976
14.6016126945
12.0930016141
6.80351197549
0.614214672078
-4.51960009663
-7.39042402481
-7.92290033061
-6.98444935978
-5.77624392424
-5.1527212612
-5.22440940267
-5.42508593056
-4.96816996634
-3.41427202435
-1.0245364694
1.29882093324
2.45484323274
1.73155345799
-0.776627242406
-4.14807014088
-7.02879900009
-8.24685914226
-7.33859527671
-4.72738335492
-1.47534027427
1.25479945415
2.7490574217
3.02877949718
2.74463132905
2.75428976374
3.61995774366
5.29415007087
7.15367136184
8.35246615385
8.29486583204
6.96997158907
4.96558477073
3.15345593159
2.21442791088
2.2592458821
2.75290535491
2.79255426362
1.60323880241
-1.00166329391
-4.43696146061
-7.54578688579
-9.09976708801
-8.36572752785
-5.4701361783
-1.38812632016
2.43836630586
4.6770189736
4.61634411035
2.39342396246
-0.5023875189879021
-3.545547672400602
-5.736582240560892
-6.570298568665493
-6.104251845938975
-4.781989206809698
-3.140899452121232
-1.5685121931862795
-0.21778800533401466
0.9120086492991817
1.8168218893017496
2.3744754858630586
2.3597018945654042
1.5836804923842038
0.07155649346316295
-1.83933955822
-4.21539226047
-5.76802338354
-6.08772063286
-5.17642725335
-3.45832715005
-1.5987189631
-0.213376180523
0.393045753932
0.334505425855
0.0483087085728
0.0486300228683
0.65363150923
1.82093074021
3.1691039525
4.16896573233
4.40535595824
3.77897048644
2.55199130217
1.22136697367
0.287980267768
0.0367448732015
0.430717982117
1.16072784098
1.8141288627
2.0716615545
1.83558723154
1.23483628212
0.519133555905
-0.0911017799266
-0.515841463304
-0.831957095774
-1.19422536666
-1.71155346229
-2.35116390368
-2.925940379
-3.17401024599
-2.89003647173
-2.04031447599
-0.801822065723
0.496461402436
1.50354361818
1.98739457718
1.92281961008
1.48886485756
0.981229997357
0.682978314948
0.752359410472
1.17431083117
1.79006150291
2.38356500296
2.78066141336
2.91586192141
2.84072556353
2.67651071703
2.53863462878
2.4711129062
2.42233749329
2.27355006271
1.90727417901
1.28465275907
0.495102980776
-0.248987532736
-0.678808409982
-0.577777305127
0.107506423895
1.20125441052
2.31413304888
2.94998194765
2.67712298295
1.30648189545
-0.993988044648
-3.70454043819
-6.09417379364
-7.45917184715
-7.37768456185
-5.88246252431
-3.47717158525
-0.978597344913
0.763784830847
1.16682443931
0.115226733188
-0.03528623184354274
-0.5570923852483389
-0.6947008253412577
0.0720170656132
-0.166151332788
0.320060072409
1.00223395451
1.3663059717
1.13343700818
0.358370654065
-0.627557981353
-1.39059536481
-1.59857017316
-1.16128415892
-0.250895879243
0.794244267525
1.62603636723
2.0257443418
1.9657281452
1.57800900733
1.06047360298
0.576976210335
0.201271500254
-0.0766386715749
-0.30017024463
-0.49215848029
-0.633485833385
-0.685161734381
-0.634319210456
-0.52800475589
-0.465803988051
-0.548889952957
-0.812884399568
-1.18651385083
-1.50744487397
-1.59554704944
-1.34927713576
-0.813081691356
-0.174400177951
0.315877790409
0.463915417876
0.233508577661
-0.22790164276
-0.656127839917
-0.800084945319
-0.549825797981
0.00391505012242
0.611911923598
0.991283148534
0.969867236567
0.575062586058
0.019498298279
-0.410667426034
-0.507308226241
-0.251803913566
0.17394615935
0.485095232038
0.450195868005
0.0236291755432
-0.618192385463
-1.1598511835
-1.30912348733
-0.954648127227
-0.2348811726
0.521656282662
0.958087412612
0.871448349982
0.320755361718
-0.397775197355
-0.899052919022
-0.906752077281
-0.398276200835
0.379973945742
1.0380505775
1.24606833416
0.910542481775
0.229137206323
-0.409623147297
-0.634705364772
-0.303227105261
0.398296421067
1.02214457791
1.0722870072
0.261602508703
-0.898740615143808
-2.3505140000956573
-3.429384357220002
-3.5746171378941085
-2.592124509720122
-0.7616895437397062
1.2666418924172405
2.7446392583036783
3.145712512353441
2.3894336706442516
0.8715393845089778
-0.7110647779352917
-1.65910181100341
-1.559988713896857
-0.4432612193259331
1.2569439029101659
2.9041412585973916
3.928822900281176
4.046007391078845
3.3352292811659936
2.1651099436073338
1.01356183709
-0.156494961111
-0.733550229648
-0.762698662193
-0.436411526503
0.0256784376728
0.474466257944
0.866029422266
1.23124968374
1.6114117019
2.00263696589
2.33983222995
2.524416971
2.47528429878
2.17214027489
1.66809020327
1.06753609639
0.484214451519
0.0023986052074
-0.341108785933
-0.550638433825
-0.650999040328
-0.667942438808
-0.620517790938
-0.525686596181
-0.406797662456
-0.295905181818
-0.225822189766
-0.216536839105
-0.265745513799
-0.350977037399
-0.442537967844
-0.518124518174
-0.567791052668
-0.584524317789
-0.547399612636
-0.413316263354
-0.132223137301
0.312268847541
0.8539745871
1.31769526319
1.44400944038
0.973425126364
-0.233515672951
-2.09037468416
-4.24944806076
-6.17107930024
-7.28819675823
-7.21024627988
-5.88440018465
-3.64110894788
-1.09508101042
1.06618584513
2.32363848461
2.4991941688
1.78906781534
0.647741612022
-0.42207257175
-1.07776728608
-1.2515202525
-1.12553210797
-0.988725366838
-1.05136266735
-1.31215673812
-1.54484056331
-1.41151583673
-0.647325869926
0.774739767007
2.58190387578
4.27764446412
5.3263338441
5.36643608611
4.35876928157
2.6054720063
0.632571966344
-0.6420915099950832
-1.221616552718615
-1.0401136308146448
-0.33032342784240143
0.4918709717177734
1.001312841753986
0.9242452592640689
0.22771047560139834
-0.8860317184097539
-2.0656860462633233
-2.9373165088224766
-3.2242925260652697
-2.8253236469664955
-1.8349196104295658
-0.5093481151120898
0.806815423043119
1.7734047851809294
2.1454683972575737
1.841428476278523
0.9701020282358286
-0.19520198690689483
-1.294112491852374
-1.9889763173876531
-2.0721018452716606
-1.5307345722571455
-0.5418590778382821
0.6043714038044357
1.622554637466692
2.34048666958
2.34305086252
2.15814410499
1.94227372723
1.77641999971
1.6041672449
1.25792520259
0.56765850117
-0.500831354271
-1.75510233902
-2.79503941192
-3.15369656035
-2.50884861479
-0.869298012768
1.36110421124
3.4908586192
4.79102999246
4.78803324789
3.46920646158
1.30186439812
-0.953305957687
-2.55920619863
-3.11024395378
-2.69049870769
-1.80665944524
-1.12381861677
-1.12615845609
-1.86364098313
-2.9094141757
-3.55566962855
-3.16251083116
-1.49842818286
1.0907030178
3.77198797919
5.54489470134
5.65283532997
3.90541295696
0.768243224328
-2.81868659643
-5.81184039153
-7.45955377975
-7.55174339307
-6.42564721199
-4.7438007147
-3.1626740312
-2.05276323889
-1.39550230879
-0.888902899659
-0.189516411733
0.845667633988
2.04722485293
3.00913615069
3.31054514278
2.76441088228
1.5584318893
0.207194414229
-0.669741710214
-0.639264308551
0.327581478613
1.8223504842
3.17287664849
3.7452531532
3.23133758189
1.78369766154
0.3895277672323232
-0.7657953027692912
-1.2431955223839992
-1.0253303547842734
-0.5276402956227457
-0.3933970270755083
-1.1667629985780223
-2.99744531899141
-5.518198359198365
-7.957979665579188
-9.445712845276049
-9.3724281378027
-7.6528886901303395
-4.7729873082535335
-1.6044044745117958
0.9307834924416483
2.201084006232236
2.0713757867011537
0.8974421603700478
-0.6725870008142465
-1.9910656881369562
-2.666642615056915
-2.678570808012381
-2.3152171537975335
-1.9820371658379656
-1.9776025386014169
-2.342054358232531
-2.8419157430120947
-3.08995645454
-3.10823401921
-2.3986083305
-1.13356290219
0.259108323623
1.25218322445
1.42155895494
0.616683979203
-0.964993306493
-2.82647170245
-4.32569217879
-4.88396522123
-4.17974862017
-2.26478101647
0.435961321761
3.24328841153
5.42750561945
6.43436450638
6.06045306902
4.51765309695
2.36020972657
0.294415298448
-1.06539187104
-1.40691757525
-0.816354293048
0.278360505407
1.2976109975
1.75824266456
1.4773001807
0.644013011617
-0.273361469699
-0.747841004085
-0.445370473566
0.605252293316
2.00406132357
3.14229291429
3.46705922216
2.73130718451
1.11568113987
-0.835336552203
-2.43730441804
-3.15121493643
-2.80358319822
-1.64422483415
-0.219128404898
0.879791029347
1.27137690511
0.931782455689
0.168787128801
-0.55584506745
-0.864894782226
-0.648298715618
-0.103766421361
0.379395565071
0.431399538796
-0.0987196907466
-1.05447259947
-2.03708667333
-2.59208026898
-2.42647098852
-1.55240274683
-0.289736332936
0.871967098365
1.48606054984
1.33781352978
0.52654346175
-0.589705806423
-1.5540557647
-1.99858653844
-1.77827207135
-1.00196867541
0.037218209701
0.986102202277
1.54803147216
1.54593415639
0.921635653577
1.6307039591170707
1.7979977488748062
1.5118240628581674
0.9104460150430072
0.2113199650373616
-0.28554761283071173
-0.241524749257
-1.59984143908
-1.97500693871
-1.41951406218
-0.186063314777
1.34223725007
2.76233311035
3.75968717287
4.17639547643
4.02159866975
3.43242999459
2.61078625914
1.76278839452
1.05646845
0.598492732083
0.422570050454
0.484614944719
0.668486845804
0.811905418235
0.75735109327
0.417482138816
-0.172235898219
-0.846505236395
-1.36735199346
-1.53292657743
-1.29226622674
-0.80504489306
-0.401469641913
-0.442776499061
-1.13743055004
-2.40314684881
-3.85703487581
-4.96219731922
-5.28050257373
-4.71631869572
-3.62150894739
-2.68321587979
-2.61571974003
-3.78121463528
-5.91932773881
-8.13765385825
-9.20923830554
-8.08124152922
-4.38718434193
1.27008873102
7.41656726804
12.1804950328
13.9687789206
12.0750671781
6.96501233234
0.113825845826
-1.5637083956544728
-1.35530804438
-3.23742951814
-2.55926476911
-0.359351737708
1.98739065676
3.35701858838
3.285330145
2.04401467085
0.389893661061
-0.862415180769
-1.22998483232
-0.739120004098
0.165262157838
0.901210970595
1.06138264603
0.596423036497
-0.207703188571
-0.924120599801
-1.23208545543
-1.08114320267
1.80232523919
2.30796192483
2.44819380826
2.19215204151
1.74582615915
1.42494268574
1.470562473
1.91374273265
2.56420711503
3.12567301885
3.36849718128
3.25878463481
2.96917364125
2.76507831176
2.83252695082
3.14899816715
3.47641077681
3.48716189403
2.95723623384
1.91796483246
0.675022223935
-0.327434824985
-0.73418850586
-0.479477226411
0.151257487169
0.642626535514
0.502677994856
-0.475579687359
-2.08007590081
-3.75005531463
-4.827200532
-4.87115072208
-3.88612939364
-2.34418721431
-0.987067880545
-0.4956226835
-1.18023657383
-2.83615796091
-4.82908805502
-6.36795900246
-6.8365495477
-6.03381948935
-4.22261483713
-1.98046996536
0.0630206107241
1.4738411929
2.13850108643
2.22868623289
2.04873694125
1.85929330592
1.76786164108
1.7283848901
1.62737121007
1.38986222127
1.03676996175
0.663087991121
0.359343219097
0.134497546589
-0.103318336695
-0.489353121192
-1.09937442944
-1.86520797437
-2.56709721294
-2.91979182713
-2.7146019689
-1.94316590394
-0.832337508785
0.236724656155
0.891217162539
0.93193024578
0.417939452524
-0.371908818024
-1.07956375348
-1.43632795831
-1.37215288373
-1.01235965907
-0.571172687678
-0.208470191429
0.0642540362776
0.371993914122
0.864185388582
1.56942383056
2.30871072727
2.73178833141
2.47453941543
1.3646457601
-0.433123295081
-2.41958247292
-3.92937629346
-4.39809228647
-3.60657167514
-1.78504348361
0.476784083841
2.47550309422
3.68283487926
3.94500635298
3.50525685492
2.84884041954
2.45440386612
2.57577700815
3.15538101596
3.89862218022
4.45638808526
4.61262721178
4.38012522142
3.96368747712
3.62359896919
3.52313915915
3.64579948235
3.82225981264
3.84185163336
3.57598173099
3.03831199569
2.34875992049
1.62985001227
0.90758280288
0.0879026966296
-0.966801445961
-2.30245030779
-3.76601910612
-5.00845175692
-5.62320826219
-5.36555679522
-4.33864911732
-3.03148304923
-2.1583495341
-2.35058077587
-3.83771453459
-6.27845651876
-8.84372973882
-10.5379550799
-10.6258328235
-8.9705965449
-6.12031132331
-3.09076982412
-0.935056297336
-0.292519042309
-1.12271953379
-2.74518805994
-4.16357160056
-4.52139702156
-3.47913003698
-1.34490571439
1.0885388193
2.91053445136
3.48408673582
2.68473884037
0.894161139003
-1.22124264109
-3.01860602527
-4.11933098593
-4.48056548099
-4.29409308167
-3.79861103506
-3.12526823531
-2.26102364379
-1.13447750323
0.247726487905
1.71502317669
2.96485293867
3.70380441118
3.8167410734
3.45703506375
2.98958558329
2.80135245855
3.07537626295
3.6562367701
4.09582849239
3.87536005653
2.70083833264
0.718999838307
-1.47080561409
-3.03645381965
-3.27473172754
-1.94720755254
0.573559607468
3.42520019192
5.59512913675
6.32542737205
5.40042591877
3.19385387358
0.469754794474
-1.95331702581
-3.5096312187
-4.02937788087
-3.67701266936
-2.75255584785
-1.48701140268
0.0498696474573
1.8896781568
4.01063603142
6.20498929988
8.07288731103
9.1693062307
9.23209595055
8.35802475627
7.00841001409
5.81323326037
5.25728514376
5.41010797174
5.85576606267
5.88483289532
4.8738217053
2.66790511235
-0.237665405902
-2.83591318943
-4.02978694507
-3.15287259402
-0.340784676514
3.43848901398
6.73232842348
8.18682928671
7.10689993933
3.73966905601
-0.845711513668
-5.22168696446
-8.19211687145
-9.23973891849
-8.64020476273
-7.217292766
-5.88449680871
-5.20999694814
-5.21284748414
-5.46768248141
-5.43333372464
-4.81102554059
-3.7343434439
-2.69361189236
-2.24551302822
-2.67522314265
-3.80213061834
-5.04052760146
-5.68761591023
-5.28762508924
-3.87858444713
-1.98934785035
-0.385905547733
0.302179489987
-0.118011117637
-1.32940799793
-2.69175578003
-3.58502800672
-3.72502718311
-3.28427310105
-2.7574445064
-2.64866599113
-3.15425493544
-4.0177765032
-4.64239861624
-4.40706674851
-3.02130947587
-0.728112136141
1.76043337311
3.57268667543
4.08223594127
3.20606514358
1.44588230983
-0.348980754676
-1.37924908342
-1.257392091
-0.158389063232
1.30581181925
2.41364708536
2.69063387188
2.11605990806
1.08550062075
0.16532196487
-0.218561682713
0.0115285138645
0.585822664415
1.08325176693
1.20228751548
0.94738073588
0.622632506729
0.635623285804
1.2245303463
2.26946975934
3.30676606976
3.7539883881
3.2336043709
1.81997323453
0.0649803339383
-1.23093753404
-1.4002181888
-0.25220412071
1.80135278861
3.91605176791
5.20766300083
5.17831852828
3.96225920098
2.26184713836
0.997485174624
0.840198275234
1.85907715113
3.46377765449
4.67882626908
4.62198370587
2.95513203964
0.0853017503343
-2.98800649186
-5.11279965494
-5.50666309197
-4.11584165848
-1.64399888031
0.760015229471
2.00684757072
1.52958381948
1.3202565532239845
0.341646373541991
-0.385461707075
-1.94495800579
-2.18287552743
-1.41368388986
-0.314902247952
0.431996565712
0.459652668934
-0.153633109342
-0.982351045682
-1.51154914724
-1.41308273187
-0.703779123088
0.280819079325
1.06742549041
1.27860642687
0.801603867438
-0.181246795204
-1.29899485118
-2.1681884366
-2.54690805733
-2.39936323317
-1.8584590887
-1.1266816371
-0.379111756028
0.282360549299
0.814305682412
1.18612881113
1.34837138872
1.24411992233
0.858069611452
0.267089423362
-0.350654950489
-0.768727423191
-0.809820848003
-0.438216015146
0.206614726924
0.861979251138
1.26087836601
1.26063341407
0.914518975766
0.446291552549
0.137299087769
0.182573728078
0.590408833174
1.17866402795
1.67078906577
1.84165620947
1.63613508911
1.19702775081
0.786866973248
0.644971183419
0.856549680348
1.30512291858
1.73535615346
1.8937778584
1.67172517008
1.17191971697
0.659831758409
0.42295530352
0.612319428172
1.15295477837
1.77567120159
2.15833121668
2.10431816012
1.66177270325
1.11387179826
0.835958347909
1.08670428011
1.84033149444
2.7528520095
3.29207320963
2.97905027026
1.62884728963
-0.52788531657
-2.90865839859
-4.80735086294
-5.68629504546
-5.39852793155
-4.23705090464
-2.78835894502
-1.65949298876
-1.20723277481
-1.39617443063
-1.85022232051
-2.06938280674
-1.70505671217
-0.759693695074
0.386724459545
1.13831070019
0.958845130866
1.023920035488743
0.17565821128590642
-0.9745410836513599
-1.67101133053
-2.73283350764
-2.52314778786
-1.28403101129
0.398600663554
1.83841919997
2.51484719526
2.25304949704
1.25295698342
-0.0298706902613
-1.0886935911
-1.56484142329
-1.364186492
-0.656520307831
0.224986026637
0.930038004675
1.21973324126
1.0317548295
0.469570722633
-0.265422320672
-0.962187831747
-1.47249600456
-1.74523772763
-1.81899826672
-1.78430677645
-1.73411274593
-1.72066948796
-1.73209919477
-1.69532789702
-1.50504513608
-1.07092433515
-0.368089324081
0.528967331875
1.44754609782
2.16165171345
2.47203854654
2.29413336923
1.71575713006
0.991459887761
0.46258227989
0.424765317798
0.99344522461
2.02781342327
3.15645902325
3.90734927128
3.8970766571
3.00144031372
1.4291413294
-0.343308800453
-1.75769213875
-2.40634682732
-2.20855185406
-1.44723468014
-0.641026489547
-0.301511321922
-0.682220698179
-1.63650728236
-2.65781498965
-3.09510570091
-2.453982821
-0.648851181293
1.91352395036
4.46732606829
6.1889253236
6.53809767773
5.48791200287
3.53722532263
1.49506931947
0.129164858558
-0.165949513868
0.467711982865
1.43075495855
1.95244061446
1.45350735371
-0.179534922236
-2.53321004186
-4.84531897705
-6.33875451881
-6.55623691052
-5.54302600475
-3.79784032046
-2.02205033543
-0.791519220196
-0.309476774642
-0.3566176087
-0.456849528618
-0.171144086445
0.630903691346
1.6613764967
2.32637283483
2.01097656193
0.400864440819
-1.6462915744912863
-4.13486854060568
-6.163735842679301
-6.955694479371985
-6.170614167060208
-4.033665338267312
-1.2260974113440994
1.4046479567795842
3.179101490804527
3.815174925102866
3.462034000784712
2.5460725736598278
1.5255105711359107
0.6858403735216427
0.07499515641076471
-0.40575396070988745
-0.826915984844419
-1.08960881459
-1.94129670864
-2.03943106091
-1.25140236243
0.19744483191
1.71601214799
2.54618553128
2.1000975116
0.283576398281
-2.36097506238
-4.7902916941
-5.84830909302
-4.75736176393
-1.50105236456
3.08083349884
7.54880609814
10.3840897795
10.567249221
7.97769881485
3.44755638102
-1.55367947677
-5.47425291586
-7.24919829524
-6.65781107656
-4.33852686688
-1.47523018115
0.699072484865
1.37145856881
0.408346468904
-0.6503296012658666
-1.957449923545795
-2.6698017606997553
-2.3112456427832626
-0.9229378156566241
1.009435206923115
2.795612717665904
3.8332254141792106
3.8331318983721445
2.901001865870114
1.4645707596100266
0.09487259975055906
-0.700181809168
-1.23154308203
-0.910563387995
-0.00596078580088
1.05848688194
1.84831371468
2.05931866874
1.61948473967
0.725766011856
-0.197877462181
-0.618101209595
-0.0614382224925
1.70959482859
4.5704699819
8.0102601771
11.2340332389
13.375352255
13.7594069319
12.1312853186
8.7677286465
4.42601581263
0.138735065088
-3.08252884357
-4.53913473645
-4.03930497246
-1.93511089467
1.00276237028
3.82557666679
5.68287252022
6.05090865603
4.85176631493
2.43943324544
-0.531313806322
-3.30751449521
-5.25207483206
-6.01109148556
-5.59162935946
-4.33181770666
-2.77430713546
-1.48184915545
-0.852767598852
-0.997159245541
-1.7176589369
-2.60391911873
-3.20791271489
-3.23363741953
-2.66504120662
-1.77721050643
-1.02225456403
-0.834767139953
-1.43884218765
-2.74128745546
-4.36041962358
-5.78069755586
-6.56665456234
-6.54162760763
-5.85167205529
-4.88695217789
-4.09813315579
-3.79325538634
-4.00839338207
-4.50928804341
-4.91848065875
-4.90353752309
-4.33508540247
-3.34105020353
-2.23619086787
-1.3671302271
-0.952316823495
-0.994942387333
-1.30678810221
-1.6236578735
-1.74801354242
-1.64412252994
-1.43950638792
-1.33768614011
-1.49376338867
-1.92202052963
-2.48499950473
-2.96785944575
-3.19516050508
-3.12459445852
-2.86539460919
-2.61070023217
-2.5204256359
-2.61871945536
-2.76317653186
-2.70537155179
-2.21412368902
-1.19971631299
0.223590893226
1.76800143202
3.08012345005
3.87367246728
4.02530630334
3.59478494646
2.7714645403
1.78515304699
0.831447057746
0.0448318820605
-0.481404220431
-0.659858682688
-0.397969638342
0.368069755398
1.60839618448
3.1462684318
4.66300959349
5.78113502693
6.20188382505
5.8364256478
4.86245929091
3.66742183022
2.69346748123
2.25050720968
2.38420949473
2.862978846
3.29123073471
3.29400493371
2.68250334064
1.5207898083
0.0659525880286
-0.8785001933456016
-1.6165485334665703
-2.1272842121708777
-2.5190373483562496
-2.896821991809489
-3.228191152105225
-3.2975868570152613
-2.792808527062448
-1.4912785199351077
0.5508757829571351
2.9200047147071615
4.943761789732207
5.946894657231155
5.556657330268976
3.9114243229422527
1.658980504979553
-0.275681971762
-1.67778182066
-1.54705398076
-0.10829677495
1.90223830991
3.55867754661
4.14531120937
3.45255884637
1.83698552097
0.0253098223209
-1.23751828509
-1.52602542802
-0.900707804519
0.165455040901
1.05082009337
1.29989286428
0.832081843473
-0.052037932953
-0.85742209207
-1.16814397863
-0.863027467225
-0.16503240544
0.493392469236
0.710637874121
0.331583702088
-0.474176305021
-1.30838323556
-1.75846042899
-1.61354009576
-0.968077550117
-0.161698886202
0.407768740386
0.494682134827
0.126247416645
-0.428634862264
-0.821082123514
-0.822846253617
-0.454509094562
0.0289643241897
0.286448234761
0.0898859855553
-0.536744847952
-1.31753341088
-1.86662495893
-1.89658433222
-1.37962915792
-0.57178030967
0.116873717057
0.338833301183
-0.00327556613787
-0.701388516907
-1.35272094314
-1.58080308074
-1.24917127474
-0.549791555771
0.0883473609833
0.22999082054
-0.313863963448
-1.34698327268
-2.34472934171
-2.69068277535
-1.98306474405
-0.259941909163
1.9734693589
3.93804786342
4.90969595887
4.53166273952
2.96447668251
0.805112956754
2.53595010133
1.44538615899
1.33048245685
1.96054937193
2.83481416986
3.45513747273
3.56734946845
3.25530658742
2.8520506926
2.72659490491
3.06496366107
3.76115904837
4.47164924798
4.79962353384
4.50823380477
3.64912103453
2.5388052222
1.59568505813
1.1225283251
1.14675044755
1.40052632579
1.45149877827
0.919416255164
-0.327701492021
-2.09256776161
-3.91993742569
-5.28391781466
-5.80213166501
-5.37982578676
-4.22540689715
-2.74187917897
-1.3542317943
-0.355039278567
0.16807617596
0.305710341143
0.23163217105
0.0970359925569
-0.0337137249391
-0.184028807083
-0.417240042098
-0.77695933138
-1.2514760931
-1.77725035051
-2.27077729797
-2.66295766277
-2.91340983137
-2.99991236667
-2.89775712349
-2.57204457701
-1.99720360559
-1.19753672523
-0.283413448344
0.547166124046
1.05754253074
1.06055732105
0.509087896531
-0.456618996044
-1.53569653207
-2.36583399487
-2.65834840666
-2.31292732036
-1.46175007535
-0.422132565529
0.423881465874
0.773749472324
0.514744000255
-0.240777122799
-1.20356578384
-2.01444784364
-2.36614019043
-2.09692847165
-1.23048599772
0.0408151152444
1.41388590023
2.55216832857
3.16309015134
3.06339518654
2.22452003934
0.790578889014
-0.939174988386
-2.56815233151
-3.69489253397
-4.01978819875
-3.43380524068
-2.05624854715
-0.202906715176
1.70879563002
3.28542835682
4.26826803394
4.58939557485
4.35701128834
3.78396185022
3.09583040635
2.45900300085
1.95390608702
1.59309463102
1.36202840221
1.25343368756
1.2764407153
1.44158107528
1.73931332427
2.13262174197
2.57188854138
3.02114680084
3.47241155722
3.92903891265
4.35964931688
4.64946884796
4.58915253892
3.93022737972
2.50239268213
0.346876616165
-2.20475900173
-4.56725128063
-6.06856408046
-6.19797264406
-4.83542702925
-2.35367719611
0.471252646057
2.72419949983
3.69005405762
3.12546059984
1.3415083242
-0.944343423844
-2.92506993284
-4.04843373975
-4.2324633521
-3.85415447208
-3.51996626546
-3.7309678248
-4.60696746427
-5.80651565493
-6.68523907789
-6.61852144633
-5.33262859827
-3.08140506106
-0.577833834716
1.29344889856
1.85166830412
0.910232909796
-1.15065482662
-3.55831091872
-5.48269522731
-6.37464365869
-6.15504601867
-5.18049683062
-4.0205858944
-3.16888592759
-2.83217145729
-2.89228350939
-3.04080146067
-2.99799179857
-2.68947074627
-2.28424001184
-2.07800101577
-2.29212890014
-2.90530743437
-3.61728570905
-3.97241036851
-3.58306230704
-2.33664976131
-0.474767621688
1.50240334142
3.0626984257
3.88624795913
4.00243629139
3.74777784202
3.56450247013
3.74281104647
4.2415774271
4.68552757028
4.54910943998
3.44190727985
1.35531377094
-1.25664210519
-3.61343660396
-4.90986605688
-4.65253986762
-2.88102779967
-0.173879937909
2.56499118238
4.44844822316
4.93302686293
3.99897391258
2.11993093692
0.0493727803595
-1.47713074327
-2.00079449001
-1.46590494093
-0.183624138553
1.32968702354
2.56105073639
3.17438112237
3.09570328072
2.49906535551
1.717521288
1.12023833526
0.994787420878
1.46156912537
2.43483784165
3.63649816023
4.66270282081
5.09424148512
4.62760615478
3.18885778484
0.986625240169
0.5247304342630628
0.313037898128
-1.25637834257
-1.85401700014
-1.57715685969
-0.811237377804
-0.0654923378625
0.24477874096
-0.0248237267099
-0.692274172666
-1.34347306712
-1.53649308309
-1.02316955033
0.115242997638
1.48378659749
2.53661611693
2.81375285587
2.14355697094
0.718589347521
-0.988079667897
-2.42474700066
-3.18628818571
-3.16054297492
-2.53510183702
-1.67247603054
-0.923446074977
-0.473199094377
-0.291800921194
-0.202964190167
-0.0233483387516
0.309570880683
0.69289229275
0.920711461768
0.81733239126
0.364959203199
-0.249312168124
-0.700425337709
-0.678431109926
-0.0517668287423
1.04485167412
2.24874094343
3.12219908333
3.34986523426
2.88526987442
1.97343306166
1.03542816115
0.468154510292
0.454981113609
0.879235014367
1.38399615429
1.55151480457
1.11756750723
0.118157725669
-1.10321180496
-2.03459034781
-2.21964977871
-1.46591696036
0.0565376678147
1.86987006053
3.37192716357
4.06787441384
3.75140641553
2.56321901945
0.911059419332
-0.7043841395
-1.87732026723
-2.42018103275
-2.38083200597
-1.96363232309
-1.4058058667
-0.873551120653
-0.423165207403
-0.0332449630708
0.324252295967
0.624385410186
0.781020628321
0.697775743746
0.349210576539
-0.158081833986
-0.589155873302
-0.662808019759
-0.184062406476
0.832560294048
2.11333683954
3.18686387665
3.54665535978
2.85661120259
1.1151301275
-1.29692194701
-3.71613264796
-5.41636470193
-5.86908025825
-4.9440524094
-2.97021285402
-0.629655772072
1.27698610253
2.10524594039
1.57830864568
2.3704096590357295
2.4830623343531926
2.5745136396648576
3.20999078513
2.05231220025
1.69930769909
1.86221407674
2.15492740526
2.26370202913
2.05901822413
1.6123508061
1.12499688949
0.81219425475
0.798742474984
1.0692826507
1.48637816647
1.85826330145
2.01984739393
1.89151610654
1.4966769831
0.940259306072
0.365399077534
-0.0914496614801
-0.33390540513
-0.324653874018
-0.0929522235089
0.267787069084
0.615863273109
0.796158114011
0.69339673191
0.289873028436
-0.298964538455
-0.839295598347
-1.05658250149
-0.758804098265
0.0425829895759
1.0755093241
1.8599734362
1.87284621907
0.772158963149
-1.4116996844
-4.21216560479
-6.84047985526
-8.45313467829
-8.47504505263
-6.84426287374
-4.06607198779
-1.04000411028
1.27847098432
2.24357203443
1.75687948088
0.274595640278
-1.41696244368
-2.55532929201
-2.72535850163
-2.00853328921
-0.897775486934
-0.0283724065205
0.139012797761
-0.471175329603
-1.54268818137
-2.5577434666
-3.07856169507
-2.97063327751
-2.45165699415
-1.94386731438
-1.81329623106
-2.1420847806
-2.66527437984
-2.9170503833
-2.51649678533
-1.43950987067
-0.117720002046
0.715122508992
0.380085171145
-1.35008152971
-4.01722223588
-6.54988688954
-7.64687063172
-6.32680082468
-2.40640581469
3.31531987235
9.27050762477
13.6645596357
15.1313251751
13.2320044659
8.59368866569
2.63815674881
-2.3257489101379463
-5.650753870174057
-6.807295041737106
-6.090769654557306
-4.349692302417338
-2.5380805261568895
-1.3072360991714334
-0.810366977030526
-0.7761329140012379
-0.7747708694546986
-0.5167796419176938
-0.025567690437910073
0.39506939309106315
0.3648670337701958
-0.31945748906717597
-1.5237432992622928
-2.7978759558456403
-3.5709598850055357
-3.42187555168
-2.80093705773
-1.53850884176
-0.236908325955
0.504357347773
0.347187744257
-0.647916116007
-2.0617579403
-3.30526575879
-3.86402806833
-3.48864012257
-2.25647118739
-0.496597921047
1.36814110728
2.97911566393
4.13157555874
4.77319556179
4.9384305372
4.67363169796
4.00211014125
2.94575393656
1.58106156952
0.0848005104504
-1.27025738604
-2.18022220365
-2.41090263469
-1.88780815375
-0.731664598879
0.778278422841
2.29642853796
3.51709114862
4.25051169893
4.44346294573
4.14844834852
3.4691319234
2.51555460843
1.38965427431
0.198664195301
-0.924918039671
-1.82210380238
-2.33758089474
-2.37248804024
-1.93360827356
-1.14985872153
-0.240738316001
0.555169307727
1.062862438
1.22904048467
1.13047536753
0.930081319464
0.801561186316
0.85640492506
1.10380898521
1.45738466374
1.78121174162
1.95208500655
1.91108783924
1.68580782907
1.37893786405
1.13214722607
1.08062501084
1.31271200667
1.84356323863
2.60609455149
3.45922989382
4.2124427401
4.66453009078
4.65149390002
4.09359620889
3.02785248123
1.61295538914
0.100590170247
-1.22149207197
-2.09832311112
-2.36712983601
-1.98970182288
-1.05104657259
0.269614132898
1.74121213804
3.12205143669
4.19196618649
4.77581520383
4.76296692818
4.12499741439
2.92704693314
1.32311043484
-0.47242419145
-2.23434701452
-3.7811077778
-5.01009407178
-5.89463217869
-6.44207761134
-6.63592089916
-6.39989935883
-5.61716433988
-4.21075912882
-2.25396913773
-0.0503386932149
1.87784524532
2.92016619798
2.59827714198
0.791837724136
-2.13589208506
-5.39172756685
-7.99358090103
-9.12121576199
-8.43868556198
-6.24750456409
-3.39167265861
-0.939267829913
0.234951393431
-0.20762294107
-1.94776094322
-4.1606290774
-5.87524122691
-6.38368175461
-5.52267842534
-3.71017435899
-1.73141313582
-0.380298725666
-0.121050931519
-0.916752969291
-2.28714550689
-3.55067923787
-4.12720327732
-3.76293672985
-2.59052151668
-1.02343826074
0.439981568231
1.39911014833
1.6442181435
1.14716803194
-0.00476445215958
-1.66514524792
-3.63371125463
-5.62284028534
-7.24090767488
-8.0511149274
-7.71985318855
-6.20085968554
-3.85264644959
-1.39318618751
0.335030964158
0.714371182455
-0.340340873492
-2.28176617834
-4.12391354622
-4.87720863285
-4.03918992627
-1.89983957916
0.518198330112
1.90335107474
1.31128174793
-1.2652383354
-4.70548594306
-7.09223538777
-6.47520987116
-1.76367198309
6.64366285332
16.7980508811
25.7855397079
30.7551668158
29.9869737871
23.5642668562
13.3703032583
2.40693372231
-6.28923403525
-10.6995174135
-10.4387258283
-6.72332053149
-1.75454907028
2.19209868996
3.58941539445
2.08741719619
1.2003573862059795
-0.4509416634676455
-1.46873861956
-3.7362607371
-4.20890016133
-3.22477428047
-1.41965532133
0.567038760087
2.27085379509
3.43215065002
3.93244089103
3.72812223827
2.84399534027
1.42312045797
-0.227177384298
-1.66353717686
-2.4361279987
-2.27680181002
-1.25089565274
0.22157603265
1.51110971464
2.03902951727
1.53398994854
0.157169373642
-1.57190779296
-3.01794725907
-3.7226710459
-3.60136671519
-2.94451927866
-2.22647473293
-1.82450422834
-1.80002614916
-1.86224623891
-1.5381319385
-0.46127531164
1.37529731974
3.54401869167
5.33792891933
6.08878251863
5.49238447157
3.77538998233
1.61316492549
-0.168154704567
-0.963237070071
-0.652073437376
0.370930028939
1.41455067324
1.84366122985
1.39006783339
0.267727218183
-0.960178682803
-1.68853559971
-1.59103002509
-0.789300617533
0.214423145778
0.803694758222
0.573964895344
-0.450222038848
-1.81845796525
-2.87614315397
-3.09131105503
-2.32081478939
-0.882245872493
0.602785964532
1.51333235128
1.52855911372
0.774438790184
-0.250696430376
-0.929058920318
-0.825620147902
0.108974242143
1.5285650842
2.86969196946
3.62131635211
3.55067882688
2.78049302505
1.69345324786
0.727246605862
0.172176914023
0.0714937674307
0.261718116867
0.512766764613
0.677463939851
0.762525284493
0.884383636961
1.14316673072
1.49738117526
1.72324810462
1.495594146
0.557605844603
-1.10729255116
-3.19687857033
-5.15801325848
-6.38208931695
-6.4444385474
-5.27981440171
-3.21453165399
-0.842459993078
1.19665141836
2.43698529132
2.71285984666
2.1498086033
1.04459014796
0.853543954213464
0.63157371658383
0.444920925443995
0.27788244325421374
0.1228946360998151
0.045118254056760065
0.182005027319
-0.496429000201
-0.742275010045
-0.614456073549
-0.290489231468
0.00789966888175
0.113855341085
-0.0128783411657
-0.278671889726
-0.515521062537
-0.574603637438
-0.404570168853
-0.0754050805871
0.261036838849
0.449463418221
0.405866532257
0.151330400067
-0.207549880749
-0.534961444419
-0.724954071603
-0.732695473543
-0.567609938108
-0.262276811578
0.155782087757
0.667595194522
1.23963902225
1.79388880395
2.19979781792
2.30655860831
2.00913041912
1.31660668957
0.382216545278
-0.531722003165
-1.14866429972
-1.29378685706
-0.975883237674
-0.39143862176
0.157489451901
0.397520858863
0.208545772612
-0.321045744446
-0.93615534616
-1.33478798071
-1.30888113283
-0.839052659392
-0.099180557284
0.62878380067
1.08591766093
1.14885247837
0.871227907258
0.439188153879
0.0693013038974
-0.0960677829636
-0.0438131757477
0.126978932943
0.277342023865
0.311201273724
0.221865008158
0.0793856556723
-0.028554908972
-0.0627496064801
-0.0629773177613
-0.122496033442
-0.320678357692
-0.654937020591
-1.01645456573
-1.23107152782
-1.14918350159
-0.737536973152
-0.119592274487
0.465128557262
0.769792396145
0.665213611294
0.215364513965
-0.341490721525
-0.70449441575
-0.663985371834
-0.220524074889
0.395581738254
0.82252744543
0.742331901947
0.0503403238052
-0.2869227566232979
-0.6330261362328429
-0.5216758304706417
0.34038911714860376
1.9117355751642577
3.7960477339411938
5.382405628581708
6.092391824656374
5.6299193930289135
4.124907193193863
2.1056240243298276
0.307447583123
-1.39133707853
-1.85801423664
-1.1869166398
0.141767703598
1.46392350187
2.19486658156
2.04662602237
1.11553505543
-0.186704401692
-1.32090583409
-1.84447049711
-1.58010821924
-0.666358774014
0.521050568185
1.53552640356
2.04025416283
1.9297773275
1.34855796725
0.607482040709
0.040493903377
-0.135299018548
0.101140722178
0.584168556224
1.04848280126
1.2508555835
1.07177856842
0.554625167068
-0.129749107875
-0.770790960104
-1.21358522327
-1.41602797071
-1.44313128285
-1.40642812278
-1.38474106017
-1.372153174
-1.28437422948
-1.02243283356
-0.55889703795
0.00525999013045
0.454653804998
0.55079069523
0.163652611953
-0.622799147349
-1.49512924596
-2.01174822147
-1.79103174141
-0.70676616589
1.00422134907
2.78718296175
3.96612900038
4.01797863436
2.80584662818
0.661919568981
-1.72763066024
-3.59415275131
-4.39805331608
-4.04049954094
-2.8774897183
-1.52893724995
-0.572452555615
-0.268175520886
-0.448181509552
-0.625617064033
-0.271285904404
0.878973152762
2.64167909993
4.42562444512
5.48410135391
5.26337275895
3.68017626698
1.1912448624
-1.38392774893
-3.20703444764
-3.77074575153
-3.09108277883
-1.65683242613
-0.169797250545
0.789139093608
1.00103822967
0.642943565878
0.111508125153
0.1302909266695167
0.36844196265734297
0.5639820432045184
0.3102587858245016
-0.6561380749503201
-2.2182139456073173
-3.8403296005418497
-4.77627089523159
-4.4368537175996465
-2.733080406520642
-0.2052219693829045
2.156454666540469
3.340352936208376
2.797522095717028
0.741254624074
-2.22684474392
-4.55095615699
-5.27257751987
-4.19195162245
-2.00784456935
-0.0181036560124
0.504299330661
-1.02130220445
-4.09395177516
-7.23021088904
-8.54481187064
-6.58050397365
-1.02651878505
7.00318270722
15.2788605538
21.2453750383
22.9772848428
19.9073141878
13.0315686698
4.5159740914
-3.12275264463
-7.92040327456
-9.09435503678
-7.17391445603
-3.62686843982
-0.18233618202
1.84640466059
1.96988848451
0.537111375602
-1.58568980196
-3.4804550923
-4.56277915317
-4.7352418751
-4.28706170925
-3.63990987196
-3.09560096573
-2.71314104845
-2.35460823809
-1.84291638994
-1.12013889484
-0.307092566553
0.368755488882
0.728963208274
0.784639468215
0.7696372304
1.03338896094
1.83974056267
3.17515766082
4.67372106992
5.71416688508
5.66120278489
4.15027020102
1.28774811892
-2.32907782651
-5.79092596138
-8.18673875103
-8.92127816699
-7.91406498441
-5.605079855
-2.77331883665
-0.248410219912
1.36772794265
1.86550380114
1.42880914529
0.491973190695
-0.473720658618
-1.1507998687
-1.47039803647
-1.58484805393
-1.74429980706
-2.14013034635
-2.78586988389
-3.48555768086
-3.90065382163
-3.68622752133
-2.64043887075
-0.807297951819
1.50850344719
3.82213935052
5.61610513682
6.50116212506
6.33245608944
5.23951846749
3.56161422035
1.71605421427
0.0525031736155
-0.906380685746413
-1.5156855532431877
-1.9166130950987537
-2.2676543417828157
-2.638575569203482
-2.962381068338644
-3.0693151468346684
-2.7867196610080924
-2.0546977502149417
-0.9967063250666115
0.09706806003117663
0.8748401953123306
1.0738541703487812
0.6472641743243912
-0.19614440493744212
-1.0657180857365773
-1.55024095288
-1.70451177053
-1.24557178295
-0.469741168102
0.180805818229
0.314901017114
-0.227720451277
-1.29527015768
-2.48009353686
-3.28915776022
-3.35405853635
-2.58786887125
-1.22039277575
0.301571800724
1.50208627958
2.06736755993
1.95734013955
1.3932667704
0.734703552007
0.307818075125
0.265211614469
0.537901338046
0.893965503395
1.06837726702
0.898205567524
0.39960517184
-0.245262461569
-0.778860569642
-0.988642255046
-0.799088972067
-0.295157645925
0.327874254174
0.858569591664
1.16030399709
1.21811131095
1.1253418902
1.02381777158
1.03097302618
1.18887560595
1.45455120018
1.7284486944
1.90047871076
1.88902412971
1.6578729381
1.21198181448
0.585309169002
-0.164426977181
-0.948562198232
-1.63619018623
-2.05602431935
-2.02603630901
-1.41124372602
-0.191241347889
1.49363687412
3.34683005818
4.98222960662
6.0375577059
6.29518113432
5.76240784901
4.67537238004
3.41964412734
2.3947938058
1.87449483915
1.91723635037
2.36315108368
2.91760249613
3.28654638143
3.30727477391
3.02000148667
2.65014068531
2.50798326885
2.84666485626
3.73696988533
5.01161097344
6.30465033228
7.17444778002
7.26550620469
6.4484944192
4.88453423234
2.98682450857
1.2897408132
0.269163678199
0.175971358189
0.941129717894
2.18705231123
3.34421895017
3.83659023505
3.27593887708
1.6014226051
-0.882382956148
-3.58376077542
-5.7963280208
-6.91346977508
-6.61849290696
-4.99075393353
-2.49309131704
0.15798286539
2.2016295744
3.05859829089
2.50444734852
0.735900972576
-1.69142492609
-4.03562761578
-5.59790273099
-5.93627457042
-4.99550731843
-3.11190066167
-0.892880788468
0.986802762722
2.00245174793
1.93670855339
0.925367420739
-0.619004261032
-2.17212550406
-3.28712191285
-3.73701654615
-3.5611315592
-3.00582896763
-2.39228901785
-1.97138602146
-1.8271475206
-1.86579239302
-1.88807628856
-1.70606291592
-1.24751867566
-0.599372203534
0.0283202343945
0.39891965118
0.359602691722
-0.0863108234287
-0.778003589586
-1.46587484976
-1.9170606764
-2.00874916736
-1.76802087392
-1.34367313266
-0.927756458679
-0.666720449455
-0.603974188525
-0.677432044514
-0.767235255926
-0.76486848705
-0.626991377871
-0.388471359824
-0.132467767658
0.0618438641719
0.163101490329
0.199399911761
0.23368419604
0.319784832471
0.46651780796
0.631709653936
0.749763015405
0.776004030983
0.720348605275
0.648213232421
0.645407483143
0.765513905512
0.990421147974
1.22960678487
1.36331298523
1.30963333017
1.07973356773
0.788581265132
0.610281415425
0.696664701497
1.09937295611
1.73689917395
2.42679434864
2.96959715635
3.24242095194
3.25240172402
3.11898995076
2.9910854523
2.94164790163
2.89894518865
2.65956195501
1.98856402511
0.765466489461
-0.895450015534
-2.61853365817
-3.86392301681
-4.12198378455
-3.12956020718
-1.01504571567
1.69686988887
4.23379991461
5.82655294569
5.96756543904
4.57808224906
2.0223712543
-1.03124597774
-3.8436731672
-5.84160973411
-6.77269586001
-6.73349774428
-6.07714482984
-5.25070393238
-4.63021902457
-4.41052487093
-4.57673497442
-4.95041509622
-5.27990175614
-5.33741572909
-4.99319179137
-4.2510722058
-3.243168151
-2.18958517247
-1.33377814893
-0.867831173835
-0.866255464537
-1.24964552905
-1.79626698678
-2.20718086377
-2.21054523743
-1.67081288289
-0.659093044147
0.550327067256
1.56563807842
2.0188187555
1.70869020414
0.686047633937
-0.757847229601
-2.19809137673
-3.23542878415
-3.6415810124
-3.43029749913
-2.82729906878
-2.15758933714
-1.7042327827
-1.60190116962
-1.80767006465
-2.15202412275
-2.43516713079
-2.51637973382
-2.35491798006
-1.99235997253
-1.5001450595
-0.933296960711
-0.322659676899
0.291006891092
0.809507412703
1.05956122025
0.835592496872
-0.00172556928935
-1.41478368762
-3.12948887136
-4.67623758109
-5.5363663904
-5.34436999112
-4.05928021745
-2.02089676526
0.148935169837
1.77143148435
2.37330326751
1.87477943772
0.619613829233
-0.768688886445
-1.64332741154
-1.5921759018
-0.586555607547
1.03903785837
2.75878791156
4.09418766913
4.80852024858
4.97248175624
4.88077821793
4.87046033239
5.13510367455
5.62514683475
6.07769020214
6.15354974192
5.60807592788
4.40961011235
2.74990049252
0.947368680955
-0.702382848931
-2.05051137278
-3.13146924107
-4.09743518461
-5.08917213304
-6.11430587752
-6.99999860807
-7.4492460824
-7.17780049922
-6.06778061775
-4.26396044742
-2.16377069065
-0.299727953594
0.839235435343
0.974874011033
0.128683273198
-1.39926509776
-3.14783259157
-4.65736671699
-5.61228059221
-5.91243442884
-5.65535852954
-5.04877982728
-4.29895402685
-3.52547636494
-2.73719261344
-1.87451335199
-0.893321738399
0.15318314063
1.07857315725
1.5983542246
1.43056819524
0.425177628688
-1.33281290069
-3.49813679503
-5.54301194045
-6.92143439703
-7.26323677939
-6.5200548365
-4.99602658484
-3.23842299971
-1.82265429159
-1.11711034865
-1.13106197882
-1.52060223637
-1.76095010296
-1.41561234034
-0.380097883935
1.02145743752
2.14868031225
2.3323409724
1.21371998172
-1.02474810624
-3.66120658517
-5.69149112436
-6.24400195176
-4.97137954132
-2.23564165539
1.01088255059
3.6085354038
4.6707727509
3.94355615492
1.87664465893
-0.625640776102
-2.65169359409
-3.70651718847
-3.89982283566
-3.80287826798
-4.04878140271
-4.88934993291
-5.95555363052
-6.37389279437
-5.20951855906
-2.02686581277
2.72615280094
7.74258389558
11.3336692895
12.1747581992
9.97976549675
5.76446058626
1.52750428209
-0.555846944428
0.907647665981
5.84953986912
12.6679287039
18.8300637168
21.9098328979
20.6134897046
15.338912339
8.01401088673
1.28009623974
-2.62024775536
-2.75985427066
0.150667263179
4.1612852386
7.00201023838
7.09539687712
4.20674086953
-0.08954475471630019
-4.359218309876468
-6.85009264807988
-6.717715825918276
-4.328701164108949
-0.9861274706612022
1.7534085082106827
2.8201158218940208
2.0741080003059835
0.2635673157393228
-1.4420141008744736
-2.0800909059006614
-1.359997310289529
0.25655665994037236
1.8718399825328618
2.67416951554
1.69153147827
-0.0148203415476
-1.64879551591
-2.45271599823
-2.13602082032
-1.03711930893
0.0689821687392
0.41223791171
-0.322319352014
-1.78397416909
-3.10868049065
-3.36609946942
-2.07421784584
0.488356482442
3.34560068194
5.24795879221
5.25804876534
3.21295564632
-0.166453343318
-3.57823092533
-5.71262329583
-5.82362103943
-4.02957444908
-1.20787615404
1.4536255437
3.02271349277
3.23123395839
2.53652420023
1.82188866074
1.89869753741
3.06381633054
4.92998094401
6.60551211738
7.12642818971
5.92463281951
3.10654668227
-0.58302654367
-4.08109939569
-6.44753810291
-7.21783587753
-6.51635464108
-4.90512895231
-3.07123169526
-1.5217530724
-0.431527608539
0.305865419515
0.884627947817
1.38073401977
1.65716571402
1.43115680955
0.457646578487
0.3622636850473384
-0.2180953356781714
-0.782487010961944
-0.818937804824472
-0.028604717987548156
1.54965366918
2.1749092952
2.79243164482
3.049905233
2.8553948587
2.38715551199
1.96240261433
1.84360828846
2.09084712598
2.53926686154
2.90919149324
2.98232621124
2.74135382089
2.39118253819
2.24634387908
2.54420622504
3.28673385766
4.20087803529
4.84577843691
4.81673569172
3.94317337852
2.37883621768
0.537027536981
-1.09683350326
-2.18040950857
-2.64944533688
-2.70776032618
-2.68371487249
-2.83379133499
-3.19970788548
-3.59474630036
-3.72445621828
-3.37420263427
-2.55968646109
-1.55574920731
-0.783252901364
-0.609506561241
-1.16463421808
-2.26964837998
-3.51514099375
-4.45207757894
-4.79855425061
-4.55853021679
-3.99445617604
-3.47137917907
-3.25613953266
-3.37747109579
-3.61986786507
-3.65334717664
-3.22960799228
-2.33976226502
-1.24809386074
-0.380179670293
-0.119213224452
-0.612633052713
-1.68741172707
-2.91854662436
-3.81886881903
-4.05801703551
-3.60455593995
-2.72423352054
-1.83902114389
-1.31952043852
-1.31373499301
-1.69379811617
-2.14104695679
-2.32053487607
-2.05360341883
-1.40195745211
-0.624858084971
-0.0368619471426
0.156881605963
-0.0379262816435
-0.416858592336
-0.69261709475
-0.651320594277
-0.266403690751
0.289022131966
0.736643285603
0.843742453452
0.550767303534
0.00845331916027
-0.495709078414
-0.684497607852
-0.43590732274
0.149449884881
0.795426128363
1.19117298141
1.15705166531
0.752574794022
0.269795517811
0.110058286116
0.598239237556
1.81958631812
3.55539137587
5.34941290825
6.6781834707
7.15232524162
6.66341076848
5.41646682822
3.83915694708
2.41130265504
1.48938202864
1.19753542467
1.4228651885
1.90529295178
2.3728005488
2.65829810308
2.74916266277
2.75578413931
2.82384341295
3.0389830553
3.37216776802
3.69111770834
3.82957330857
3.67787463828
3.24830368432
2.68097101731
2.18460028557
1.93803181004
1.99814001797
2.25890100608
2.48459254284
2.40687449501
1.84541195459
0.798437522794
-0.540062798628
-1.8493997162
-2.81217482206
-3.25065533636
-3.20823498323
-2.93506432372
-2.77726786438
-3.01289732628
-3.70556424389
-4.64481273645
-5.40916277783
-5.53565159004
-4.73037663446
-3.03024157739
-0.839632743601
1.18598933014
2.37340380255
2.29272137419
0.939393719519
-1.24241359901
-3.51183819597
-5.10287763078
-5.50837550852
-4.66233126424
-2.94782888457
-1.0305480509
0.409544255633
0.934850898185
0.490426305468
-0.622761616962
-1.91751847821
-2.94758560006
-3.4863291501
-3.57994441384
-3.46189382547
-3.3829713471
-3.45052189145
-3.56233232593
-3.46982294301
-2.93666578486
-1.90702188584
-0.588739728379
0.603228016263
1.22770077363
1.04056535138
0.149636896774
-0.98489197399
-1.72101099953
-1.51075559693
-0.159791541197
2.05191405763
4.4538429718
6.24754868354
6.83895395115
6.09432197524
4.4028329416
2.51221909304
1.20521206584
0.957660585692
1.73006836005
2.98688030795
3.93718226682
3.89168736671
2.57860433252
0.278942542538
-2.27810273194
-4.21305338837
-4.85654123153
-4.01642128721
-2.04017189048
0.346585585897
2.34696183248
3.40738073322
3.40647054391
2.64797736434
1.67804202124
1.02281374976
0.969415633403
1.48234181227
2.27660982124
2.9942623527
3.38774888597
3.42065147306
3.24615027075
3.08888392742
3.102773917
3.28337158918
3.47779548833
3.47923494366
3.14708750281
2.48239136293
1.61647907702
0.722285551488
-0.0965277111443
-0.869402763519
-1.7326311454
-2.82270759206
-4.14916815727
-5.52546615727
-6.61075045634
-7.05650749814
-6.69032739815
-5.63880944201
-4.3125389462
-3.24160893507
-2.82913973149
-3.14163997276
-3.84899618218
-4.3612497866
-4.11291768222
-2.86548902093
-0.877253975188
1.15756597622
2.39218052962
2.21444346097
0.559230819378
-2.00938662296
-4.50119783645
-5.91035984443
-5.653139394
-3.83154853624
-1.19542281829
1.18742669076
2.40657456961
2.11235339941
0.659971210618
-1.07352533706
-2.11412653986
-1.85777157203
-0.358873634217
1.69592121512
3.31577261095
3.67894215898
2.52578826208
0.28466412343
-2.12807471421
-3.73703224823
-3.96017115977
-2.86952777316
-1.13851247354
0.29527119744
0.687748936642
-0.152055399943
-1.76876830962
-3.27225258589
-3.74770743767
-2.66784769899
-0.117112003448
3.26545448427
6.58096889718
9.05019741922
10.2954716722
10.4040713571
9.7693459
8.81743575577
7.77688639797
6.61288898659
5.14908284234
3.29204557659
1.21481257259
-0.62250773503
-1.64618516195
-1.45615114048
-0.0749695181908
1.98578607455
3.89941881411
4.87318514795
4.51150992062
3.01413301333
1.10224416983
-0.304892652494
-0.516913446428
0.598512042234
2.54412409177
4.41829297154
5.33448991791
4.83836834886
3.12540201103
0.955961093625
-0.692194022734
-1.07061913902
0.00210667468447
2.06568987277
4.23474427135
5.59903832775
5.61822502644
4.33193322939
2.29962019653
0.313936305645
-0.966434589702
-1.290658077
-0.878352409651
-0.260810502757
0.0042958101954
-0.40170217874
-1.43626859832
-2.75875917285
-3.9261929764
-4.60903849079
-4.71665586274
-4.38080105314
-3.82624667624
-3.21617222732
-2.5665483686
-1.77739378015
-0.757070152
0.4408681181
1.55895725627
2.20399863392
2.0195503292
0.878208270793
-1.00933869361
-3.13526112494
-4.87898987212
-5.75544822334
-5.61247684518
-4.68439133217
-3.47656010897
-2.53642523149
-2.21943991866
-2.557944126
-3.28806810091
-4.01154376335
-4.4050984693
-4.37132070334
-4.0594681729
-3.7536664341
-3.6936316571
-3.92541213908
-4.2613858307
-4.37051540993
-3.95215613176
-2.90400108956
-1.39800373284
0.175344846741
1.36848480505
1.86668312813
1.61676970225
0.836811251076
-0.0926595419263
-0.799558327076
-1.07114501689
-0.917751025287
-0.528464986889
-0.150991351847
0.0385954391329
0.0116623760025
-0.123286673323
-0.202733258851
-0.112537392592
0.142581289513
0.439778681501
0.60598860228
0.515521126985
0.166389911793
-0.302885398976
-0.663537012382
-0.68917202473
-0.248121567849
0.643550322371
1.82648273277
3.05183116288
4.05810066449
4.64139590205
4.69959686005
4.24612807042
3.3999200391
2.36019244632
1.36999351133
0.667806140128
0.428272327965
0.702224130837
1.37717385831
2.18313258391
2.75836596529
2.76623875925
2.02711810745
0.612601469881
-1.14535336637
-2.7485715899
-3.70533843085
-3.71905100974
-2.81623483771
-1.3562163038
0.089123759289
0.942745534967
0.835741084839
0.9491919299969567
0.3881383877561291
-0.3244014031822786
-0.6622594791507908
-0.29043566407
-0.475038159413
-0.143326482316
0.329207656007
0.598885213641
0.494128012722
0.0646753700202
-0.472705944111
-0.857510746794
-0.915408372607
-0.634952594249
-0.160869861003
0.285245919923
0.513364781876
0.449397076307
0.158273128458
-0.199460770561
-0.450977316949
-0.491478841698
-0.324008561174
-0.0442000519028
0.21674855564
0.358711081074
0.35526412371
0.253940815334
0.138778324307
0.0785616713279
0.089491684103
0.131172959795
0.135839897769
0.0529100079789
-0.11657549307
-0.314855641233
-0.454734753382
-0.464833031756
-0.328768561506
-0.0972770877371
0.133779441787
0.268991076425
0.259836170021
0.128574962043
-0.0426507893112
-0.152427352624
-0.130456576315
0.0271862274987
0.255483568467
0.452114768471
0.527975030535
0.451853575666
0.267211553032
0.0724460348624
-0.0262493984822
0.0331067728403
0.236553107373
0.498369390354
0.699700269189
0.743610509772
0.600548786866
0.322587707768
0.0195730320818
-0.191552719785
-0.240150123315
-0.132551443026
0.0545852491245
0.214835470534
0.266561987506
0.194474885549
0.057155098108
-0.0441668255354
-0.021216415668
0.148374465142
0.397829439055
0.591716272849
0.583854234565
0.288068975795
-0.270388870199
-0.948073403382
-1.52792214727
-1.79964364806
-1.64430239862
-1.08865321764
-0.306390169562
0.435516265789
0.865736625105
0.799907771029
0.201498429144
-0.3971763235660859
-1.171001632995555
-1.8472715787384857
-2.2042954151357748
-2.1398889002407344
-1.7010688218298498
-1.067782157112532
-0.4964206054118989
-0.23895059326699197
-0.4593749464604855
-1.1706676106620364
-2.2121306080714334
-3.278928727939899
-4.002451083376471
-4.06397412025
-3.63457177528
-2.47488378777
-0.913986006263
0.559656647366
1.45181839768
1.43937114275
0.506969784867
-1.01362006158
-2.52830375553
-3.37088565809
-3.03684830171
-1.37614267652
1.33009769008
4.44370176901
7.17267881477
8.83137955661
9.0623587018
7.93906963073
5.91502255893
3.64463815435
1.7491194506
0.617731760264
0.314951531182
0.616954676365
1.14793525212
1.55035334919
1.61748611739
1.34139989226
0.871149890846
0.414761090842
0.137566568212
0.102512575265
0.27133916388
0.553869833888
0.871525732407
1.19945312203
1.56783277141
2.02693347655
2.59936731913
3.24775481212
3.8756026128
4.36042179513
4.6013883844
4.55756791462
4.25915620556
3.78887157774
3.2453269121
2.7075047574
2.21650776936
1.78023515838
1.39470779434
1.06846213616
0.836575783272
0.757151957426
0.891456931984
1.27532058591
1.89193031867
2.65533245849
3.41154979523
3.96130527299
4.10441692414
3.69976067216
2.7263058599
1.32298775184
-0.216567043456
-1.50918764228
-2.20087365047
-2.10606027247
-1.31401773549
-0.207789624305
0.634188705913
0.638056285811
-0.528921182699
-2.78000158719
-5.57552654216
-8.07180400355
-9.4153309452
-9.07666648046
-7.08782954014
-4.07375410405
-1.04640854857
0.970538037909
1.34104251102
0.0752125642515
-2.16627825052
-4.33179950819
-5.40053813499
-4.79370034267
-2.60495257751
0.443865020396
3.29881457776
4.99286503637
5.01080767643
3.45304221158
0.943983172719
-1.65709548739
-3.60468213833
-4.52317895062
-4.47373060273
-3.82916175556
-3.04137044785
-2.42467410039
-2.05499441981
-1.81490211641
-1.53672877401
-1.15010041072
-0.747622260526
-0.535643884629
-0.705018967786
-1.30199827907
-2.17786694007
-3.04968519687
-3.63998087794
-3.81675316825
-3.6529774397
-3.3688635291
-3.18667355962
-3.18017118872
-3.20881284766
-2.98406464722
-2.24289090593
-0.939825559925
0.650493194857
1.99052874668
2.4883632284
1.76888729671
-0.120940252625
-2.67834016027
-5.11082774694
-6.63593899785
-6.78299559957
-5.56235586621
-3.4293051015
-1.06619431027
0.90976848381
2.17557910721
2.76842792539
2.97382488816
3.10994692752
3.32991377481
3.54682760653
3.51536556471
3.01674355333
2.03712653327
0.832995709641
-0.161307160618
-0.541454182183
-0.147930799257
0.82983398393
1.92353052758
2.6036838929
2.539169922
1.76623703805
0.676524368785
-0.176304645023
-0.358651861708
0.212933823639
1.21184625964
2.04674195934
2.14468754777
1.23450561151
-0.509488073664
-2.53558637265
-4.16299728547
-4.89039404471
-4.61598499887
-3.66520615771
-2.61762622357
-2.02269776018
-2.1457567557
-2.86621989111
-3.77047003847
-4.38364439041
-4.4172946589
-3.9067759456
-3.1730966618
-2.63615341646
-2.58189573596
-3.00671647559
-3.61897659482
-3.99398361246
-3.79908260099
-2.97090704065
-1.75414659406
-0.584762416029
0.118982312826
0.149118211544
-0.41161217954
-1.25492884943
-2.01358392133
-2.43413863276
-2.4632240841
-2.2080170789
-1.80581866636
-1.29082312149
-0.548081759458
0.606891152935
2.26170536029
4.2524613543
6.12620073824
7.27149531159
7.17833270243
5.7095147101
3.24182799245
0.584132086181
-1.31801882693
-1.77400961332
-0.660425022932
1.49818985142
3.7331821244
5.04294304342
4.83368147392
3.19111294232
0.855373679961
-1.0963820331
-1.72249427423
-0.635548999575
1.81850438277
4.69954958746
6.86758412306
7.45724887676
6.22651540271
3.63463741463
0.627632442036
-1.76300154365
-2.82817512718
-2.42454680568
-0.965564760447
0.812001073925
2.18460268935
2.72840416435
2.44142706835
1.67200781207
0.911998255705
0.563564732841
0.783094020115
1.45450353706
2.27765116325
2.9094920491
3.08638179458
2.68341579943
1.71017853753
0.275337581236
-1.44204769716
-3.19808333314
-4.68144445274
-5.53656866133
-5.43875193156
-4.21498498103
-1.96580383878
0.877429233892
3.61231677386
5.44914311844
5.76676980839
4.34609369466
1.48266677773
-2.0789069983
-5.37608994847
-7.54356083111
-8.09437896874
-7.06169064722
-4.95193308039
-2.53603691199
-0.567063511023
0.464646400021
0.451768782374
-0.363918970901
-1.54541137701
-2.65709789291
-3.42080198599
-3.77690415475
-3.84360565687
-3.81051408479
-3.82384586864
-3.9140865165
-3.99029604455
-3.89335121017
-3.47776121469
-2.68578041628
-1.58687267742
-0.372405556488
0.688958718677
1.3204875333
1.3137322111
0.595026719836
-0.733851735173
-2.39523120695
-3.98460943634
-5.06720353337
-5.30299350826
-4.56440494251
-3.00300578455
-1.03050037283
0.794066308017
1.9426098313
2.10227397847
1.29536791597
-0.117406954765
-1.56040545447
-2.45232267279
-2.42292792812
-1.45205645991
0.125576180016
1.75271457745
2.86621738778
3.11104113991
2.46695382275
1.24108066921
-0.0643814022727
-0.949872377083
-1.09959573734
-0.477290807789
0.691041854193
2.02623754973
3.141154812
3.76014556405
3.7730501825
3.22054717956
2.23939734986
1.00768271987
-0.282114409846
-1.42118853178
-2.17732745871
-2.31381135914
-1.65047107898
-0.153355846932
1.98830536293
4.3479151656
6.34173156249
7.3952617736
7.1439203069
5.59010521631
3.14548263479
0.526938454811
-1.46771876965
-2.22701337852
-1.53677209242
0.346305982826
2.78774741826
4.99985605065
6.31205660775
6.38564698591
5.29642852829
3.46289243791
1.4581480261
0.47782168579576023
0.09208864792230997
0.2619584198426992
0.7114521362415474
1.077427526016649
1.07726324403464
0.6265280055672093
-0.13452322857583
-0.9067646001824414
-1.35549853925
-2.02462813288
-2.06088743977
-1.58619793526
-0.856619593273
-0.166873350357
0.24848083651
0.283769475317
-0.0178934914967
-0.494008486554
-0.926733758615
-1.11878162493
-0.957902835411
-0.452210422082
0.272381869117
1.01106389287
1.54415566937
1.70769532882
1.44892749429
0.847848753521
0.0951718967055
-0.569066706915
-0.937636435729
-0.910859353696
-0.535833091389
0.00713125543385
0.469311566294
0.628093950544
0.376565146096
-0.226796959661
-0.969789505414
-1.55821012522
-1.72303017641
-1.32378652815
-0.409066879683
0.789941638486
1.93241490604
2.68237942998
2.8242811649
2.33846142172
1.40942683884
0.363382772416
-0.443834776455
-0.750038181224
-0.478638633713
0.233089248667
1.08065344791
1.69981298577
1.79938396588
1.27351509563
0.252206655924
-0.931963488212
-1.85449840569
-2.15195243514
-1.66352851454
-0.507084977267
0.944736503075
2.18733550185
2.76646840647
2.45372007591
1.34581465328
-0.156761036693
-1.49110675271
-2.1436839416
-1.85079524371
-0.705680019137
0.875613694759
2.32060072878
3.13356301031
3.09873162345
2.36549232987
1.37541245656
0.65860238372
0.585660637636
1.18464316131
2.10809610601
2.77189328165
2.61196678828
1.35022420577
-0.847827060298
-3.39850534701
-5.50629653065
-6.47089829228
-5.96968789739
-4.1984298342
-1.81121140792
0.316254158785
1.40364985703
1.03670787644
1.0521580640119055
0.1794757513063132
-0.881099518369794
-1.4873007814007053
-1.2622968728489496
-0.171031290668
-0.202071021193
0.03541672206
0.238075414043
0.263402601856
0.139040010535
-0.0100646523601
-0.0649461603662
0.0115996259354
0.161627928246
0.278242536177
0.276937238708
0.14777908164
-0.0407878418654
-0.185846946381
-0.213518594179
-0.123884001444
0.00890406234947
0.081072333705
0.0222193881311
-0.159824488037
-0.378727966058
-0.515228929302
-0.483714685311
-0.282589104253
0.000502818309783
0.232929946322
0.307664077449
0.201831373479
-0.00949904133782
-0.193187863679
-0.231138883165
-0.0873488416468
0.168287353205
0.394093295256
0.452142946733
0.285521836506
-0.0447676281364
-0.385062748614
-0.565557468297
-0.489232525593
-0.186267547793
0.196320953912
0.466793157039
0.48683059108
0.245182430173
-0.132360855287
-0.443649255688
-0.511876131622
-0.276706798166
0.172293572993
0.638008123267
0.91307630932
0.882736817716
0.5805061426
0.168076119013
-0.149998842105
-0.232270082605
-0.0715198117592
0.206373868048
0.415300634154
0.414869413345
0.192595045801
-0.12294987522
-0.327510967615
-0.252960041874
0.132240867846
0.687726916795
1.15278859429
1.26250588952
0.87281072699
0.0334209430008
-1.02693180817
-1.9952049112
-2.60193859118
-2.72094658575
-2.39623220489
-1.79052118516
-1.09001670392
-0.420105117306
0.183613406869
0.739229338283
1.24700065005
1.63381107878
1.75629643592
1.47009644181
0.73020293995
0.15551936924106258
-0.4618105434489621
-0.7799548006892252
-0.5580150420320251
0.21037505106168908
1.2625658860212354
2.164455395048634
2.5076454085228335
2.1178899121753147
1.1704088781617088
0.14336324249045163
-0.3851813359666778
-0.013229188106876677
1.2635102268807543
2.99655095534753
4.437791626711714
4.847160094080877
3.8250797452091376
1.5207931420384426
-1.3835040099741747
-3.9159697593
-5.77851073349
-5.92035644391
-4.4812511415
-2.12792162746
0.22736257355
1.79218300262
2.1875166722
1.5520560976
0.428066939458
-0.504669490119
-0.720536731279
-0.0401433102885
1.3455965845
3.00575993115
4.47383062257
5.42455851821
5.75097879214
5.52960053622
4.91928423469
4.06468655393
3.05825389075
1.96897502777
0.899953038378
0.0177320773388
-0.484704573275
-0.483592093743
-0.02590373921
0.632395206489
1.09524184394
0.990193871208
0.156871262905
-1.23639827237
-2.72087441748
-3.70784354261
-3.75080190203
-2.76951254624
-1.12301700502
0.516767780776
1.44542832203
1.23705176095
-0.0596082142421
-1.93729957967
-3.65829526461
-4.59164162745
-4.50071900648
-3.64131543278
-2.61850495401
-2.0671201507
-2.30953504405
-3.16138246172
-3.98992397686
-4.01022895677
-2.68720204001
-0.0534296577338
3.2163965213
6.02601621611
7.28885561153
6.38506464373
3.44153556238
2.043501792678555
0.6992050877670124
0.563287111471
-0.331053642925
0.487246721519
2.25972348546
3.9463296666
4.67555517253
4.09090883341
2.4539475392
0.478099412955
-1.0142479289
-1.44962883545
-0.721943895765
0.807918432821
2.50725865542
3.75501806769
4.18098534368
3.76495458652
2.77571588274
1.60456744679
0.586653567079
-0.108110846408
-0.482141285248
-0.640124744629
-0.700921671108
-0.746584261776
-0.828315239011
-1.00632823232
-1.37673036234
-2.0479099103
-3.06550566753
-4.32635836032
-5.54176617866
-6.29417903732
-6.18482409649
-5.01648330991
-2.92537712456
-0.388215246925
1.91715369114
3.35018076739
3.54649489805
2.55187931801
0.789772733137
-1.12437527283
-2.63808938063
-3.47072456204
-3.68383208323
-3.58779432935
-3.53811243048
-3.72653765195
-4.07205191152
-4.26500496636
-3.94038519299
-2.891602341
-1.21604511672
0.682525317077
2.23932617975
2.95450546039
2.59475193415
1.27954921165
-0.581501465337
-2.46252978461
-3.91910388036
-4.71837386658
-4.85155428504
-4.44235955345
-3.61738080164
-2.41864892743
-0.808649318268
1.2388158845
3.62092275329
6.03952418978
8.03973704873
9.1508929019
9.06975868781
7.79782169172
5.66171798766
3.20081153199
0.970793192693
-0.646461668865
-1.54040195525
-1.83792865825
-1.76654195622
-1.49486018302
-1.04036809983
-0.295838643258
0.840920201846
2.30966670741
3.7998630883
4.79926319083
4.77739060364
3.42953178714
0.867021392028
-2.34542008006
-5.33973026676
-7.23167024607
-7.43065574667
-5.84510569388
-2.90128799684
0.624874246135
3.8843590918
6.22110939315
7.32463794973
7.22761829656
6.18167992875
4.49559498521
2.42372946147
0.150615214209
-2.14520774141
-4.21345002654
-5.7138093991
-6.29399765761
-5.73996528158
-4.12278760914
-1.85421491155
0.401126885942
1.94056539538
2.28219621472
1.35424148072
-0.07250107000672301
-1.7423632286262176
-2.9778287658411102
-3.355035690795148
-2.8600884768006267
-1.8616979628457955
-0.9170101841489355
-0.5028748133792789
-0.7965983675251067
-1.604176243783911
-2.4633834884772767
-2.867936267086378
-2.505322260416378
-1.398848501889674
0.1070578688118502
1.504919222497719
2.347782991486582
2.435159278752778
1.8815432465626003
1.0458923038997199
0.364116376218
-0.324112982585
-0.422799336284
-0.0600520931096
0.490623761871
0.94519170838
1.12501400489
1.00699506773
0.698287466099
0.361548904162
0.133954003691
0.0766356756581
0.168441121218
0.333558133295
0.479828538667
0.527929917576
0.425477633504
0.153249330138
-0.266199418483
-0.755821313928
-1.17859939541
-1.35702390215
-1.1273283965
-0.417644026925
0.6830579304
1.90741455547
2.87166864672
3.2104970958
2.73731774885
1.55778220571
0.0716996886189
-1.15916590009
-1.63885202426
-1.16970371497
0.0173210683976
1.30885226874
1.93433513468
1.29142578736
-0.7612717795
-3.77606012028
-6.82452468701
-8.81777124544
-8.92122076802
-6.89900233954
-3.24335866926
0.973059098372
4.4727727451
6.23395361143
5.85644973265
3.69079604251
0.68245713179
-2.0030050966
-3.42285370967
-3.19436889566
-1.59985467056
0.570738750903
2.36518451698
3.05737009508
2.42388458678
0.805804665081
-1.05760773818
-2.34652162431
-2.49767936371
-1.42865783696
0.432590716903
2.31583228322
3.40199529453
3.12646560629
1.37948239791
-0.6416074756978247
-3.04568774059868
-5.034575410222104
-5.99703486509982
-5.698181400356006
-4.326503027692041
-2.3921356506091627
-0.5229619398141239
0.7622101546551079
1.2218741959339212
0.9468536480869005
0.2920977109985472
-0.279677870119
-1.16348605397
-1.39177152662
-1.03553690035
-0.364489887222
0.277356501992
0.611904752831
0.527095908292
0.10124194329
-0.451161021512
-0.883171220301
-1.02209335241
-0.835285862667
-0.431860787839
-0.0056106832792
0.251671485279
0.227969592032
-0.0707138459648
-0.532244866352
-0.988799887949
-1.28004625094
-1.30235011426
-1.02837635182
-0.497582197257
0.209258169826
0.995003927863
1.76027078083
2.4072449279
2.84209243854
2.98568824499
2.7952963634
2.28939006547
1.56081457174
0.765052381353
0.0807485089824
-0.346050985439
-0.451977960402
-0.278301895405
0.0467992014846
0.359729668606
0.525175052984
0.484653843281
0.269786045303
-0.023017289193
-0.281668594589
-0.4263431891
-0.433977126565
-0.330986003447
-0.163396471315
0.0348070706691
0.254935737722
0.500721221698
0.758853510194
0.974579287209
1.05347575426
0.896663235007
0.456450877222
-0.216141228775
-0.961867007625
-1.55621587452
-1.79358375028
-1.57796994311
-0.977072030232
-0.209187321527
0.438436822992
0.728378030922
0.577138104694
0.0957271365001
-0.455653493932
-0.782562394508
-0.691562495812
-0.184838695588
0.53050160246
1.12572690175
1.29183777253
0.87739264099
-0.0384189329993
-1.17077983061
-2.14271515793
-2.6387460025
-2.53321905413
-1.93928602992
-1.15898987707
-0.556718257588
-0.409189438984
-0.792616295716
-1.55009865589
-2.34876044028
-2.80167110069
-2.6079230808
-1.66211905793
-0.0997955354443
1.73067521233
3.35657074561
4.30235384731
4.21273050112
2.94890834246
0.636570448775
0.18116556200037337
-0.39532325440245586
-0.498389890508
-2.15079507329
-2.6138220862
-1.98176203401
-0.656236399733
0.775983530027
1.73581176263
1.85135992443
1.08902414045
-0.239972328014
-1.60815419547
-2.49056038316
-2.5869794335
-1.95317720084
-0.979842859925
-0.22088120417
-0.139331833128
-0.879793035879
-2.17068721492
-3.407691033
-3.89200834771
-3.1275058555
-1.05064135947
1.90843982692
4.96541381092
7.26825028415
8.21353933098
7.6623484417
5.9684389296
3.81215994294
1.91550397241
0.761529041632
0.43438072224
0.639053664655
0.879681576081
0.707988312685
-0.0712188017691
-1.32406635672
-2.66449400614
-3.63805721676
-3.92296685296
-3.45852268393
-2.45138757115
-1.26926428101
-0.280693162678
0.282988697019
0.387040664339
0.161040946521
-0.194025158277
-0.505027357461
-0.684614367898
-0.729655593659
-0.676540172038
-0.550216225599
-0.340780936095
-0.0188838503561
0.425963891369
0.955173259114
1.48405841164
1.92017736965
2.21365569181
2.38449829972
2.50291014338
2.62750609883
2.73661046147
2.70047750501
2.32644064787
1.46963528773
0.158657318827
-1.33679612617
-2.55386848858
-3.00637351299
-2.41755295164
-0.910264393875
0.95107808437
2.3188479111
2.38439737441
0.743235921487
-2.35644312293
-6.01051566645
-8.93548727866
-9.93929644593
-8.40717748131
-4.60071069002
0.368225212412
4.89954518996
7.47509359788
7.2178653882
4.21910193293
1.8526292196957996
-0.6643992374975909
-1.80183001837
-2.98427010874
-1.79528965926
0.966850587912
4.01643702387
6.09592294054
6.4366663496
4.9914708703
2.37033106031
-0.464982151559
-2.6012753026
-3.50101084754
-3.13738805746
-1.91174264506
-0.420120377215
0.811514163491
1.50918014357
1.68918503303
1.56422383195
1.38483290299
1.30097340535
1.30447574361
1.26481073912
1.02424879366
0.49560574974
-0.286107203554
-1.17634336431
-1.98182469862
-2.53285205318
-2.73215268652
-2.56468618777
-2.0766876366
-1.34658755167
-0.46838358002
0.447090151374
1.26480504759
1.8316092088
2.00798664872
1.71956958856
1.0045169495
0.0270031521632
-0.961233582078
-1.70452523912
-2.03996414354
-1.96321284199
-1.6292253759
-1.28200923131
-1.1415064762
-1.29838518104
-1.66683717306
-2.0203564245
-2.0970695193
-1.72768559103
-0.926912467883
0.0953190376332
1.0101646892
1.5009667839
1.3915309721
0.715988438126
-0.297749872648
-1.31937077179
-2.03838709754
-2.26320218974
-1.95915531277
-1.22075454124
-0.205736978203
0.926337926806
2.03786455356
2.99455486063
3.63038897589
3.73733198063
3.1103801768
1.64574221855
-0.548435185057
-3.09189397612
-5.37684679135
-6.7305445447
-6.6521354889
-5.03380321039
-2.26525873398
0.844248850498
3.32142123129
4.37873240338
3.72470218738
1.70320706684
-0.809944250123
-2.72937046033
-3.18487466547
-1.8823243513
0.74847216191
3.68775812507
5.69828243625
5.79458642309
3.62495421337
2.3182041366425494
0.21786825128715748
-1.3936822480387292
-1.46706041087
-2.31188926523
-1.42873973414
0.360357704585
2.0349919473
2.78417220465
2.29675838538
0.827468092261
-0.96961433999
-2.35202245349
-2.80380314953
-2.22433666464
-0.925956865114
0.537712629343
1.6212779814
2.00060059691
1.66460205541
0.864947148964
-0.0317588641474
-0.707823041897
-0.999020066533
-0.905733779705
-0.528675444606
0.0174320014654
0.656868504411
1.34674056445
2.02773755691
2.57764846331
2.81355766503
2.55875804375
1.74737961449
0.508471419377
-0.82871581359
-1.83213759754
-2.13803619575
-1.62236578857
-0.488140237973
0.784653738272
1.61898009515
1.58036883853
0.572678475298
-1.09993393836
-2.83853074718
-3.98232968077
-4.07180117788
-3.0307873563
-1.1923739505
0.838016733814
2.41920480207
3.10843923308
2.79908004614
1.7162374547
0.289188784591
-1.03102156064
-1.92686444695
-2.28542786658
-2.17525176927
-1.76255039348
-1.22012771886
-0.671744308029
-0.184390044363
0.209309285942
0.489050499559
0.645639085417
0.697473317379
0.701889222003
0.737322157032
0.85194781287
1.00319430551
1.03074224214
0.698065963596
nan
nan
nan
nan
nan
nan
nan
nan
nan
nan
nan
nan
nan
nan
nan
nan
nan
nan
nan
nan
nan
nan
nan
nan
nan
nan
nan
nan
nan
nan
nan
nan
nan
nan
nan
nan
nan
nan
nan
nan
nan
nan
nan
nan
nan
nan
nan
nan
nan
nan
nan
nan
nan
nan
nan
nan
nan
nan
nan
nan
nan
nan
nan
nan
nan
nan
nan
nan
nan
nan
nan
nan
nan
nan
nan
nan
nan
nan
nan
nan
nan
