nan
6.03319504096
4.59013959625
2.59559869939
0.526717543939
-1.12423641339
-2.07889846731
-2.37440385195
-2.28361022358
-2.10281595027
-1.93419382342
-1.59876077537
-0.746258666097
0.884385331675
3.19566342659
5.61816470634
7.25125585922
7.22756928265
5.14592803902
1.36155301113
-3.02984984856
-6.5435697769
-7.86426727658
-6.37712090633
-2.43824959768
2.73954535782
7.54121911486
10.5509823003
11.0480846461
9.19944526379
5.89300004676
2.31412089097
-0.531015689504
-2.14009953162
-2.57466634316
-2.27693345403
-1.77320440478
-1.4255440317
-1.34115073003
-1.44759977354
-1.64968699011
-1.94880307653
-2.44323888091
-3.21185781455
-4.1637190255
-4.96562177939
-5.12054775194
-4.18360094359
-2.01623966163
1.05688921261
4.28836981548
6.75293139023
7.70106239787
6.86521657113
4.57713879344
1.63889006327
-0.996996590249
-2.59617693549
-2.89917375906
-2.16202359843
-0.979633298048
0.0114758848184
0.407688679723
0.170511449132
-0.425094697412
-0.977357355013
-1.17239941388
-0.920109533275
-0.356896900175
0.265192422521
0.72820735234
0.951930244428
1.00239813921
1.01476434648
1.0872833371
1.2142159878
1.29666150991
1.2205636646
0.950036800466
0.575168249509
0.280968064907
0.251578426038
0.563498926064
1.13038734694
1.73456177218
2.13187897924
2.17447819092
1.88404188588
1.43410962213
1.04993563529
0.881009183293
0.91845310623
1.00655940327
0.946024035376
0.63353335882
0.157453959878
-0.212351200632
-0.148621223761
0.549888459499
1.80874399542
3.24747498141
4.30148395683
4.45547873973
3.48849708734
1.61585414491
-0.54759290497
-2.20178068999
-2.6723703603
-1.69068109314
0.476464483705
3.10551959245
5.27579838313
6.20728676668
5.54272360429
3.4644714564
0.605418401841
-2.20367473556
-4.24498299798
-5.15919046546
-5.03467452543
-4.31620853194
-3.58230798882
-3.29004558638
-3.59354213718
-4.30636558233
-5.01503981219
-5.28729785619
-4.88056931222
-3.85862870806
-2.56582614769
-1.47131118596
-0.953512304935
-1.12290025025
-1.765939518
-2.44038157524
-2.68364112019
-2.24194366637
-1.21350871104
-0.0330738139208
0.705216595116
0.514249816783
-0.748712179112
-2.78572919179
-4.9555670143
-6.53008309591
-6.99926112729
-6.28713655228
-4.77731787982
-3.13285728031
-1.99180790048
-1.68073746301
-2.08267949971
-2.72365541567
-3.03592149956
-2.667501274
-1.68097419283
-0.535585871328
0.146904603599
-0.0783507759603
-1.2050494798
-2.71340612855
-3.76772622126
-3.59422088147
-1.86513064423
1.09752573004
4.40706172097
6.96060342242
7.89936365535
6.97235114557
4.63653426835
1.84754576614
-0.361611493541
-1.31927001357
-0.972004115923
0.150220959376
1.23147801909
1.57915637957
0.948108978954
-0.368335240531
-1.71104089541
-2.39513979186
-2.04654118042
-0.774974173047
0.889244156909
2.25076535079
2.76508246726
2.26413012624
0.995860602914
-0.522246076631
-1.74941490352
-2.34544339112
-2.27691366142
-1.77905029759
-1.21706208361
-0.927311352535
-1.10791842055
-1.7848353309
-2.83396538015
-4.02027210516
-5.02888665455
-5.49535464703
-5.06441878905
-3.49794142609
-0.813506145858
2.60984511381
6.03949688821
8.55899400246
9.37227117733
8.13234968004
5.14259554647
1.31046480946
-2.16454380038
-4.25884018828
-4.54849530964
-3.3885670753
-1.74796935907
-0.758905766089
-1.18185462525
-3.0386755247
-5.59554589938
-7.71282675143
-8.39892545791
-7.2999578861
-4.8825782703
-2.21523125816
-0.45196493364
-0.273175984535
-1.5617363968
-3.47620713822
-4.88272901338
-4.92527233017
-3.4441755093
-1.03254064974
1.29100201033
2.61431815347
2.58342214131
1.53369235518
0.235044921357
-0.602306388515
-0.778925441581
-0.74794002419
-1.3464998576
-3.2452305303
-6.4150355237
-9.92668146471
-12.2419854736
-11.9001975482
-8.28004345512
-2.04755192485
4.97122906429
10.4806713666
12.6735520655
11.0114348536
6.44922299459
0.984079801108
-3.26450811232
-5.00398351428
-4.28813422399
-2.35601527691
-0.876693594796
-0.985105767942
-2.60459916267
-4.41460968101
-4.50180760765
-1.38697266738
5.07984043269
13.4149452134
20.970494569
24.9900070343
23.7770260615
17.4432042303
7.89465838313
1.1467255388878357
-3.07944362085
-6.23288741219
-5.28289149119
-1.68669745088
2.47641072394
5.44398513477
6.41959178516
5.68035646901
4.17539137715
2.88797776669
2.31533954066
2.3143150851
2.33896697656
1.88223522113
0.840458155552
-0.41167810438
-1.26529649686
-1.28033938895
-0.496862139756
0.539177307921
1.06094811225
0.51879119499
-1.08023576933
-3.13367999773
-4.74266979756
-5.19487154462
-4.36862622073
-2.83003093533
-1.55680851144
-1.42576274907
-2.73398550164
-5.01348461424
-7.24735550765
-8.38242944569
-7.87249731529
-5.96516436906
-3.57751898081
-1.82232071374
-1.43242447528
-2.38683137026
-3.93608785696
-5.01290411281
-4.80843155537
-3.20581858356
-0.839039397613
1.25322589992
2.18947249655
1.71538812483
0.322554342277
-1.05240151385
-1.58380387346
-1.05599519095
-0.0140752544074
0.541654554395
-0.226588757744
-2.39451256453
-5.04072518647
-6.55121700722
-5.36127203518
-0.791135511991
6.44604480647
14.3511980282
20.3612093844
22.3847364384
19.6864501266
13.2111685413
5.19406584294
-1.76642927704
-5.75024794258
-6.20551837442
-3.99791062481
-0.839524606172
1.5949700288
2.42890489117
1.87210757478
0.939871941729
0.789891318046
2.04114570753
4.42450813216
6.92631770915
8.32649222439
7.83632367727
5.50431310513
2.19226010824
-0.848104992387
-2.56647667076
-2.56930465383
-1.22202627068
0.625395302302
2.11888545741
2.82182682744
2.86314611653
2.75773974623
3.02510579047
3.83451017208
4.87821309192
5.53804742987
5.24327778811
3.81193300881
1.58028509119
-0.753603725193
-2.48528697839
-3.26022696788
-3.23297715841
-2.94186561592
-2.97132622197
-3.59393615283
-4.59763013732
-5.40197515341
-5.40560155584
-4.37347901271
-2.64204292182
-1.0116973636
-0.363250795709
-1.18876821469
-3.28462816956
-5.78160521992
-7.51845488446
-7.58771199484
-5.7876511941
-2.75321045711
0.306720877486
2.14532354259
2.03280346876
0.0678420683379
-0.9625906795284038
-1.79575645811
-3.38724352423
-3.40948413064
-2.20198819119
-0.582375519075
0.59054555901
0.824831866704
0.179571341741
-0.843236522341
-1.61576725562
-1.72887937485
-1.18439670667
-0.349806256143
0.278513840736
0.360062847261
-0.114652836727
-0.845111184526
-1.41141133628
-1.51685068237
-1.14363007488
-0.539671344049
-0.0539871677715
0.0770253147317
-0.133576848612
-0.44048212872
-0.52321807721
-0.187986279014
0.50579652647
1.26975660109
1.74931889718
1.7319153733
1.2799290611
0.70890386716
0.418640080426
0.668770920376
1.42389096158
2.35699478975
3.01353358139
3.0495515675
2.41546999631
1.38566518491
0.417592635517
-0.0831242222109
0.035421067179
0.610339088837
1.27304329311
1.66394924921
1.63093151192
1.30092467428
0.987353976682
0.990178543038
1.40700607008
2.06762913528
2.63308862429
2.80374666762
2.51393515974
1.99310559328
1.64627038139
1.81093037845
2.52514187184
3.44613911698
3.98417906983
3.59952126728
2.11448371421
-0.128335914187
-2.36070876659
-3.707952869
-3.58524738427
-1.97685206696
0.543210480643
3.06294827525
4.7336699287
5.12302900153
4.34953096237
2.94381716428
1.52487850136
0.473277026028
-0.221963498573
-0.867974301695
-1.79204497969
-3.05761783967
-4.35219578524
-5.13018848539
-4.94379047054
-3.77497945607
-2.16180959489
-1.01039154129
-1.1536620649
-2.87003475408
-5.62375300319
-8.19895956839
-9.20811619073
-7.75623267333
-3.9396837937
1.08715879424
5.54966200235
7.82238091096
7.18281916628
4.18842208832
0.477672958139
-1.93825857591
-1.58316491838
1.79079470749
7.04756560751
12.1295002411
14.9339633382
14.211143458
10.0832980886
3.96341958775
-2.07239827594
-6.16083416145
-7.37880817668
-6.01339800543
-3.2902077145
-0.72732722964
0.559997281257
0.283156240122
-1.03373200921
-2.44992735904
-3.15305818616
-2.86876669992
-1.9429110004
-1.08442209734
-0.930100339054
-1.67291184441
-2.94814489895
-4.0282758719
-4.21531658634
-3.22164023029
-1.34296714433
0.661442046318
1.91700787481
1.83535570831
0.375040122645
-1.95544714669
-4.33961973341
-6.01197177646
-6.56085995118
-6.04378966341
-4.88467513509
-3.62848184
-2.68682570843
-2.19462304421
-2.02698907075
-1.93916093889
-1.73591430851
-1.37625055894
-0.967971089636
-0.673532865728
-0.595268259032
-0.711181078934
-0.894714394924
-0.998326667142
-0.943553622386
-0.760065746918
-0.551103520608
-0.410304495671
-0.346310836705
-0.267835926171
-0.0451078875337
0.384708115904
0.931843906597
1.34684920235
1.31084265565
0.587640700092
-0.836323611382
-2.69940735176
-4.53574028989
-5.84625943445
-6.29595987689
-5.84851706401
-4.77758245352
-3.55128273614
-2.64424250085
-2.36161989289
-2.74860418561
-3.61395719353
-4.64132407078
-5.52475930213
-6.06240754798
-6.17316847631
-5.84713492058
-5.07655110775
-3.82135652745
-2.03919500813
0.232102559422
2.78819377176
5.22800523068
7.01840932821
7.64820232186
6.81915825395
4.59566431114
1.44214782799
-1.88239888711
-4.54701758565
-5.9133180703
-5.74533402929
-4.28444604064
-2.15797483051
-0.153036015579
1.06012523111
1.15014200176
0.207170833778
-1.34285402074
-2.95143605348
-4.19159574808
-4.91996975964
-5.27804958326
-5.52755432165
-5.79891643598
-5.88723182364
-5.22574598113
-3.09565861056
0.983324832365
6.84554409509
13.4662461714
19.1056504004
21.8349294816
20.291266465
14.3702968771
5.53645485553
-3.45399969867
-9.39743951225
-9.78641986774
-3.82135553423
7.13410011581
19.8876317137
30.4683084544
35.5177532925
33.4882683466
25.1720668866
13.3475309444
1.68760686204
-6.62148006309
-9.98921525445
-8.82249612743
-5.0971923792
-1.33478709769
0.536588372435
-0.065608946109
-2.31241153675
-4.55419701355
-5.23934917091
-3.7005081694
-0.440630495722
3.1854440782
5.6971428649
6.23451852251
4.94677053746
2.84316064305
1.20848173187
0.905973931436
1.938990764
3.49719416432
4.45164626869
4.02301210538
2.25381722738
0.0186969005068
-1.44681673719
-1.25632134208
0.560855659222
2.95927708719
4.33304864595
3.32699800136
-0.395972706961
-5.8323723478
-10.9582434834
-13.5779147624
-12.3204764243
-7.31545067916
-0.218282077785
6.44208279584
10.3023962643
10.1187311276
6.20647582835
0.186066249686
-5.81717015188
-10.1202988954
-12.1265123637
-12.3820783595
-12.0630267222
-12.1896617241
-12.9917306075
-13.7566319627
-13.2368682486
-10.401973429
-5.14048043272
1.46231032338
7.43683703031
10.7067444318
9.97562966423
5.31005529167
2.0234739606509606
-1.5240115903113889
-3.18477311581
-5.70695044533
-5.12220119551
-2.56544569829
0.337409847804
2.21166652481
2.46566300947
1.40123669953
-0.0940586901603
-1.0774689229
-1.02723794796
-0.0453747902169
1.27572082657
2.21563712938
2.31068530935
1.56666331658
0.411994637503
-0.557776485799
-0.894606133991
-0.508494682101
0.320266246252
1.11312368742
1.4463503664
1.15391405102
0.388318871367
-0.473717098554
-1.02009259577
-0.992159077571
-0.394367258752
0.507289857364
1.28088259925
1.4735573312
0.760758132694
-0.931408240197
-3.35054184554
-5.90930222984
-7.76876828756
-8.03077011121
-6.02253104853
-1.60321617363
4.62554410884
11.329319374
16.7374987524
19.1815645146
17.706556989
12.514382791
5.02368063708
-2.53701951971
-7.89377122361
-9.57045032845
-7.46775811023
-2.91845527101
1.83391891553
4.540246936
3.86770257087
-0.0497123380866
-5.67051342887
-10.6952214239
-13.0322470231
-11.6702877526
-7.09043783415
-1.05382816819
4.12899888507
6.52373969776
5.30055061805
0.976121262964
0.024505690700408422
-0.5743300872360635
0.675426448094
-0.686885181122
0.00694289051768
1.72513054721
3.32226562576
4.02159010802
3.64842151017
2.55767132453
1.34441090466
0.509740576902
0.244478772342
0.408470485335
0.675559930919
0.739542446097
0.466413741235
-0.0725227902695
-0.678591967737
-1.151050069
-1.38470834113
-1.39598510671
-1.28233459454
-1.15560443195
-1.09382485804
-1.13161592722
-1.27738642071
-1.52883746163
-1.86728378916
-2.23728883272
-2.53981798636
-2.66555002468
-2.56717497549
-2.33215989586
-2.19757825958
-2.46612371941
-3.33547240826
-4.71542228755
-6.14066890443
-6.86368632124
-6.13288888995
-3.56013273773
0.58864502816
5.3411233158
9.27653579458
11.0255764608
9.81838619494
5.84076492941
0.223499146977
-0.0129726390068
-3.69591279946
-4.85777185281
-3.60769352949
-0.947666409089
1.70824764757
3.16150037664
2.91970997156
1.33745871163
-0.636728024182
-1.96612726269
-2.03110913555
-0.893930891615
0.788625297998
2.13920545878
2.51765840409
1.82920854748
0.536829290859
-0.611556546531
-0.985975935827
-0.393362106772
0.847901862132
2.10391960353
2.77515588921
2.60771489401
1.80202671669
0.869913062613
0.328907109308
0.409058529882
0.936549717862
1.457420509
1.52928130192
1.01325756814
0.195214471898
-0.342715378241
-0.0410964501574
1.29623560623
3.3295130421
5.28577801459
6.3011141121
5.83677599543
3.95716169206
1.32123238199
-1.11787129207
-2.5606632725
-2.7339352723
-2.00038165741
-1.14919663614
-0.973574993495
-1.85022856896
-3.53595595457
-5.28634117633
-6.23761437222
-5.85827724754
-4.24088421462
-2.08469330613
-0.375522500236
0.0793352638701
-0.967453228253
-3.08929199384
-5.38720563164
-6.89869096085
-7.00846756479
-5.66529065071
-3.31705107724
-0.624082387786
1.88001007062
3.99556376592
5.83186593479
7.58537459789
9.26908461104
10.568835601
10.9301446289
9.84581505301
7.19288263783
3.42520679465
-0.508472022082
-3.51197069162
-4.80232507418
-4.26041735903
-2.49026297629
-0.543358770932
0.569605490445
0.347414260281
-0.981202288435
-2.59544985284
-3.51286245831
-3.10012033287
-1.40949299315
0.830240411341
2.56962738823
2.96969642822
1.8470779306
-0.190385732869
-1.99319930344
-2.39469639985
-0.76656003123
2.65541702432
6.82898576196
10.3215541771
11.8957368012
11.0028955315
7.97369449231
3.83976408138
-0.111868867342
-2.83936774839
-3.8841419941
-3.4239132568
-2.06113382339
-0.485410065193
0.812688853211
1.65166487455
2.07732660186
2.17824334234
1.93309163896
1.19098106084
-0.203998516609
-2.22648686602
-4.5488654012
-6.58268363319
-7.69074171322
-7.47822022555
-6.01527700842
-3.86412040167
-1.87366179532
-0.820636275293
-1.05897180432
-2.34557124583
-3.93432082642
-4.90596937472
-4.58880326022
-2.87844233036
-0.307927640554
2.16785488159
3.57922822037
3.35935415883
1.58799112734
-1.04308396551
-3.5222969628
-4.93525683298
-4.82461953146
-3.34448457621
-1.15780116654
0.861606108883
1.98291490307
1.87805974329
0.693098219096
-1.07223249784
-2.79881394498
-3.98230522255
-4.37342464927
-3.99023034978
-3.0332268686
-1.7716902506
-0.464680329315
0.658488746728
1.37996766087
1.48484521976
0.800544056665
-0.715992710517
-2.88693578005
-5.28262996792
-7.29822802219
-8.33444898808
-8.0201330741
-6.3791011033
-3.8546536225
-1.16177996464
0.984294456369
2.15160976376
2.36057538989
2.05658717689
1.89029479824
2.39897515026
3.73248002255
5.55232280324
7.15692769277
7.7831829731
6.9516300627
4.69923341784
1.59203665677
-1.49111423223
-3.70863038934
-4.58428953288
-4.16901618834
-2.9700266259
-1.68898508955
-0.897537714267
-0.803109013507
-1.20910916473
-1.67604086049
-1.79144963435
-1.40561087555
-0.711245894132
-0.128441413846
-0.0585261477591
-0.640809189296
-1.64732248848
-2.58086314325
-2.93474807276
-2.48281681296
-1.44266742291
-0.410321165892
-0.0765693525963
-0.850299606179
-2.574046072
-4.48832302827
-5.49266837539
-4.61115703536
-1.46454049724
3.46748543971
8.92910857279
13.3041861972
15.2052227414
13.9953248765
10.027177325
4.50192924248
-0.3434051267437326
-3.753834948234328
-4.988337624881268
-4.142989328314783
-1.9928828411473631
0.404208342193769
2.154964505730547
2.839765267163557
2.576198239333536
1.848419020599394
1.2143800667833204
1.04062830272
0.689143889795
0.636073892584
0.569170466527
0.259766504403
-0.331950113172
-1.06653195949
-1.72268386339
-2.11488342611
-2.16573608514
-1.90550879526
-1.41898761435
-0.788250436523
-0.0738142150264
0.657596092692
1.28915944755
1.6417383353
1.52432448669
0.836032221703
-0.333447706189
-1.67235294605
-2.7254672548
-3.06754823918
-2.49909998714
-1.16715290795
0.460955535027
1.77573125145
2.28386275023
1.82863296169
0.664784425607
-0.654196185414
-1.52843050094
-1.5861185794
-0.849454093476
0.287235295308
1.25497775172
1.58540680225
1.12905282681
0.112556620838
-0.987179379418
-1.68250813086
-1.70495821497
-1.11277775965
-0.231163805087
0.531507225118
0.886565063517
0.77934178111
0.362968824122
-0.137938254919
-0.581047049466
-0.977929565397
-1.43665059083
-2.01110725986
-2.55766734212
-2.70690821341
-1.99947924595
-0.139297382582
2.76318031607
6.10209245351
8.92376139333
10.2769707946
9.62069556902
7.09697371212
3.52434747597
0.0925355210072
-2.11712108792
-2.57038561533
-1.47435385924
0.364341345339
1.94833110913
2.5661934714
2.1042438046
1.04260541395
0.143413169247
-0.00428292671079
0.65687039971
1.58397213307
1.90218424343
0.881971226898
-1.61702347159
-4.97173609608
-8.0005859602
-9.47007617257
-8.67073151233
-5.78536704823
-1.8631515727
1.60317675165
3.31063579555
2.70135040802
0.185983163977
-2.5046560163015243
-4.533583486215079
-4.894649191854143
-3.382950543159666
-0.6264251481354108
2.25593560356522
4.190046623469186
4.617291294771434
3.686911808072068
2.103170271217877
0.7296356688614907
0.16247534013453446
0.48380028756429283
1.3012301934320192
2.0285492718506504
2.2427705285972763
1.92380634949
0.506049812117
-0.504952953397
-0.706657336836
-0.0971298703921
0.894362726302
1.61126876736
1.50380285514
0.421108575589
-1.28921998849
-2.9274263184
-3.76385390731
-3.38119128891
-1.87330469769
0.190166301427
2.0102694995
2.89505954267
2.52941226555
1.06317021088
-1.00474054459
-1.4032334988287403
-1.3485037788103256
-0.678442055972
-0.744617835964
-0.572470938634
-0.39846130032
-0.323416982052
-0.304460553373
-0.234166773658
-0.0446672787606
0.231594189616
0.479146467902
0.578555863701
0.49314395123
0.305687297706
0.178876618585
0.260362045196
0.588043310697
1.05356494977
1.45023480997
1.58365166247
1.38621272846
0.971423776533
0.594027238122
0.531475559597
0.944678858042
1.78853957781
2.81881407302
3.69391632026
4.1233388372
3.99230315544
3.4054863411
2.63323080741
1.9900856113
1.70464674477
1.83850713865
2.28390841014
2.8308551496
3.26504890865
3.45094072839
3.36936197124
3.10510676123
2.80142327011
2.60578956149
2.6248135375
2.8941166934
3.36172407249
3.88528070716
4.25030160611
4.21924560651
3.61202844395
2.39871095166
0.765317193955
-0.890966348953
-2.06100100234
-2.3001595697
-1.42073276599
0.384297158407
2.55563148284
4.33674970557
5.04445661453
4.33396008291
2.3430639325
-0.354204530907
-2.97186505378
-4.82010360266
-5.56256270369
-5.31005798709
-4.51412400219
-3.71837396017
-3.29244107944
-3.27868369397
-3.42247487781
-3.36210562341
-2.87201721092
-2.02556084107
-1.18559698031
-0.822132622303
-1.24935888404
-2.42132104994
-3.90049381927
-5.02793554227
-5.2202991323
-4.25073325171
-2.3735253302
-0.226304045082
1.44759344562
2.12496317471
1.7210131369
0.597541428359
-0.637575923369
-1.43587427569
-1.56577996854
-1.19707868769
-0.777464814251
-0.771932303596
-1.40314179689
-2.52641898166
-3.70042303977
-4.41237275194
-4.33815205489
-3.5026385543
-2.2605809706
-1.11324402822
-0.46056605168
-0.418788882604
-0.794732448952
-1.221989723
-1.37779375739
-1.15837429407
-0.716694267526
-0.344887402683
-0.271707005141
-0.494769560175
-0.750720341279
-0.651475611248
0.0791074245602
1.39586333419
2.87343187429
3.8493896188
3.71720848994
2.23397852688
-0.310370405753
-3.15720481387
-5.36312238958
-6.1839897593
-5.38760034102
-3.35203518919
-0.902838566999
1.03970529856
1.8470552162
1.43380709726
0.26869190636
-0.851737311494
-1.16110730729
-0.256027452382
1.73376500556
4.1989184554
6.2929680463
7.25678693719
6.69643032495
4.71721305557
1.8804886169
-0.985068455954
-3.04378103054
-3.70163923051
-2.77721277525
-0.557992495132
2.26578455859
4.77426246846
6.06257438493
5.50272698336
2.95389891974
-1.1490332654
-5.87670827434
-10.0560653299
-12.6281982851
-12.9985782466
-11.2498004159
-8.1241200135
-4.76507817264
-2.30411092533
-1.44743418695
-2.22677429009
-4.01601380106
-5.80765258161
-6.63426446378
-5.95935907607
-3.87723386823
-1.04616975095
1.60466897372
3.25956882537
3.52534092744
2.54220425583
0.868712348568
-0.786663627309
-1.85550077517
-2.09535961154
-1.60917003138
-0.720191219744
0.212090911865
0.936723455609
1.35649950936
1.47750418454
1.32000687125
0.861768461444
0.0549917728069
-1.09560547776
-2.45096913557
-3.71849613574
-4.52881830137
-4.58519400681
-3.81385204008
-2.43243639624
-0.888396375767
0.316546854537
0.839056178729
0.642739033727
0.00782791201323
-0.607126123553
-0.788022198119
-0.365927212559
0.501945637957
1.41169397856
1.91585668822
1.75335620147
0.995755444089
0.0383459576128
-0.563020683041
-0.337356459971
0.882640824834
2.86422938875
5.04186180367
6.71922035982
7.32346038847
6.61288828586
4.76369755099
2.31179780068
-0.021025715579
-1.55181062015
-1.83870551271
-0.803344672869
1.25491492706
3.74997240007
5.97687358483
7.31150865602
7.38930864266
6.21263395406
4.15140776137
1.82935168449
-0.0757075316124
-1.05579200083
-0.943619413281
0.0343620130303
1.3465963616
2.35549731283
2.54986523664
1.71877594641
0.000532994606445
-0.7498519834469874
-1.4971188824024608
-1.8391040080337433
-1.56328983475
-2.15784131764
-2.18823587648
-1.74783193841
-0.906461981957
0.249586406552
1.53612283301
2.62253881839
3.08254847566
2.55495550399
0.950460136422
-1.40960543899
-3.82686318299
-5.46118234806
-5.68948314727
-4.42564133676
-2.22952340757
-0.115383989337
0.887159231597
0.230784593676
-1.83717608964
-4.32710003192
-5.93862349423
-5.69439220884
-3.47672924006
-0.184682034705
2.60972461928
3.38869067553
1.47885347246
-2.47919597137
-6.64604798424
-8.6886562123
-6.79928929398
-0.581856496468
8.61069873932
18.0770826498
24.7691875071
26.4810017077
22.7160628793
14.8590762471
5.5831238836
-2.23893901158
-6.63762518761
-7.19257443928
-4.97292864711
-1.85409096851
0.428956564743
1.03424242474
0.237428834209
-0.928324881365
-1.38378802416
-0.672158577608
0.765977694233
1.8426149425
1.44957573204
-0.880209916584
-4.63477595079
-8.49453822108
-10.9327952917
-10.941908438
-8.51617900789
-4.64705799147
-0.835913722671
1.6248464659
2.23620742986
1.45011670274
0.331663691546
-0.0846641923864
0.603356882832
1.93088849631
2.8293199516
2.25452341989
-0.151424306829
-3.72508445162
-6.97436272063
-8.23296270398
-6.46951982406
-1.85315036954
4.21558780385
9.64459073671
12.5204827633
11.9071586607
8.20405815828
2.90756652639
-2.09581528435
-5.35770607083
-6.42522305995
-5.88143574592
-4.88455332209
-4.46694401885
-4.96317630841
-5.85676656065
-6.11247970524
-4.80972665374
-1.73957209221
2.35182900226
6.00999919791
7.69789731305
6.4991058425
2.55781490814
0.22730178724864913
-1.9711778928298855
-2.51057444774
-3.84948168937
-3.03274752609
-1.07986526897
0.770054370023
1.64087868074
1.36100022619
0.424886571765
-0.369026007514
-0.393547561964
0.468885891344
1.78670091728
2.83718980618
3.00861124041
2.12843554981
0.550417390391
-1.03340941664
-1.94635486824
-1.85752646139
-0.922268627127
0.327806393425
1.2740265967
1.52050722846
1.06553297519
0.25725302755
-0.426452062166
-0.644930789482
-0.363623415193
0.158331446418
0.542275944346
0.519854990985
0.0874084372774
-0.498538163891
-0.876685314155
-0.795285485104
-0.262561232496
0.451760744324
0.964485120818
0.993591705357
0.519456053303
-0.197979179591
-0.757373759214
-0.835120349216
-0.365830380689
0.415548569597
1.09535693492
1.30319460222
0.915510981937
0.130159811125
-0.631150798594
-0.944153561375
-0.611881190192
0.218745429389
1.11800904452
1.58480719809
1.30261225562
0.30985090776
-1.00317189698
-2.07165615
-2.42166807336
-1.89394962306
-0.71848450729
0.5932910316
1.48299120948
1.59240612973
0.908628855194
-0.252637002088
-1.40543296335
-2.10927713219
-2.14008276849
-1.54722426422
-0.590350895799
0.393183853789
1.11632092638
1.41063116931
1.22479362041
0.584908993883
0.43539554910151423
0.022134394095303378
-0.46504854982715926
-0.7605396399889344
-0.576337929696848
0.28288049928418957
1.7889592438665716
3.621270437770306
5.225833216601671
6.012522103217606
5.62392186448
3.09425052465
0.0747794171251
-2.52509956663
-3.83491844208
-3.40979993099
-1.46673429032
1.1579278664
3.33670751533
4.13486482947
3.23381217906
1.08984141162
-1.26426225204
-2.70235210673
-2.55882383103
-0.990865515166
1.03934772835
2.18221599165
1.34894480801
-1.69946538148
-6.1048670502
-10.1497699515
-11.9115010603
-10.0721869778
-4.54066187038
3.39151688061
11.4475918712
17.1714248663
18.8221492051
15.9987834734
9.74833031535
2.12571082383
-4.60211897458
-8.77783563567
-9.87565311589
-8.53754573659
-6.14783297995
-4.15825319236
-3.46343153928
-4.08281964779
-5.25664562828
-5.88026854753
-5.06387262668
-2.56771363352
1.0650884338
4.71525325042
7.12608920449
7.38016880405
5.22188848935
1.11468973053
-0.8760487039634484
-2.6940010917604553
-3.3951801175
-5.28714217126
-5.52169908449
-4.44606116432
-2.59177861457
-0.48891358774
1.4533570256
2.98451359264
3.99243717055
4.46403092138
4.4560979653
4.08321306139
3.50994638186
2.93007707971
2.5261654924
2.42014293565
2.63711487006
3.10227492708
3.67548426678
4.20856286741
4.59817279075
4.80965392911
4.86315159001
4.7939238895
4.61225297195
4.287285676
3.76408595323
3.00283928689
2.0152555419
0.873977818077
-0.313828110988
-1.45599885869
-2.51988167062
-3.54366353918
-4.60273779209
-5.74399846078
-6.92081919344
-7.96540821668
-8.62013921251
-8.62213716185
-7.80916591276
-6.20272093846
-4.0321861408
-1.68801133643
0.379563447287
1.77987105689
2.27980144093
1.85375080721
0.679210108765
-0.911160162684
-2.50296003954
-3.6834594243
-4.12524991929
-3.6621903507
-2.3447900342
-0.454986121842
1.5401527558
3.1025553476
3.78471778041
3.38868574781
2.05730394975
0.245891718633
-1.43438057607
-2.4523064881
-2.57676751294
-1.97862417522
-1.1533196159
-0.681203490042
-0.923754669776
-1.79799342992
-2.75128434945
-2.97593196961
-1.79046072751
0.976074452333
4.78231289865
8.47618178526
10.6916431494
10.3944716952
7.34864384269
2.29128474542
-3.28142816385
-7.64924327406
-9.51188461376
-8.47551780972
-5.17712010057
-0.996344809031
2.51762220979
4.2553908093
3.93447732835
2.11172611435
-0.159753906676
-1.85248092117
-2.41778864858
-1.96901535221
-1.13138913046
-0.656702798915
-1.00785414542
-2.12134914952
-3.45715717531
-4.29672910273
-4.12654429962
-2.90688572287
-1.09013810413
0.615295264022
1.60848743767
1.69640489598
1.17586207579
0.656150783869
0.716080545846
1.57489081023
2.94985925369
4.17823474635
4.54611995662
3.6607291872
1.6786316513
-0.72721266522
-2.65033786739
-3.35004641432
-2.57802189105
-0.680657056608
1.5646168829
3.2941428534
3.9182371286
3.33331711146
1.90283122679
0.238654456745
-0.7090319805638075
-1.0349710407671893
-0.7837143073228674
-0.22857578527701605
0.3214990454250284
0.6867058178173266
0.8691020626341981
0.9831097468094612
1.1257599699546148
1.2789244978127385
1.3092063117952932
1.0656264744769715
0.5105993546464589
-0.2052797450819952
-0.783861222113643
-0.9259412652684489
-0.5065207107742395
0.32433192663883403
1.1848489160888533
1.6419624310189675
1.4422677824822472
0.670541950014
-0.769899479168
-1.80413493369
-1.99779094875
-1.27334788141
0.0304853582225
1.30805668803
1.97687302622
1.76462452009
0.84584692049
-0.245601088051
-0.888052996774
-0.691417486965
0.298992326807
1.6206268424
2.62724013115
2.81999065942
2.10679105665
0.85613264711
-0.283568786506
-0.707918874132
-0.159324090594
1.14432797211
2.61793870689
3.59579453655
3.6483005029
2.76917192972
1.34479518224
-0.0670926946689
-1.02438530429
-1.39941450224
-1.38994265497
-1.34908627243
-1.54078311414
-1.96605743519
-2.36187621574
-2.37327090459
-1.79722308582
-0.751390061827
0.340920146164
0.955426206671
0.756177697888
-0.192067075158
-1.41753349335
-2.26272962103
-2.22834251384
-1.25867686286
0.193018537411
1.37142567076
1.60547016054
0.678021878533
-1.02062400951
-2.65169160321
-3.33500398713
-2.6050524397
-0.680540081425
1.60222086429
3.17341724388
3.24705885697
1.71115396617
-0.812877602863
-3.28034796261
-4.75109059075
-4.86500306594
-4.01429671353
-3.11212918802
-3.06618738461
-4.22638841586
-6.10299663204
-7.52582879945
-7.19539168584
-4.37149989639
0.640939632092
6.46798096493
11.1499914708
12.9338438363
11.0203081437
5.92397220295
0.18885899796774197
-5.013110302145023
-7.9834249359977605
-8.044831134370142
-5.708158458577685
-2.32476370607381
0.5852068050701575
2.003165716830395
1.7797777215815103
0.5629930758222059
-0.6328918432628541
-0.9735123985313408
-0.18982665344265115
1.3686324786
2.12295107751
2.32400181298
1.75032946491
0.672038466128
-0.342342300838
-0.771026389472
-0.437450049555
0.399862550056
1.20606736166
1.4795180354
1.03498662343
0.103576133487
-0.802608642277
-1.18228074695
-0.829779057168
0.0445189372328
0.923727562589
1.26325447637
0.786528887698
-0.362716674704
-1.69317982685
-2.62333294574
-2.78411982022
-2.20492439527
-1.28523915585
-0.570494870789
-0.455078647572
-0.972697771496
-1.78497263359
-2.37116117025
-2.31405492427
-1.52723605653
-0.302889787994
0.84241627957
1.43803355105
1.29937652463
0.611228550308
-0.185150193648
-0.633950220228
-0.501070823869
0.12253983798
0.900754140177
1.46270609724
1.6195675504
1.4625919717
1.28720434123
1.38897996871
1.85268987129
2.46234130445
2.79348650455
2.44528725302
1.28664070714
-0.424463382488
-2.12563028905
-3.20662074589
-3.30933786958
-2.51312597047
-1.30256868463
-0.327704792921
-0.0772694645573
-0.634428167193
-1.6437806314
-2.50815237645
-2.71168361442
-2.09719845006
-0.948481891889
0.168662983497
0.722852103585
0.520089598841
-0.17463085088
-0.771324304417
-0.682597697126
0.324394578877
1.94135210951
3.40818436016
3.84928813086
2.69897472869
0.00711937303291
-2.6956717157642487
-5.168778654535231
-6.401879640133373
-5.864288955384012
-3.7025415847654983
-0.6401978416395622
2.3581058614704205
4.490610620218675
5.404039435161906
5.247163399376063
4.5003822837943375
3.6955294812475046
3.1781849781732348
3.02118365164516
3.10301970828
2.28875716612
1.52441060079
0.910267276252
0.59974724042
0.667702303061
1.03005183745
1.47569680511
1.79615625785
1.93034637476
2.02458755844
2.35453547467
3.14077840328
4.36291874997
5.69182339595
6.6021641527
6.62555453963
5.61523235627
3.87030784737
2.03074891052
0.775041142129
0.46707155309
0.94185510513
1.56101212198
1.53270484198
0.346082085449
-1.90426668924
-4.4872271717
-6.33841100252
-6.56499985813
-4.90530498084
-1.90547635472
1.29018412805
3.44508325221
3.78803388633
2.34626636595
-0.112338050102
-2.49495887973
-3.93988712325
-4.22268827932
-3.80263778383
-3.49304194309
-3.9437727348
-5.22952454609
-6.78274919588
-7.72081868696
-7.39242372659
-5.83188135704
-3.8425570663
-2.62374640021
-3.11166787083
-5.38618526569
-8.49397532885
-10.8415642794
-11.0095495828
-8.58809404225
-4.57429594136
-1.05414144264
-0.24115961765
-3.29219456863
-9.48634923269
-16.2345349399
-20.0201738749
-17.920848748
-9.04399037398
4.80747001381
19.6132292027
30.6238082629
34.2526756984
29.5540424669
18.6256251723
5.74030561394
-4.42651402394
-8.70448832865
-6.6455908193
-0.542296041885
5.72078011333
8.43393055261
5.64631761553
4.950726358358978
1.8641778137446892
-0.249234263582
-5.68604345075
-6.67649656924
-4.29923840723
-0.809405385407
1.5682664533
1.69239774072
-0.0873951509149
-2.30913337083
-3.30876231086
-2.16248255397
0.821147574967
4.28513674866
6.5545654181
6.51278089335
4.16681211891
0.623675997809
-2.48923406356
-3.84480548918
-3.05258768121
-0.795528295574
1.58223241766
2.80454901625
2.32444754073
0.580662813272
-1.26895134933
-1.98437012365
-0.913133530706
1.65211763656
4.60541537331
6.5732513134
6.59247766447
4.58013826449
1.3689864001
-1.69514553826
-3.38281043324
-3.12514993697
-1.2191087825
1.37990850729
3.54626828111
4.49538892626
4.07144190609
2.69856291585
1.06240635278
-0.28080517204
-1.15370022366
-1.74910311804
-2.39928172699
-3.2812715505
-4.24347113578
-4.8599988868
-4.6822491604
-3.53956796441
-1.70838544545
0.160797554844
1.33528172318
1.36351442093
0.316525612078
-1.22765086279
-2.45906010888
-2.73591785989
-1.90660136054
-0.387141159443
1.04845492769
1.66085878987
1.12286204882
-0.309305348394
-1.91710236187
-2.87172022037
-2.64007947457
-1.24304046239
0.758862221627
2.53880127822
3.39475830597
3.06326090079
1.80633110797
0.241123122736
-0.47678835454902924
-0.5026186859587938
0.09130925678022095
0.8938730932025152
1.4154378195408697
1.3707283824316505
0.8316144783846227
0.17224095296994335
-0.15730015454973056
0.09922721214508101
0.8409773531401612
1.6453840357166456
1.9875099790795474
1.529947404876168
0.330322841625
-1.57353766252
-3.07933254022
-3.61520638634
-2.98982035035
-1.49622903303
0.210193687306
1.40271179169
1.60505682836
0.793000791339
-0.615820546738
-1.97348740913
-2.71035072299
-2.59426339252
-1.82232308385
-0.908952611007
-0.429307315493
-0.740682453143
-1.80934850016
-3.21743357149
-4.34152993748
-4.62048261966
-3.79601666897
-2.02753711608
0.1606313091
2.07250619426
3.09533019028
2.92029316037
1.65288030543
-0.219704695354
-1.98738876048
-2.94737965177
-2.63249237696
-0.968123545921
1.68997088422
4.65129619344
7.09553379336
8.32825581227
8.00821560019
6.26882532648
3.68485002592
1.08535669159
-0.729635226631
-1.27004936243
-0.528560208615
1.02523577437
2.63277814389
3.5466929538
3.32467327389
1.99794363383
0.0453888452751
-1.81426808367
-2.92246133349
-2.94430972075
-1.98474486694
-0.51305858998
0.862742136674
1.66510144148
1.73761817587
1.27618106741
0.696348614039
0.408950319955
0.615528130257
1.22067158805
1.89806948989
2.27135645206
2.11636193852
1.48371624954
0.682207464739
0.132370513011
0.1624193222
0.844908473328
1.95103246599
3.04217296972
3.65381573612
3.48614725039
2.51668782497
0.99059081097
-0.69740044258
-2.16742672968
-3.18788400781
-3.72195557949
-3.87778733649
-3.79969662885
-3.56301206931
-3.12817493861
-2.37616274443
-1.20489396577
0.364312681829
2.12629980688
3.7125669239
4.69125817384
4.71056452538
3.63112647983
1.59718123285
-0.980833668196
-3.52826114847
-5.46129287326
-6.34838058862
-6.03117077486
-4.67101844535
-2.70793462689
-0.741988443214
0.632212688325
0.993542325576
0.217106030146
0.35869665656341
0.0586010560159167
-0.0692596464765
-1.44391195774
-1.7747472788
-1.07336143276
0.331283925356
1.91232577327
3.12816541628
3.6028507566
3.23858038978
2.22211709991
0.928653662061
-0.233862573052
-0.976043083697
-1.2159734439
-1.07688256979
-0.803888840357
-0.642253247346
-0.731524491478
-1.05817649978
-1.48069756019
-1.80915464151
-1.89979674414
-1.7222781667
-1.37199282479
-1.0249079289
-0.856182723584
-0.957579897699
-1.28814097533
-1.67939820595
-1.89610581314
-1.73302442804
-1.11381646212
-0.153827921907
0.843628544238
1.46861532857
1.34789188397
0.307705865286
-1.50351542181
-3.5900011464
-5.21267786193
-5.60926301977
-4.26771933055
-1.15645914623
3.18542693878
7.75414273406
11.3688018369
13.0510627744
12.3600325463
9.55077535527
5.4858690364
1.32543764884
-1.88717780632
-3.58023084209
-3.8068189364
-3.13881121547
-2.35534692898
-2.06929868868
-2.46092493019
-3.2365860143
-3.82408908058
-3.70386138059
-2.70997879283
-1.14926487722
0.324947233267
1.02650587724
0.583994152702
0.46157823868360026
-0.03537451407351
-0.10548104670738212
0.8315078844042318
2.816894331461569
5.282446027594773
7.277897754520183
7.905261679816718
6.764425870989541
4.199598780358528
1.22053101419
-2.18374564267
-3.66413381053
-2.85930352681
-0.250637054086
3.03285404984
5.67589950933
6.70180313809
5.83458173024
3.55102524439
0.817666552481
-1.35341780114
-2.32402643597
-2.04357646429
-0.982159326296
0.158746922188
0.802478098438
0.747438949101
0.204022801869
-0.377409418975
-0.581804874664
-0.259947284284
0.400166612131
0.987293006037
1.0966858119
0.550991580557
-0.50139021391
-1.65631154272
-2.45055805758
-2.58160071004
-2.0404811638
-1.0974264739
-0.157005577718
0.43630552543
0.542363251393
0.252890584854
-0.199038238586
-0.587673002921
-0.816117505551
-0.947170056552
-1.13458136774
-1.50211484494
-2.04488071798
-2.61156562926
-2.97767374048
-2.96679348144
-2.54923604097
-1.86052204562
-1.1284316544
-0.550322487967
-0.191851377569
0.0331729997313
0.288689813314
0.690888080252
1.20745995182
1.64800729555
1.76237195003
1.40009523714
0.642072092145
-0.179627589672
-0.60464132166
-0.264671681905
0.903301045875
2.56475852011
4.08003788173
4.75724720511
4.1586590009
2.31826111724
-0.238716422222
-2.69471808146
-4.27456997699
-4.56606381911
-3.67920161241
-2.17024274222
-0.766771469827
-0.0242161337771
-0.0768907710177
-0.60133276768
-1.0077449076
-0.765516213864
0.296164380985
1.86050826152
3.23430928313
3.65099126138
2.62736245016
0.209730872131
-2.1216480770000743
-4.3185795655845
-5.475718363270175
-5.064341556097602
-3.1273736330286113
-0.2453167583011009
2.7011460451916776
4.864634277651788
5.723803897669654
5.228691668383647
3.7626215376668313
1.9605373786971825
0.47191369220561796
-0.238928085075
-1.01133840402
-0.934286247606
-0.31007140755
0.478899165104
1.08018081192
1.25297199568
0.915794318166
0.159957603063
-0.773882902003
-1.55993740869
-1.88787511586
-1.57770727939
-0.669148551242
0.558412328458
1.66072035844
2.18576131043
1.85928975448
0.72145672314
-0.852607236268
-2.27139525028
-2.94752319938
-2.53373000014
-1.07488429959
0.99185660637
2.99282780773
4.26649916549
4.40246492384
3.37485158068
1.52314095282
-0.599138495523
-2.43342844413
-3.59224921052
-3.93817986662
-3.55420457643
-2.644801545
-1.43115878744
-0.0918900352095
1.23677383469
2.42658315566
3.33217871276
3.80678425488
3.7568762935
3.2013145856
2.28980117882
1.25533075775
0.315151525923
-0.428962611905
-1.03107697034
-1.64898420111
-2.41784341296
-3.315899415
-4.1046080573
-4.39582033308
-3.8342783858
-2.31623744635
-0.131391848007
2.0622337625
3.44772800205
3.3696085092
1.62801905069
-0.6171501229239595
-3.2791715324849946
-5.334469754527021
-5.989566830081529
-4.9834714336683845
-2.669765759541164
0.15425189161371122
2.5910367315318865
4.003786328262436
4.238123393855005
3.618235883443475
2.7385675385625774
2.1637798054265147
2.182535451417408
2.7220301702298713
3.443253929360637
3.94773715034259
3.9797775241064244
3.524481383829084
2.768234382714553
1.9657716412419717
1.304165968575461
0.8451896555351226
0.5714208930137374
0.49238328362856976
0.726154956491
0.747028481821
1.47292302312
2.88192309293
4.63543010206
6.11274952964
6.61452077888
5.6630285617
3.26283831246
-0.0141279036315
-3.18369344427
-5.1990576292
-5.3536393077
-3.56336065053
-0.40372463364
3.1142889997
5.92924247826
7.30700558845
7.05519942583
5.50197326441
3.27853066871
1.02868931851
-0.814654615651
-2.10009861668
-2.88004099629
-3.266160654
-3.32174532008
-3.05401852959
-2.49397663428
-1.78774135795
-1.21157927348
-1.07119046555
-1.52658128749
-2.44729974493
-3.40639651217
-3.85529564907
-3.41718302489
-2.15144931908
-0.629490596107
0.259581632298
-0.282206545354
-2.52098185047
-5.94734020837
-9.38846222039
-11.4716476107
-11.253694386
-8.72333473333
-4.91328271104
-1.52273931602
-0.18040690571
-1.66411336326
-5.44149174088
-9.77362218073
-12.3781664453
-11.3902549283
-6.20948345906
2.14560775994
11.3476729198
18.6184368385
21.7771227586
20.0404165166
14.248301327
6.44506843542
-0.16812488769380707
-4.568388378054735
-6.067768004355386
-5.167709815667919
-3.112584758447724
-1.2083496628297041
-0.2416785571783464
-0.25027016196008844
-0.7001820208444514
-0.9227980925505221
-0.551785075598346
0.2724466813974402
1.0203559954883445
1.124024939229301
0.35153909090688273
-1.0081179743
-2.85728765989
-3.82115658715
-3.45635086347
-1.88584679412
0.244632475942
2.06998482393
2.91246353925
2.58541948904
1.44513154441
0.174296826377
-0.582011357008
-0.53605902892
0.129013632126
0.90092955535
1.24951255617
0.935269367084
0.148979185802
-0.591146959734
-0.728387213432
0.012247241052
1.44358341223
2.97391220813
3.87767601914
3.64475695139
2.23398449706
0.1052249113
-1.98457460823
-3.31998765354
-3.53607269481
-2.75327817763
-1.48358057235
-0.365437575164
0.136432923333
-0.0773023211673
-0.738645341933
-1.38348784107
-1.59740407945
-1.210415697
-0.352296547857
0.642505432614
1.41577246578
1.75218663288
1.65057737056
1.27704532227
0.841360089676
0.473746379163
0.17033752544
-0.169068979937
-0.640763500712
-1.23703317948
-1.80523897531
-2.09000542298
-1.83742182665
-0.909893518583
0.640908697327
2.57066274944
4.5020307157
6.01678336169
6.74678686394
6.44453332456
5.03173245688
2.63170359771
-0.416620852874
-3.58000969955
-6.21040742121
-7.69065189376
-7.62066818157
-5.98213322118
-3.20460001679
-0.0787901866354
2.47925434677
3.73977754585
3.4264886628
1.82310059451
-0.33726813788
-2.16413991566
-2.96495422922
-2.51313254324
-1.11475670481
0.550432171288
1.73638987625
1.94443960377
1.10439901027
0.5464249590317536
-0.1758013579780311
-0.5664943978216854
-0.37980336247218816
0.33097524016174873
1.3148682092620163
2.299114794219463
3.1328374972471806
3.82271341954106
4.456653565334449
5.081426998168155
5.627130571003136
5.939384819393908
5.9077492029
3.9389195853
2.02294837353
0.625558941804
0.135754466759
0.625574518931
1.73236845366
2.75586089805
2.9542151117
1.90921635297
-0.225870674182
-2.74319480681
-4.68549733982
-5.31240973502
-4.50131226634
-2.86610991282
-1.50182049218
-1.44761399275
-3.11555877727
-5.97478301554
-8.68014555838
-9.63030668591
-7.72662129862
-2.9865312632
3.29306509714
8.93665417605
11.7142650037
10.2467084409
4.59891719548
2.8112692106644204
0.778683479554
-4.98113801384
-7.16022987007
-5.69061133555
-1.77681288524
2.71460919597
6.06571116641
7.3557404177
6.68695115864
4.93935225352
3.2237406835
2.3229719137
2.38489422044
2.98044306161
3.44910041648
3.31829076812
2.56659812535
1.6028780384
0.994412908199
1.11068646867
1.8873296632
2.84199999686
3.33314546172
2.9202159058
1.62933816333
-0.0214718875324
-1.25716728677
-1.42472941826
-0.326053134004
1.66226366097
3.74182888731
5.0428429916
5.00287303626
3.59731452817
1.32357120603
-1.0371877727
-2.75452393986
-3.41978139712
-3.04085348557
-1.94527506789
-0.570898040678
0.732744451471
1.79424022042
2.57741448953
3.06123617758
3.13837660581
2.60973457667
1.28835190661
-0.844884879043
-3.52867754976
-6.2294734588
-8.2858455764
-9.13218426185
-8.5015715362
-6.51657504361
-3.63192407521
-0.464206806144
2.40696706751
4.57893432057
5.86139432819
6.22217997889
5.70303345203
4.37002354035
2.32842811522
-0.219624783912
-2.93238003611
-5.3558565473
-7.03653701337
-7.67958827215
-7.27614644104
-6.12806075236
-4.74499962099
-3.65297439191
-3.20006195359
-3.44793530092
-4.19410313649
-5.10277698768
-5.86861705103
-6.3267628119
-6.46010181988
-6.31868403559
-5.91905522328
-5.20137718949
-4.08235825319
-2.5748334123
-0.890847937113
0.560168293181
1.31408376876
1.08644155965
-0.0208204050465
-1.47040019517
-2.46442880625
-2.29580216214
-0.723088587894
1.82266431856
4.33267610274
5.61391382082
4.82656848597
1.9202080519
-2.2533765102
-6.23645823984
-8.56606771458
-8.41966436629
-6.00623153429
-2.5048018725
0.445232950093
1.4867597237
0.186456527724
-2.72518748827
-5.64010713642
-6.77103027619
-4.95628348073
-0.211348081759
6.22222940793
12.355535111
16.2484973623
16.7757913049
14.0358050652
9.24295794469
4.175983907
0.444282244346
-1.10342892807
-0.591047294902
1.10169325119
2.83858825789
3.75103067733
3.54695595391
2.49403046856
1.13593120652
0.6732138943358592
0.4707843601243695
0.29658722216458955
-0.21289095272567238
-1.2574974500883798
-2.6753526452136924
-3.961229311979764
-4.4989381873329535
-3.8864901831662593
-2.1794915832302593
0.08258220235828162
2.092189900247078
3.13246994210769
2.9056098187469104
1.6705171178589069
0.122354315524
-1.76684173176
-2.59790741578
-2.30053787046
-1.2973016749
-0.276442119791
0.150725457609
-0.257365510038
-1.26523085619
-2.28238722444
-2.6504893425
-1.95833996927
-0.241486066261
2.01771466519
4.08099650565
5.24582025127
5.11216399234
3.72055802266
1.51990905765
-0.805349758703
-2.57092681816
-3.30355826759
-2.86424168458
-1.46188973635
0.427935572696
2.20451991094
3.30549723416
3.35868058446
2.29272631956
0.379128100616
-1.81645148076
-3.57870035073
-4.25820473909
-3.49875260352
-1.39549940631
1.48880799205
4.27898484788
6.07689968947
6.28588925838
4.84293511453
2.25672658954
-0.576837631514
-2.71726363348
-3.54425648582
-2.99295137754
-1.55837122639
-0.0651798605766
0.69935413097
0.330720726843
-1.01868848106
-2.71096982362
-3.90590404384
-3.93001506215
-2.57038549182
-0.168845713375
2.51737531997
4.62036467285
5.49584681411
4.94693814318
3.25451266807
1.02089701728
-1.08732683024
-2.57818444327
-3.25926469184
-3.21775835449
-2.69562108691
-1.94257667822
-1.12573198682
-0.330408970933
0.371163681557
0.846406566598
0.887929164179
0.283964113289
-0.26021329210574606
-1.3955044318554286
-2.720435598011747
-3.6779396554696433
-3.756503239957766
-2.7097009691028973
-0.6932425472019048
1.7532602401914374
3.887411272617385
5.042557533324313
4.891210559769519
3.582425420094225
1.6928921390181841
0.00934923841497
-1.51631054711
-1.78342187342
-0.898181609027
0.641513350809
2.16127874174
3.07847633637
3.11336881707
2.3634896711
1.22278858013
0.191487396952
-0.337039106061
-0.224498183068
0.382318562969
1.14018336409
1.6693679924
1.71379125623
1.23750795928
0.425207030162
-0.405235499272
-0.937641593028
-0.985863204212
-0.569069526727
0.0900287148443
0.640550245882
0.725767907316
0.112639447519
-1.21253207018
-3.01402889818
-4.85635006317
-6.22503629636
-6.68709650764
-6.042147759
-4.41093625903
-2.22146580356
-0.0842048367436
1.4112991622
1.9103574042
1.43538738753
0.392006307363
-0.577649452742
-0.849149712762
-0.0817490603666
1.61482928453
3.69214820743
5.36293524273
5.91790009902
5.03171170002
2.92560027272
0.307618567598
-1.89616536788
-2.91419981319
-2.4499027133
-0.810406287023
1.21725066721
2.69472208516
2.92737546957
1.7560982186
-0.38016171857
-2.63706653196
-4.12664397242
-4.28860787318
-3.11030113662
-1.10510679562
0.930946552246
2.26669665676
2.52861013187
1.81310253382
0.582459507554
-0.23818924052831392
-0.5876330770669256
-0.3754113317432939
0.18475025577669157
0.7444547811861213
1.0400386224420686
1.0407864770863853
0.9490935217309016
1.0588500116425763
1.5561525734557193
2.378017052420077
3.2135627842266956
3.6546127429366067
3.4197450008181676
2.531729891504213
1.3473606784354786
0.41247289221594485
0.20607833602473136
0.8987365832595771
2.2487947694722266
3.694982750508643
4.606951167609793
4.57552843763068
3.6026508819481364
2.0989232297065854
0.6909582823660116
-0.0662968659082992
0.06795770280450597
0.9377490842364153
2.0997077747516215
3.059764375166381
3.5110965547832365
3.452381152953649
3.133322387870095
2.868585782117478
2.831457643918597
2.9473427456498626
2.9498595344346086
2.56952919005
1.15310963015
-0.444216129566
-1.71094404192
-2.11598245233
-1.38910055377
0.296495696022
2.34630690957
3.9780900797
4.56401538978
3.91686338864
2.37592937277
0.643369848532
-0.554587278716
-0.81732807197
-0.257160050214
0.570536967004
0.960988399532
0.430639000656
-1.02311656823
-2.9070255931
-4.47290716751
-5.09488813377
-4.59159273887
-3.32639888322
-2.02883367117
-1.4212687043
-1.83632493428
-3.01995712182
-4.22674152219
-4.57031201716
-3.46413522895
-0.939559708896
2.31613601727
5.22603736218
6.77344790343
6.42790771627
4.35333284346
1.30964485694
-0.5770566265012462
-1.6005205552890942
-1.4294506218805196
-0.28894332006402124
1.2320392569501024
2.513372293826791
3.2044430546438463
3.3512847792209186
3.3068778985261247
3.49387570415
3.37455444713
3.67809421738
4.10537764491
4.30491562088
4.08681489318
3.53732977274
2.97227114114
2.75850175116
3.10518029298
3.94153303421
4.94866401018
5.72709674512
6.00662601344
5.78167849997
5.29649277166
4.88774561747
4.77245952152
4.90210944938
4.97077574773
4.58239065837
3.49316131697
1.79802417988
-0.0486051471239
-1.4061790353
-1.74303228195
-0.91211499234
0.733163434392
2.45208085042
3.41885512449
3.08081959505
1.40796950429
-1.08379421794
-3.55000369353
-5.17900146283
-5.53500380993
-4.73020742819
-3.35287379291
-2.18947135879
-1.86974242492
-2.59327284039
-4.05381414102
-5.58571639767
-6.45914297858
-6.19096448277
-4.74009999967
-2.51408194001
-0.197908920914
1.51181767633
2.15426797953
1.63969972235
0.234457602493
-1.57906661573
-3.2975216164
-4.56602035656
-5.26331552932
-5.4850194261
-5.44797212058
-5.36451459367
-5.33948596355
-5.32768649404
-5.16348260999
-4.6469345203
-3.65063982784
-2.20391650674
-0.518197849438
1.06193982668
2.16952690875
2.54876297792
2.15867341082
1.20097001605
0.0540935722673
-0.865025469878
-1.25556432459
-1.03600383914
-0.347836297503
0.542870442491
1.39748595107
2.13071215306
2.838517971
3.70383419097
4.82255890107
6.04491191281
6.93477637376
6.90168133721
5.474046433
2.59842554292
-1.18764749485
-4.82575735159
-7.06533974839
-6.94298563119
-4.21624431633
0.449035962464
5.64918702254
9.73183739157
11.4188475933
10.3060928053
7.02287390091
2.97337063826
-0.237390889204
-1.4509774947
-0.400070017098
2.2373102478
5.18795864304
7.17292517398
7.46784629705
6.18530425542
4.1625850077
2.52088899302
2.11020245301
3.1000282832
4.90117493248
6.44573140692
6.68684812914
5.08385608086
1.85352374358
-2.11668378981
-5.64025892372
-7.71046830153
-7.87226022525
-6.3366532993
-3.81423752016
-1.17173371881
0.916472851837
2.16827990069
2.68020076127
2.74479705564
2.61987606742
2.37797360037
1.90656123962
1.0403487714
-0.264934762994
-1.82663393997
-3.26523329513
-4.16166240838
-4.2621836681
-3.6228974784
-2.61381494485
-1.77135707139
-1.56289318959
-2.17075784557
-3.39572775043
-4.72618772263
-5.54560822876
-5.3915425048
-4.15947214572
-2.17037585558
-0.0776186255976
1.34918117378
1.48308153904
0.0518266804752
-2.7644246972
-6.37538666936
-9.94430257592
-12.6206879737
-13.7739880128
-13.1627632049
-10.99274318
-7.84729079255
-4.50955029874
-1.72867281809
-0.00298180668676
0.548439138564
0.18116098237
-0.610254466809
-1.30688194247
-1.57375259013
-1.37694594831
-0.961649858737
-0.703600997923
-0.90353235318
-1.62144950001
-2.63017392043
-3.51186388953
-3.85260289257
-3.44174029137
-2.37896415755
-1.03611456369
0.108381949649
0.681916908672
0.573692795245
-0.0397254509179
-0.806664290953
-1.38772888554
-1.61856969331
-1.56372097979
-1.43733828236
-1.43979278099
-1.60599888639
-1.75611318379
-1.58344757714
-0.837169336212
0.499643777361
2.14049648006
3.58538249858
4.33653359916
4.13501806291
3.09435989807
1.65430159815
0.369052813208
-0.366561826403
-0.5105063417
-0.378555914456
-0.44739321845
-1.05005099954
-2.1231933785
-3.15141002431
-3.36214434818
-2.09840304281
0.802443492715
4.81478869938
8.83220638983
11.5556164469
12.0064328929
9.94097333136
5.97687933313
1.36602138123
-2.49473726006
-4.60611326982
-4.73020597516
-3.42489579631
-1.7461874106
-0.76163071693
-1.09509695557
-2.69860285248
-4.93545290992
-6.91516668675
-7.91169605576
-7.67043862282
-6.47392025351
-4.95590253908
-3.77037034589
-3.28150680439
-3.41922890101
-3.75726145983
-3.76202905274
-3.08281544718
-1.74102453173
-0.130907895302
1.16339563486
1.64398328996
1.13780627529
-0.1119073634
-1.54184414374
-2.50858640878
-2.56685650641
-1.66646006592
-0.185133834751
1.21605336849
1.85595091851
1.31027930614
-0.40639781999
-2.82448118751
-5.17625047624
-6.66835371141
-6.76950359746
-5.40707967544
-2.99915958989
-0.308555473575
1.82853145411
2.79873669153
2.4211126849
0.990344948699
-0.861788635366
-2.42946422328
-3.21173334401
-3.09148241075
-2.34103185639
-1.45685176969
-0.902621057381
-0.8822477282
-1.25105378908
-1.60789900166
-1.52275177155
-0.785263416166
0.454584479233
1.73265415564
2.48984058385
2.35996051468
1.38022789863
0.00953830151978
-1.06745776954
-1.2625496223
-0.373310643804
1.31238825803
3.16177249812
4.53077989519
5.12089564784
5.16974076375
5.35864481676
6.45958325474
8.88239921396
12.3498896989
15.8838838041
18.1446527871
17.9933243098
15.0267607077
9.82942365819
3.80583776234
-1.35180041837
-4.33332073197
-4.71934935387
-3.0997173249
-0.750667040839
0.975307045356
1.26023313321
0.148507716989
-1.55346002287
-2.74434071741
-2.62507729416
-1.13058133488
1.01459566106
2.6406348518
2.70479750472
0.8098191572
-0.6182755878117376
-2.42514229528
-5.31246598802
-6.44205889936
-5.72913977619
-3.85359829217
-1.89450536867
-0.799325762432
-0.949335233211
-2.02591580731
-3.22777518302
-3.71568370021
-3.05481060993
-1.43515419626
0.431456545176
1.67582259316
1.70855319708
0.512099757982
-1.35130150426
-3.01104524805
-3.69896867426
-3.09846189597
-1.46979581446
0.495580664662
2.00834041307
2.53621107773
2.01651772606
0.841404361764
-0.35710222264
-1.00629363873
-0.834797993658
0.0412504292837
1.20399758197
2.1298418928
2.39688185797
1.81991220065
0.478779408953
-1.34104520868
-3.24787738003
-4.83940004485
-5.77563013632
-5.83428103503
-4.95882320131
-3.29511046842
-1.19299027036
0.855223360506
2.3464629016
2.93654432944
2.58067022649
1.57238963325
0.443692888865
-0.247650305506
-0.156768250794
0.694019987613
1.92466943979
2.97493313424
3.37090872983
2.953244972
1.95396531306
0.881755766491
0.271571687665
0.424188652948
1.26748277264
2.40892275893
3.34941963008
3.74429716014
3.572885601
3.12791119535
2.8336390036
2.99521460979
3.61971017727
4.41013162942
4.93723730673
4.89275483627
4.27804651134
3.41416192548
2.75786503667
2.62093338678
2.95365784563
3.32900518958
3.15933517374
2.04603078818
0.0754698225661
-2.11578150206
-3.57531988427
-3.4814353441
-1.59097316017
1.54475491579
4.73141978538
6.6105108585
6.25837131598
3.62522216544
-0.403053657103
-4.36436638009
-6.84425514927
-7.07791167088
-5.25210232158
-2.37200931772
0.232984019793
1.51914780101
1.15969157971
-0.399443949065
-2.26309338184
-3.60309249758
-4.08968268597
-4.01431613359
-4.04925607301
-4.78512229835
-6.30741086534
-8.05400475347
-9.04708936269
-8.39182811404
-5.78589597652
-1.76732170565
2.44581347816
5.46440852825
6.34623284704
5.02111814483
2.31229431994
-0.459185770466
-2.09393939727
-2.05495132007
-0.668827775248
1.10091988566
2.18265083134
1.95352718791
0.543324584776
-1.26101931916
-2.44941300415
-2.32857706724
-0.885926152749
1.20808696524
2.95385730674
3.54234959905
2.76669000146
1.11188536452
-0.519818034268
-1.29842935087
-0.908870790132
0.288822328712
1.46702533819
1.79537640517
0.914377910494
-0.838507457102
-2.57856520901
-3.32981232129
-2.55286942502
-0.465251999255
2.02505741106
3.75547057309
3.90391150273
2.44295417126
0.213727057005
-1.4355539786
-1.2848983762
1.15096933921
5.34177007249
9.93147168349
13.3190246607
14.3619419817
12.8740499282
9.68512049729
6.23662820299
3.90527931153
3.37108364662
4.32201799251
5.62720557806
5.89269797581
4.1407596097
0.3031897559
-4.68983215133
-9.25866256538
-11.8021832607
-11.3330669103
-7.85909524115
-2.37022089817
3.53857497874
8.23581637654
10.582860383
10.2350576497
7.63703872053
3.76001500837
-0.284138990473
-3.59724201386
-5.70497137678
-6.58514009536
-6.54774656168
-6.04209920039
-5.47095164313
-5.0685909296
-4.86594480275
-4.73525494951
-4.48639876977
-3.97680280072
-3.19544349786
-2.28867855944
-1.51291417791
-1.1253921978
-1.2528231228
-1.79581049694
-2.42253718747
-2.67352627347
-2.14958946179
-0.708802262875
1.4198481526
3.67384967869
5.35096166818
5.89049249117
5.1225860158
3.36757497217
1.32628919221
-0.204792931074
-0.674974099228
-0.0243963961399
1.2839954512
2.46858985543
2.78321020439
1.8622401877
-0.102332220903
-2.43616442974
-4.27819616174
-4.96195204129
-4.3073793121
-2.6898067248
-0.856914223519
0.418053816476
0.683844607786
-0.000774317337473
-1.12116856909
-1.97134062829
-2.00036819035
-1.07844786651
0.437350468042
1.86158478197
2.48475213648
1.88373602405
0.104286323244
-2.35349422466
-4.72562735888
-6.25792198064
-6.44724248733
-5.16538518854
-2.64320988398
0.646533739258
4.13859480349
7.29632522396
9.67943250496
10.9709145662
10.9934174147
9.73572629771
7.38355957598
4.32569292787
1.10436385759
-1.69806405048
-3.60826157537
-4.39158573973
-4.10606647864
-3.05414179329
-1.65203349876
-0.276038728062
0.84426696426
1.6409221981
2.1343634801
2.32325818708
2.10908962141
1.30892143323
-0.239116821837
-2.52782845536
-5.27238462849
-7.91375343782
-9.75835246786
-10.2128820291
-9.02234249679
-6.40792886657
-3.03687436956
0.17631024608
2.36787059523
3.01090885699
2.08219321792
0.0493700409006
-2.0384077717151996
-3.6530788160179952
-4.241054108939409
-3.6693707067944388
-2.2425913169431198
-0.5691190535128925
0.6673189165911566
0.9481865329983634
0.09262694990208331
-1.6900429139475222
-3.87818257104324
-5.814984109204488
-6.924471844530885
-6.895787808868278
-5.776568926897568
-3.94583849940625
-1.976510772046538
-0.43539317753267426
0.30846537417754405
0.19771656316861197
-0.51866407387
-1.77141683432
-2.76070088951
-3.22471746949
-3.16057382849
-2.78774702527
-2.40761523373
-2.22658682092
-2.22956777962
-2.16936633996
-1.68394859679
-0.491245433039
1.42996269507
3.763710312
5.93118636149
7.29318432299
7.39718157449
6.16172097261
3.91624716625
1.27816742042
-1.07894807297
-2.66528025152
-3.32216305837
-3.22234636566
-2.73731924098
-2.24411645264
-1.96448434289
-1.90430860908
-1.90586205404
-1.76914339353
-1.36971005358
-0.711769918506
0.101901704843
0.952425108917
1.78063798709
2.60506027407
3.46930776269
4.35295165973
5.10736879961
5.46955455003
5.16515325615
4.05891495531
2.27568963411
0.218965557911
-1.54204203522
-2.48186936569
-2.3379638311
-1.23968875131
0.318032759108
1.65433198145
2.16446392355
1.55579378953
-0.0400001646224
-2.12231390759
-4.01695814226
-5.12752357134
-5.1417837497
-4.11890295157
-2.43805835118
-0.645072850561
0.733558278202
1.3407524439
1.06245740441
0.0210971550022
-1.0530647238206967
-2.2141807041489443
-3.0872661860213526
-3.3841867648665414
-2.971402987838843
-1.9150102839353877
-0.4857803952702966
0.8938802431468673
1.7646050885021936
1.7824431562296894
0.8577704032240803
-0.7800348868149456
-2.6337357646707176
-4.1020124516553835
-4.700693625719168
-4.252622418424551
-2.9617545087111807
-1.3320746680262232
0.040458623488007106
0.7155098712701857
0.5865606645002117
-0.0904820643098
-1.19381985109
-1.88050628731
-1.89886111024
-1.33496809251
-0.557642634677
-0.0278178044764
-0.0661877380442
-0.692532992552
-1.61479009382
-2.37287462389
-2.5670966518
-2.06012458813
-1.05431225534
-0.00602700353267
0.583899729316
0.406522369851
-0.500641865021
-1.75038544881
-2.75398727824
-2.95422068237
-2.04318001239
-0.0776306620317
2.54589745155
5.23331698797
7.38586113158
8.56765098113
8.59605722485
7.54396866053
5.67892116339
3.3788686716
1.05589012344
-0.902074914893
-2.17932933265
-2.58144147774
-2.08415188364
-0.863724791547
0.718273239073
2.19325166308
3.11836987877
3.22498579954
2.52611165638
1.33268062776
0.159580333444
-0.453841076652
-0.146778750007
1.11246543658
2.98800640624
4.86935227122
6.0671624591
6.04604560624
4.61583510154
2.01730059651
-1.12686894885
-3.98266849117
-5.74742626663
-5.89398516725
-4.34446675028
-1.51913408779
1.76178816953
4.50487771451
5.84064358263
5.30494370047
3.01347474313
-0.337856679796
-3.66311268821
-5.81946010143
-5.98033334288
-3.9218940036
-0.117532337959
4.40131084838
8.37552830912
10.7250167542
10.8861945857
8.96065662168
5.62824494582
1.86858474862
-1.39387633277
-3.58413351011
-4.6072250296
-4.7856507443
-4.65324416027
-4.705846439
-5.21227850091
-6.14847764326
-7.25655107421
-8.17908015535
-8.5992119505
-8.33265549162
-7.35432811139
-5.77710787918
-3.81461242927
-1.75014065241
0.0888524051976
1.36856800155
1.81457225589
1.29923976249
-0.0825122919536
-1.99556010448
-3.93667629721
-5.38860124845
-6.00294187663
-5.73324842662
-4.85183713022
-3.83262920548
-3.14569378353
-3.05516158761
-3.51503487349
-4.21255231893
-4.7367243703
-4.78671337917
-4.31428703898
-3.52896258019
-2.76720048166
-2.30025828589
-2.18934583853
-2.27143712881
-2.2859997864
-2.07048627147
-1.70652926356
-1.51780977077
-1.89875258592
-3.05145503471
-4.77321524439
-6.42917792221
-7.16083771313
-6.25925564643
-3.53356843722
0.514659467667
4.82431211323
8.18568581182
9.75935318424
9.46432950217
8.04092281696
6.73597361393
6.73501709901
8.59287897219
11.9273642603
15.5288229732
17.8504969602
17.6678696359
14.613739413
9.34943587487
3.29752081606
-1.93963803588
-5.21132210155
-6.22040848583
-5.53044830428
-4.19997059683
-3.23661166912
-3.13704358121
-3.72320434156
-4.33201848579
-4.24182848718
-3.10885781787
-1.19206956161
0.741960256291
1.78030215793
1.30706068221
-0.08242943372997047
-2.384842897986047
-4.63169033949589
-5.921031231396412
-5.794307119626836
-4.395807388311397
-2.3553358026570663
-0.4676956531260146
0.6681127754171712
0.8817528180336609
0.4433891558862655
-0.12559109509312805
-0.3303337411966538
0.072854663366
0.366691471089
0.874657086543
1.2354700397
1.21345857201
0.777251971964
0.0638859912727
-0.726698936309
-1.43139110468
-1.96019229321
-2.26231230865
-2.26609498007
-1.85546312823
-0.920374834594
0.53509061754
2.2926157763
3.90553161519
4.81252371209
4.55242473877
2.98914894714
0.433295921658
-2.41679135306
-4.71050735102
-5.76584885193
-5.33613944939
-3.70053262296
-1.53398176653
0.385870996822
1.50117031053
1.67903862485
1.2101493467
0.611118728675
0.334591691088
0.532507801168
0.988169250179
1.24707521725
0.877829128517
-0.268885177564
-1.93320632808
-3.51597210888
-4.31596662795
-3.82664317048
-1.95910625223
0.904631391245
4.04499981829
6.66002926915
8.13105421198
8.1947281149
6.96906600357
4.84919488899
2.33911936573
-0.101939480962
-2.14589968273
-3.60699663286
-4.40791105352
-4.54357670399
-4.07033465555
-3.11871804066
-1.90437430571
-0.708115754562
0.185749957583
0.575603145519
0.415533348707
-0.162531112262
-0.894010052011
-1.47911953009
-1.69261111197
-1.46038325641
-0.873758813611
-0.140940781704
0.498537943504
0.858990481023
0.862607874078
0.550066559401
0.0544378094771
-0.444720156724
-0.771186674774
-0.797015333916
-0.479147413545
0.116732902305
0.814832133985
1.36235299004
1.50127029803
1.06464404755
0.0627944178967
-0.3064672355294533
-0.6449041902162094
-0.5540869648977775
0.216669637333041
1.639484999192561
3.3860936640620736
4.94315121948091
5.829221715201584
5.822573551152473
5.091667582283847
4.15517933424
2.42598874719
1.66397926062
1.99010422974
3.06086980974
4.20840298675
4.73823885617
4.2490656772
2.82142972232
0.980051247484
-0.557987291996
-1.23090138297
-0.906359253333
0.0553011166062
0.984093260297
1.2416057814
0.549698101605
-0.862449946507
-2.37375231868
-3.29679504567
-3.24992678755
-2.38088978527
-1.31549688614
-0.842584764555
-1.48592087475
-3.18316512909
-5.25174439041
-6.68570815861
-6.65964241394
-4.99860394409
-2.36896219202
-0.0632881058105
0.5576619125
-1.27027365616
-5.25075278681
-10.0014979478
-13.5191520272
-13.9660878155
-10.4566161413
-3.5044173145
5.07319584869
12.7722695638
17.2987809604
17.3862180535
13.2116862714
6.25915561898
1.9150820074009687
-0.974367228390534
-1.17803130458
-1.48336275196
0.107835354072
2.23578550047
3.68056227848
3.82213798285
2.77971631622
1.21917662789
-0.0407282514668
-0.42445012409
0.174375411249
1.41086368057
2.70645878944
3.53936859662
3.6666129111
3.18770669943
2.44498816874
1.83092424828
1.6050545361
1.80351110474
2.26861641718
2.76571212968
3.1179940092
3.29136309362
3.39422113911
3.60181710254
4.04873617953
4.74241772519
5.53491667151
6.16075372201
6.3210653937
5.77987129645
4.44006276909
2.37960738015
-0.156145054864
-2.79910354334
-5.12831674517
-6.75255871618
-7.39251609904
-6.9475300781
-5.53027930956
-3.45534068791
-1.17687936338
0.814314612968
2.10887879096
2.47785283456
1.9217421925
0.654258325923
-0.972676575905
-2.57630810158
-3.84694136057
-4.6166628033
-4.87654592765
-4.74540573314
-4.40859859061
-4.05148306687
-3.80835882545
-3.73762070672
-3.82294899055
-3.99298867886
-4.14969716782
-4.19712364232
-4.06530773593
-3.72627236327
-3.2002989677
-2.55163706747
-1.87446515235
-1.27231253492
-0.836191723087
-0.62699500836
-0.665754787374
-0.932110440533
-1.36872418229
-1.88907006796
-2.3879840702
-2.75672042241
-2.9043761348
-2.78399914741
-2.41576922968
-1.89517073129
-1.37539126433
-1.02213064147
-0.952894046339
-1.18484969893
-1.6177026184
-2.06665265727
-2.33826078896
-2.31875615045
-2.03251727026
-1.63682745845
-1.34674073103
-1.31949218385
-1.55364573619
-1.85885527149
-1.92355669431
-1.4608555528
-0.369330996478
1.17144800205
2.72899504012
3.77352731146
3.90213990534
3.03184905244
1.46622436924
-0.207859738217
-1.35892596062
-1.5829185005
-0.883141831575
0.331313676713
1.43630391735
1.88963080905
1.49592872787
0.509835601242
-0.479807402739
-0.838057364596
-0.211261364862
1.26503092916
2.98619209741
4.13007988706
4.0320187376
2.51114309353
-0.00798850585399
-2.64363230194
-4.41547143622
-4.65457377214
-3.27921200892
-0.811614277752
1.86931843823
3.92138550789
4.89330239079
4.87520975394
4.38002843592
4.02040797346
4.14484780455
4.61643761658
4.84877879595
4.08881681344
1.81521151445
-0.6798993326116687
-3.979094063931285
-6.96461310974
-9.76259898067
-10.3631407422
-8.73247578494
-5.54641048882
-1.92106525666
1.01395034631
2.5185050115
2.46022963521
1.27618209504
-0.28065415796
-1.48267198721
-1.90664220864
-1.54491451304
-0.728458981483
0.0755575489924
0.485098674952
0.346933733231
-0.242309012531
-1.01986479465
-1.68497101601
-2.00587224714
-1.86803095519
-1.26619830401
-0.271576518373
0.992040139225
2.34990037707
3.57001179564
4.37815892158
4.51489455547
3.82743384437
2.35929525587
0.387657581721
-1.62656016087
-3.17280503748
-3.86346546212
-3.57455343287
-2.49189190442
-1.03863399662
0.288466456774
1.10642592595
1.27985009076
0.94919917825
0.448775046342
0.156263736269
0.34026518968
1.06558107866
2.18452577425
3.40380353176
4.38944628061
4.86727561381
4.69076280045
3.86962190192
2.5671613497
1.07560634648
-0.229761132988
-0.963489331205
-0.830487815898
0.263639304741
2.13190548394
4.30270698395
6.1244607721
6.96623304941
6.4521282126
4.63499964134
2.02298283859
-0.575121323583
-2.34119426968
-2.76269074722
-1.8345594106
-0.0511844515501
1.81867235392
3.07961056827
3.42177804978
3.04742397101
2.5436982904
2.55451850367
3.40732640857
4.88335475033
6.26137889916
6.63737875054
5.38421406115
2.53369599405
-1.11762514712
-4.26032395041
-5.59754026774
-4.4228563666
-0.987998153467
3.52300134098
7.42749740405
9.21596933531
8.17752018636
4.70535161811
0.142773754391
-3.76984889366
-5.61115040189
-4.85009857088
-2.03015210676
1.50364339273
4.20317212614
4.97103065951
3.58440893755
0.717081567528
-2.42612680495
-4.67569416985
-5.39793500521
-4.70888735062
-3.32606522602
-2.15560160109
-1.83059781635
-2.42640280265
-3.47980253063
-4.28342291863
-4.291485091
-3.42360080904
-2.11130964432
-1.06630833762
-0.891907368009
-1.73938228389
-3.18947694723
-4.42758961473
-4.63456689867
-3.40569183878
-0.99198264673
1.76046674383
3.7549200575
4.11908420907
2.59464809121
-0.336559466748
-3.64667100672
-6.18708324672
-7.153389184
-6.38591737401
-4.38283359026
-2.03675769597
-0.2289530285
0.529225261234
0.252585705035
-0.614615770585
-1.47756255996
-1.90095238757
-1.79651940177
-1.40629553455
-1.10804945472
-1.15885976792
-1.51999612121
-1.85955635668
-1.73386289109
-0.853315435179
0.708727297753
2.48075616124
3.7638248035
3.93757358576
2.76036227788
0.51883771342
-2.05152574756
-4.04841538787
-4.76647046931
-3.98302611428
-2.0402725731
0.310127601716
2.22776203698
3.12552808038
2.88387713578
1.85051002856
0.638499132266
-0.173958964231
-0.299415715158
0.162276713057
0.821573393832
1.23240341226
1.13968537912
0.616873914953
0.0257304427273
-0.181255242613
0.282248042688
1.34850753847
2.57390754219
3.30256312743
2.94690944558
1.25995768584
1.4135852117700551
1.1202399999382209
1.21100548934
-0.677824109683
-1.19240122355
-0.526977238714
0.741340699506
1.90964381603
2.44052521765
2.16228437993
1.29755618224
0.318442261377
-0.29753868763
-0.296235185092
0.24159962274
0.950596748025
1.36264675581
1.13215614275
0.200675231971
-1.17148683329
-2.51633947656
-3.35752897357
-3.40681608471
-2.67259008373
-1.43887570705
-0.13271932019
0.854633480682
1.31242207231
1.26272271134
0.908685170594
0.514394948256
0.278733398416
0.260758464177
0.382896099351
0.49792871845
0.476756174093
0.269470070266
-0.087489761604
-0.512823583657
-0.938397300709
-1.34461932738
-1.7497693249
-2.15935453772
-2.50828592921
-2.63756732802
-2.33247569919
-1.41743985719
0.130252636209
2.10305145912
4.06865855377
5.47304374017
5.81358899941
4.82176845471
2.5853666327
-0.440656031134
-3.54553321116
-5.96251801192
-7.09167156213
-6.67293290483
-4.85542205913
-2.14487948893
0.74949728126
3.11818615917
4.44257295052
4.52043094042
3.4942985446
1.78057863522
0.42585383116785636
-0.5686747467569404
-0.8929678054638543
-0.5076797219139735
0.37140659994135206
1.3772414650866551
2.146737140768309
2.4694891486948762
2.3708316581459883
2.092175153584975
1.9715947605903636
2.2711127164333647
3.0253905955709968
3.9847611265693104
4.690414430366005
4.662917847466858
3.630621970433765
1.697497544787197
-0.633763105987
-2.99900018909
-4.28249393609
-4.07313783106
-2.46213295324
-0.0366787302537
2.32588452249
3.78508882452
3.85249858374
2.56449353167
0.442242092806
-1.73989578966
-3.27417427881
-3.7887969076
-3.35539265776
-2.39982112254
-1.47110198771
-0.983961363911
-1.05472215618
-1.49798167474
-1.9698490791
-2.17316493474
-2.01517879655
-1.63932913341
-1.32243702342
-1.30013861782
-1.61986614213
-2.10383603025
-2.44379718736
-2.37695970914
-1.84681254351
-1.05787885133
-0.387714441407
-0.194859776538
-0.618815320464
-1.47702299777
-2.31853341349
-2.61663429193
-2.01212572628
-0.491070569581
1.58972379651
3.64383420197
5.09786272238
5.62331426645
5.25329465139
4.33744249911
3.3664016865
2.75599709351
2.69287434919
3.10444448501
3.749117143
4.3638750958
4.78520580299
4.98475240334
5.01601039416
4.92081524893
4.66469748004
4.14781781714
3.28717256164
2.11671784731
0.834835317516
-0.245015888858
-0.828070739285
-0.789433501999
-0.255824110499
0.439099628769
0.916235834988
0.951479269848
0.606314753548
0.20735994555
0.169902050562
0.747530869532
1.8406713128
2.97976666568
3.51675595881
2.94935204006
1.22222402259
-1.15723413615
-3.27319722597
-4.18150489386
-3.35293594033
-0.970075341055
2.07853991111
4.52948731858
5.26978985763
3.8263220254
0.594705223156
-3.30486948772
-6.48898340671
-7.88730932234
-7.17736998595
-4.88563510646
-2.11645935986
-0.0408063966993
0.616384982797
-0.142334761893
-1.65434953886
-2.96421445716
-3.30323944139
-2.44908374567
-0.80033570115
0.855315924307
1.75244223155
1.5307032845
0.403793169174
-0.959263024947
-1.77157778645
-1.51283583281
-0.174172560841
1.74646628645
3.48260553173
4.34451859536
4.00283962533
2.5851787132
0.562008264472
-1.49702903099
-3.16058324211
-4.25118319323
-4.80250175728
-4.91394700417
-4.61222668942
-3.81703115741
-2.43786393015
-0.542072085988
1.51955437454
3.13146458363
3.60447959496
2.46994278677
2.5718748181562745
1.651808694078369
0.692815511827
-2.14503461189
-3.28150627524
-2.63467946667
-0.763071070367
1.37647100998
2.83041910948
3.03253887225
2.00390373591
0.289788558891
-1.32472049639
-2.18112211973
-2.02733973623
-1.09206827605
0.0637895767377
0.832885090103
0.842319392458
0.101441658656
-1.03908338076
-2.07986284761
-2.61265502516
-2.49125752373
-1.8615286827
-1.0530640945
-0.400762580312
-0.0904610246497
-0.100168074214
-0.253089317058
-0.341220592616
-0.247555082804
-0.00359477658027
0.241411880035
0.31540904137
0.127814234663
-0.271669711848
-0.706910635258
-0.950697883144
-0.821716020474
-0.25740759033
0.666078047901
1.76755794021
2.82523338519
3.64083106228
4.08079524814
4.08879073257
3.67820745612
2.91786943997
1.91879943974
0.821049507008
-0.225009306076
-1.08527480382
-1.67029985111
-1.95288101754
-1.9638921177
-1.76595919984
-1.41816695686
-0.952485255748
-0.377579014109
0.290798969019
0.99254203578
1.60796485786
1.98514319115
2.00643307843
1.66363630008
1.09732156445
0.566215030432
0.345718646895
0.595132601614
1.25889952145
2.06100918973
2.61188707097
2.59036125186
1.91793848887
0.83443908798
-0.177796926722
-0.603624972896
-0.15132963877
1.06582902752
2.52094307641
3.46210117774
3.23028957441
1.57090265071
-1.20499291416
-4.29460460598
-6.69570972395
-7.60143536871
-6.73159315363
-4.45794907524
-1.66816698879
0.574577629708
1.43288603423
0.59180779919
0.4941980402151245
-0.29240630289595515
-0.9122498729496016
-0.70186431088
-1.58837230545
-1.51573591522
-0.885357063479
-0.138028750303
0.430821486309
0.743312530826
0.8884518147
0.999856148221
1.14083829594
1.25977572828
1.2317306229
0.952040243584
0.420905863472
-0.232847442706
-0.8033501641
-1.10580015311
-1.06695102274
-0.759296058172
-0.362058926999
-0.0717095129813
-0.0103412487549
-0.178710107475
-0.474226986967
-0.758343013821
-0.932536245901
-0.980719656375
-0.95787389511
-0.936718064863
-0.947899992002
-0.951474517362
-0.85771172499
-0.58531869715
-0.122286439923
0.448153011735
0.974989455979
1.30880368833
1.37723748261
1.22580686609
1.00057839608
0.879439357941
0.985574850292
1.32602592241
1.78521895342
2.17544167812
2.3183831773
2.11841513114
1.59533002119
0.866666592173
0.094640110293
-0.57315553148
-1.04291972949
-1.28335710041
-1.31193432839
-1.17617066526
-0.94335304866
-0.698738189662
-0.540163691478
-0.555701059475
-0.782951285183
-1.16682611529
-1.54458066289
-1.68196803079
-1.36144383639
-0.492583268664
0.806619742577
2.2064409732
3.25927151571
3.56441020671
2.93835734837
1.51338841129
-0.287861679309
-1.90122651143
-2.83576421064
-2.8636135672
-2.10187827385
-0.950367213059
0.0862206692476
0.611055745676
0.487888173729
0.5306806779582729
0.4151361043310118
0.48628570002317417
0.9295377404499732
1.691128341626694
2.5163820796695973
3.07887758407999
3.133519131151232
2.6219012945386737
1.6885877340915982
0.6137710821839164
-0.29411105050235165
-0.7915416344119279
-0.7437658635097222
-0.11902466588236393
1.0385617139803571
2.6237313379347995
4.4582777565137235
6.269313337007688
7.694839444771546
8.348437319203839
7.943024483788548
6.431862243904945
4.098285106064864
1.5332011838
-1.63959934374
-3.63372865814
-4.10046518388
-3.13326870747
-1.22939681206
0.9026593556
2.60884726507
3.51360080157
3.60766051925
3.17022645388
2.57465639493
2.08025895261
1.7143270005
1.29802153012
0.593147122194
-0.516343612726
-1.91160998975
-3.26108024431
-4.17111402744
-3.635366710624865
-2.4440767859123014
-0.935808467755237
0.3857953222328234
1.0751810016487724
0.9463369432872497
0.15411349055474943
-0.8835145118708994
-1.6822874041212685
-1.9097007752065593
-1.51860354236
-0.914405206711
-0.280050754911
0.0813051970385
0.066106764308
-0.206701495156
-0.493946888043
-0.584641308342
-0.422455355556
-0.124621961794
0.111229635569
0.154875039065
0.0545135396873
0.0372800767224
0.386612998736
1.25592953485
2.52155202265
3.76705116281
4.42862898165
4.04720854805
2.51072634629
0.163612633066
-2.28377946843
-4.01993978292
-4.45971654165
-3.48766720828
-1.50401587775
0.751598014331
2.5215122654
3.35235394286
3.27345050271
2.752687701
2.45287029827
2.90150002968
4.22400020855
6.05933317983
7.69394068824
8.35410314169
7.53103053765
5.20415379383
1.8760585149
-1.58759671444
-4.24427311019
-5.37710420834
-4.70977595066
-2.47271390098
0.683120305046
3.88106390817
6.25543223675
7.16552604176
6.34067370281
3.93239317102
0.468986722023
-3.27661782337
-6.48005594429
-8.47830082611
-8.94805594254
-7.99490049181
-6.116488186
-4.04028267143
-2.48179274009
-1.90455899822
-2.37029134763
-3.53881993178
-4.82107497984
-5.6263555516
-5.60461543075
-4.78452226265
-3.55038264511
-2.46835774461
-2.03574436469
-2.45893629834
-3.5524933408
-4.80001959768
-5.55042824523
-5.26953467456
-3.74835132223
-1.19121192948
1.84315275937
4.61881220973
6.45026612119
6.90272501088
5.90549259071
3.75370274347
1.00978709178
-1.65827732914
-3.65423922368
-4.60115719892
-4.42507130855
-3.35618155277
-1.84752003204
-0.431416090287
0.447021061343
0.568735665717
0.00427818761933
-0.924357135694
-1.77474027608
-2.16172783366
-1.91283516018
-1.13633603765
-0.17023282017
0.56965693814
0.778701796907
0.406400419175
-0.312127882965
-0.952865669408
-1.08657634023
-0.467890849573
0.854730782198
2.55629847797
4.16922847371
5.27030871475
5.63532023777
5.29543340384
4.4797678036
3.48383969093
2.53617652427
1.72943240035
1.04231767817
0.426704718854
-0.101455185652
-0.429017632202
-0.396662842095
0.0911167123925
0.961357159589
1.94182624335
2.63775954834
2.69280723057
1.96148108307
0.60571392541
-0.941805806036
-2.14303155831
-2.58056077697
-2.14274856586
-1.08117166587
0.0892804426456
0.804985189296
0.687168917241
0.21403104513514393
-0.8477958359269593
-2.0144788717955464
-2.8210586581905233
-3.0074514843149416
-2.5973097370105194
-1.8444285471407085
-1.0845260505106609
-0.5707685704404923
-0.37132338224670036
-0.3694747224943882
-0.3528059083975279
-0.135667797879
-0.316693954044
-0.290085662875
-0.191059934429
-0.137080193722
-0.158587486759
-0.189256643559
-0.117662883786
0.132688757688
0.542904810869
0.993377689626
1.317405817
1.38452595557
1.16809697456
0.760631186129
0.328952022276
0.0334644493226
-0.0458000310428
0.0613876777147
0.243478731698
0.374759395115
0.384581629395
0.291141659915
0.183335718059
0.162734794995
0.278635459077
0.491690553097
0.685317232162
0.718474768804
0.492453048503
-0.00134942916058
-0.6742165513
-1.3737899558
-1.93979995883
-2.25558755637
-2.2757214589
-2.02501008969
-1.57813927505
-1.03452117588
-0.498444438365
-0.0653818049469
0.191020413124
0.235330483086
0.0862995425635
-0.179028362701
-0.444476793397
-0.598111198668
-0.584553287414
-0.439166669833
-0.279303847648
-0.246602231157
-0.421943105439
-0.756166802945
-1.0606521176
-1.07754294121
-0.608807102326
0.35356162112
1.56585917168
2.58561894335
2.93352424551
2.30211086998
0.716847120743
3.58304302057
1.63480010017
0.364781389425
0.133396772496
0.895694769456
2.23001872288
3.53359089303
4.29621143512
4.32367853457
3.8043534949
3.18697284713
2.93007031646
3.24790937333
3.98174011826
4.66492844557
4.7545202933
3.91716454975
2.22655271594
0.169211025684
-1.55262588288
-2.33278190246
-1.94114450566
-0.638008216172
0.933431038278
2.0273215328
2.11747593681
1.11289785432
-0.628906362562
-2.48813837966
-3.87159037463
-4.46304870069
-4.32003072243
-3.78301019418
-3.25787231088
-2.99239380547
-2.96381683527
-2.93081014794
-2.61354611405
-1.89712753721
-0.941520017308
-0.131346705103
0.114979922915
-0.419867617942
-1.59788170213
-2.94037915374
-3.81691065422
-3.72572314996
-2.53423445907
-0.563116338037
1.53031650106
3.01975983343
3.40871626744
2.62744407107
1.04432001824
-0.705492524448
-1.98932185515
-2.42071517185
-1.97457167243
-0.937290079595
0.266063107374
1.27349821404
1.91994044667
2.25037749787
2.42508952679
2.58265003725
2.74112217333
2.7897721672
2.57002809042
1.99467900164
1.13424494127
0.218333555566
-0.453600377964
-0.648513231113
-0.313438131143
0.392824011304
1.16857273853
1.70691206648
1.8361473766
1.59515383015
1.20761993752
0.967987464915
1.0941830132
1.61771625637
2.36354743664
3.02951519343
3.32843191843
3.12683917142
2.51581610582
1.77990937894
1.27595494132
1.27389006282
1.82917423003
2.74396794007
3.63735843299
4.09918172296
3.86613387693
2.94738414662
1.64455834022
0.451220448484
-0.135358460345
0.179489635653
1.34452438474
2.94391124145
4.32026353624
4.80264668786
3.95971513957
1.78323359981
-1.2719510151
-4.41476857265
-6.77251715632
-7.68394966363
-6.92419923757
-4.77848181445
-1.93802058271
0.740918840258
2.5227670056
3.01694872355
2.26303825452
0.65758828843
-1.23334877366
-2.89095266188
-4.00207633708
-4.50662028014
-4.53515204995
-4.28570371283
-3.90853721585
-3.45286752911
-2.89025631638
-2.18712810087
-1.37523496387
-0.574759260802
0.0448920327224
0.344303251637
0.28742636766
-0.0340482618385
-0.441555491946
-0.755936173764
-0.884071822807
-0.860173024447
-0.820245782443
-0.924002238162
-1.26618199302
-1.82388897041
-2.46589714648
-3.01569089398
-3.33146514244
-3.35930186628
-3.13388347935
-2.73359837759
-2.22450252508
-1.63359772319
-0.971896512619
-0.292841018692
0.257327346105
0.444721508937
0.0293459730361
-1.10149267189
-2.81212429284
-4.68388733705
-6.11070974787
-6.50886590784
-5.56349899227
-3.4034096638
-0.614180679587
1.936223141
3.40291678031
3.28166136859
1.6075000319
-1.05045479419
-3.79821083862
-5.74471248265
-6.31524699753
-5.42821071724
-3.47568377906
-1.13264507522
0.912924570913
2.19491580724
2.58399872102
2.25939071314
1.57685210823
0.907050198034
0.513772351478
0.506536751973
0.859823176593
1.46439684189
2.1757174367
2.84418341124
3.33466575295
3.55156119962
3.47477473129
3.19062209526
2.88734779668
2.79242651085
3.05909018729
3.64741246892
4.26691144112
4.43438847176
3.65179292033
1.64476173073
-1.44371609591
-5.00951540518
-8.14344217104
-9.9479280505
-9.89270170229
-8.05439810823
-5.12254613924
-2.15109736713
-0.148731031181
0.32077355296
-0.646124742561
-2.35880796503
-3.85319770424
-4.3260481538
-3.49051997135
-1.69670581424
0.232489305417
1.37187837326
1.10280384403
-0.61954960041
-3.25067813082
-5.88787847388
-7.6359391324
-7.94542216511
-6.7871442332
-4.60979686684
-2.12532334586
-0.0324685298599
1.20358578756
1.44386721912
0.838755518052
-0.284706595289
-1.54185217624
-2.57065722555
-3.07075522578
-2.82988659835
-1.76667019307
0.0101418910335
2.16165372934
4.14906714119
5.36367059401
5.33436506032
3.93600390981
1.49806221395
-1.25955103146
-3.46466674011
-4.42157350839
-3.89271719003
-2.20351934472
-0.112055798727
1.50963184138
2.04677378038
1.4009636022
0.0200888529406
-1.31431634033
-1.84464636797
-1.17638355252
0.553566005349
2.74999337382
4.63189328333
5.57282870616
5.35312381251
4.21738940844
2.72737291943
1.49486388123
0.926946185175
1.09651596632
1.77922416032
2.61359386444
3.28737096141
3.65472151744
3.73971953377
3.65005924158
3.47207648288
3.21910189449
2.86228200975
2.41376582595
1.99308615444
1.81328399058
2.07224212098
2.79932066718
3.74924670099
4.4264020943
4.26233247009
2.88587377628
0.362656044318
-2.72460109147
-5.42260555657
-6.74607789338
-6.07795075016
-3.45941898777
0.365379455626
4.18429540045
6.7453742892
7.20698749322
5.42829678115
1.98752020862
-0.2345104376747571
-1.9595386702584534
-2.39840196777
-3.22003735304
-2.79468131439
-1.72695157665
-0.648157701767
0.0262920522051
0.197517389677
0.0271857471513
-0.217644844375
-0.326868268851
-0.238967311465
-0.0331729333048
0.151554007898
0.211759254368
0.133234530247
-0.0199344858553
-0.163570105047
-0.255784513103
-0.322489050459
-0.430982097138
-0.629937549063
-0.895288918177
-1.11884102564
-1.15210466699
-0.885886342582
-0.324332107487
0.38779330201
1.00396740463
1.26812788543
1.02126486967
0.275764050011
-0.775278892528
-1.81863015989
-2.52749153258
-2.67293973656
-2.19925466184
-1.23765063707
-0.0560117081183
1.03612871498
1.7945310443
2.1234135228
2.10646598071
1.97267271192
2.00416051416
2.41417352546
3.2387080084
4.28821838695
5.19088973167
5.52689450715
5.01297081236
3.66492777116
1.85968523126
0.247665716598
-0.474931338766
0.14193240343
2.06547178653
4.71364808256
7.11494586005
8.25612575581
7.48969084083
4.83005198861
0.998033433318
-2.82835682693
-5.47168160489
-6.23620582067
-5.20340674059
-3.20223845423
-1.45189552065
-1.02141290151
-2.33945204721
-4.97520382136
-7.79841124631
-9.46048611147
-8.99327859532
-6.26393721987
-2.08197315553
2.0956661065
4.74009175067
4.86212574516
2.40041244041
1.5161465264263825
0.34579446391211377
0.290687872711
-1.12066743757
-0.594500313019
1.10107752757
2.83139530013
3.60233191406
2.96188660388
1.13671567474
-1.12891541978
-2.93412293476
-3.60903940053
-2.96318180598
-1.30762487026
0.728123335635
2.47847266969
3.49029432576
3.6405601455
3.09978646941
2.19011006896
1.22380391496
0.397957345654
-0.223357155985
-0.658906115538
-0.941745988514
-1.07914761593
-1.05910021323
-0.887100605391
-0.617837023529
-0.352459101673
-0.197536624826
-0.209504503088
-0.360724533451
-0.552417642263
-0.671948949882
-0.663851062344
-0.572626996121
-0.528417015578
-0.677682670382
-1.09316988302
-1.71233087144
-2.34182573634
-2.73272014358
-2.6934891145
-2.18586768936
-1.35424680716
-0.470659915793
0.181068234947
0.427778589444
0.277736691946
-0.0937936476857
-0.436243328302
-0.547393394979
-0.368796364047
-0.00747718672518
0.324882949857
0.423716456633
0.198439964692
-0.278175077308
-0.802094431971
-1.13583338687
-1.12467495803
-0.775299446493
-0.258575182376
0.166429581787
0.273862574132
-0.0163197939859
-0.585508927415
-1.14887194293
-1.36257949435
-0.964100303874
0.110157264127
1.6773411803
3.35176332893
4.66639269544
5.22991878782
4.86343118564
3.66713969958
1.99160700913
0.321450108674
-0.889043884772
-1.37050867065
-1.12713514176
-0.425528198073
0.314029545869
0.684659741046
0.455130683951
-0.33641768954
-1.3961603023
-2.29289647909
-2.63572068852
-2.24017532694
-1.21486536214
0.0681462908066
1.1084210696
1.4634102039
0.910797765052
0.027342957037717497
-1.363655000499918
-2.810068382998807
-3.8991464017738195
-4.386313670473783
-4.242140929686826
-3.610759066470493
-2.712439605922512
-1.743443285226732
-0.8192692887700161
0.02129720691101511
0.7683253547053681
1.3879889771625642
1.8026013134883954
1.9186094179423065
1.687165157616036
1.1604438574122184
0.5064565263156311
-0.03395912221348851
-0.233260522132
-0.504735546125
-0.341167160542
0.0872253582617
0.543217942995
0.820338338106
0.820145179212
0.575607310682
0.214845035269
-0.11159166777
-0.301360647506
-0.33553807579
-0.266730636443
-0.17398760349
-0.114004027034
-0.0961283729551
-0.091667674385
-0.0666626442719
-0.0142139878788
0.0353084148604
0.0324355915211
-0.0572562458562
-0.225801928498
-0.420856176718
-0.571503836444
-0.626401775524
-0.580371773304
-0.472286233944
-0.355225887962
-0.258333110752
-0.166616164996
-0.034855985053
0.170213703105
0.426054389446
0.64131502609
0.691454201881
0.491857536056
0.0702797154066
-0.407681054102
-0.687699068049
-0.539603682838
0.115498596421
1.13018908017
2.15658569602
2.77537810387
2.67686369425
1.81035099435
0.426185165053
-1.01777782548
-2.04797036163
-2.37736835021
-2.02177588599
-1.27358185243
-0.546273172954
-0.167800755373
-0.226944572671
-0.549563848297
-0.814117116902
-0.742817271784
-0.264844336421
0.436874693372
1.0207125142
1.17065826607
0.766782293845
nan
nan
nan
nan
nan
nan
nan
nan
nan
nan
nan
nan
nan
nan
nan
nan
nan
nan
nan
nan
nan
nan
nan
nan
nan
nan
nan
nan
nan
nan
nan
nan
nan
nan
nan
nan
nan
nan
nan
nan
nan
nan
nan
nan
nan
nan
nan
nan
nan
nan
nan
nan
nan
nan
nan
nan
nan
nan
nan
nan
nan
nan
nan
nan
nan
nan
nan
nan
nan
nan
nan
nan
nan
nan
nan
nan
nan
nan
nan
nan
nan
nan
nan
nan
nan
nan
nan
nan
nan
nan
nan
nan
nan
nan
nan
nan
nan
nan
nan
