nan
nan
nan
0.449632868826
-0.306881400005
-0.366346913678
-0.112979242824
0.0309665464961
-0.198261492
-0.792543193638
-1.48900426897
-1.90517596091
-1.72729161855
-0.865001073756
0.496460140707
1.96744769672
3.11329293731
3.62851572044
3.44863990025
2.75351602966
1.8668254993
1.10302974144
0.634254369911
0.436555387189
0.334866085693
0.118229494009
-0.335675208679
-0.990069429374
-1.66752009275
-2.1467713168
-2.28725998328
-2.1152755062
-1.82318109281
-1.67567166346
-1.86471130579
-2.38445387186
-2.99371448641
-3.29630687831
-2.91459721421
-1.68395363069
0.221646669229
2.29957313434
3.87522376576
4.35171529282
3.45334786046
1.3589077044
-0.26983315727923696
-1.7026128769033306
-2.232171678003141
-1.5145332952858865
0.2963592878506063
2.607008178843742
4.614271868485872
5.615949905104159
5.279142256943047
3.76203227492023
1.64552259301378
-0.29189360377138485
-1.36183377502
-2.2308527767
-1.93114861669
-0.87914437482
0.345390456863
1.22910629387
1.49969018408
1.18442829687
0.545290477405
-0.0664516585682
-0.366531114169
-0.241094687208
0.235221496396
0.858893859957
1.39684225379
1.67853974594
1.64641426159
1.35441658325
0.92761658181
0.507322711107
0.204138082977
0.0705791675957
0.0936371335407
0.202148613055
0.284873790206
0.218596146445
-0.0941583522991
-0.683538408458
-1.48088828189
-2.31575689702
-2.9542629672
-3.17533712559
-2.8605337264
-2.05899401218
-0.991862919772
0.0173251939178
0.665918083452
0.799018556428
0.480737492359
-0.0300358634732
-0.397173842049
-0.369748915916
0.0864898475909
0.757030472607
1.27189163657
1.29042627055
0.694601410864
-0.305294621099
-1.21563501018
-1.45141187094
-0.600370511916
1.35682931976
3.97619192381
6.47477394637
8.00947615826
7.99824030909
6.34788525337
3.48973435382
0.206687383667
-2.67334258433
-4.58442255924
-5.39864135697
-5.40121810284
-5.08735482784
-4.88436392312
-4.93402881604
-5.03776703324
-4.78667688026
-3.80840255826
-2.00589889821
0.333321008274
2.61671149469
4.18308846458
4.58734363835
3.79949369678
2.22227222447
0.515543593552
-0.021090757482014055
0.2619578283886881
1.2539498195015852
2.484958826259657
3.3666819479412737
3.4872521656313467
2.82157671842603
1.757484802579583
0.923100159584834
0.893118660888149
1.9086420190010926
3.7407676122231948
5.7642533383442185
7.21324552754308
7.508868532955901
6.515277300123998
4.6111994798927896
2.54420306473
0.510406686826
-0.318136991118
0.132847616246
1.44252039286
2.88290997362
3.72755866021
3.54867868533
2.37935133744
0.678002570383
-0.882364270517
-1.70497327161
-1.51514967244
-0.460500668232
0.969602814978
2.16259467191
2.64064681696
2.24773497954
1.19140257324
-0.0696288829259
-1.03503012028
-1.37483492456
-1.05402878955
-0.323267486313
0.410133526472
0.766296930426
0.548494665959
-0.193829390688
-1.21282997184
-2.18822829613
-2.8669603724
-3.1521909545
-3.10740591596
-2.8850059108
-2.62446728001
-2.37597106552
-2.08756649142
-1.65785372068
-1.0209336668
-0.213981960506
0.611849563957
1.24543570105
1.50766953191
1.3338677616
0.803701708637
0.103286646651
-0.560196102021
-1.04610001075
-1.32438743447
-1.45488097284
-1.5168976825
-1.53318552104
-1.43674590292
-1.10601757314
-0.454419893896
0.474493634163
1.46517298069
2.17818065617
2.27965688487
1.59768191353
0.229302919933
-1.4619463259
-2.96942548745
-3.84015899313
-3.85791573863
-3.12672563252
-2.0128709174
-0.970253959981
-0.331394138208
-0.164886910125
-0.269003878975
-0.304002092686
0.00472989900157
0.698642784189
1.54408164268
2.14481141721
2.15721953257
1.49895553609
0.437668895816
-0.499306417138
-0.765383047397
-0.0770530588892
1.40016606473
3.0635702206
4.09508421738
3.80482514883
1.94485653741
1.582428234597387
0.7870215930710032
0.520650147875
-1.19360777739
-1.43047457257
-0.557058372113
0.663076834536
1.4199950322
1.21320768851
0.0556324547396
-1.55959971142
-2.90565229725
-3.36298165048
-2.69823663453
-1.15921285107
0.647517688641
2.0303649879
2.50776745998
1.99292422532
0.794831727078
-0.550234858094
-1.52794848219
-1.85850430815
-1.58240734311
-0.995193168222
-0.477518026388
-0.309454992729
-0.554975027076
-1.06041084932
-1.55310517352
-1.78216370709
-1.63153472986
-1.15800842325
-0.548100002461
-0.025788616057
0.240024948355
0.188578515977
-0.132647449185
-0.606934439648
-1.09834299084
-1.48832402756
-1.69034865006
-1.65025324472
-1.34650495851
-0.798576744573
-0.0787782118589
0.686764083554
1.34099623676
1.74303204226
1.82301869713
1.6182286488
1.26800354594
0.963203721456
0.868920738777
1.05485559012
1.46665931297
1.95307989319
2.33681628407
2.49536043724
2.41320787983
2.18139272047
1.94684814219
1.8387766325
1.90927576796
2.11605896199
2.3518450284
2.50077027956
2.49006819187
2.31130714574
2.00543344522
1.62769308875
1.21924668974
0.80554604763
0.421306234669
0.140547006475
0.0814826382169
0.36713845113
1.04921659564
2.03078512788
3.03600506711
3.6621233544
3.51312692214
2.37141780214
0.33512333038
-2.14908741323
-4.39156422861
-5.68062808341
-5.54283583645
-3.94163458015
-1.32998849575
1.47434543515
3.55354084981
4.20105098955
3.16605637866
0.741473980224
-2.33577070901
-5.1344512667
-6.83795507033
-7.00398471389
-5.68899625901
-3.4029846133
-0.920462987976
0.979725302854
1.75493646819
1.24284364924
0.5128016805625748
-0.7750900438026207
-2.0346230357743025
-2.7898162752812397
-2.808171622461799
-2.133888040923395
-1.0204648788381405
0.2018812273259698
1.26746273422
1.14158642731
0.819284500528
0.478012021537
0.299102547546
0.36988704691
0.640351269152
0.953229171746
1.13062134696
1.07230049495
0.814541133128
0.517424905064
0.384529336313
0.554189795878
1.01803590313
1.61083935145
2.08058131659
2.20629089154
1.90506573104
1.27329242575
0.539880995651
-0.0449289983429
-0.327034777984
-0.309908575734
-0.127681143121
0.0533560752542
0.146405619302
0.200494307
0.36252899503
0.76129990067
1.3805978562
2.0050103283
2.29018545262
1.94187832741
0.919238096449
-0.453143824237
-1.55001462168
-1.68997698556
-0.465260750185
1.99903100268
4.99969874642
7.47917604486
8.44543212198
7.40984981665
4.63773152656
1.07822595221
-2.01582733733
-3.61852520365
-3.37158108916
-1.7264831466
0.285330994565
1.55096685768
1.40712575631
-0.0534625730499
-2.05199921154
-3.53795259372
-3.74299948262
-2.59527115735
-0.779051354305
0.599702652261
0.581054760013
-1.13360799401
-3.98681687971
-6.80343242895
-8.35603701147
-7.9789372414
-5.91699010671
-3.22027350075
-1.22280836455
-0.860375972563
-2.17684891507
-4.28628224744
-5.83334303994
-5.73610298491
-3.83388291416
-1.08666807392
0.820135959487
0.315818263991
-3.1610191852
-8.66499846407
-13.9363379702
-16.2621585117
-13.6619775816
-5.87406545292
5.32225828568
16.636061786
24.4597045192
26.2425996224
21.4692909232
11.8336504148
0.546719292109
-8.91574733491
-14.0935105156
-14.3298798753
-10.7849366165
-5.73793471704
-1.53860177604
0.316978652427
-0.386407265705
-2.76582253226
-5.4616849946
-7.35060855677
-8.00577664496
-7.72583640812
-7.18515192689
-6.9387405058
-7.06102076322
-7.09863990685
-6.33685843455
-4.21492394095
-0.660815522876
3.82504354914
8.36462238134
12.0575994535
14.3073339068
14.961995368
14.229428834
12.4506327165
9.88510170824
6.63714057225
2.75401916039
3.0104471706523555
3.2537204798703527
4.1577435871
1.96125345465
1.48832153033
2.59044678279
4.58269258368
6.49270887843
7.46530074941
7.13240953935
5.76422729561
4.11968891315
3.06349789856
3.13593464892
4.28847154296
5.91692660783
7.17451525568
7.40542138307
6.47803326728
4.84778393475
3.31722221629
2.61552494902
3.01230940765
4.1640102709
5.27364557024
5.48622853392
4.32282195497
1.93641412727
-0.938142101645
-3.31555609792
-4.40973188415
-3.98269967635
-2.42748242213
-0.553542981544
0.810590874166
1.19793347189
0.683750954428
-0.210297951865
-0.825018903787
-0.719273175363
0.109080383964
1.2416761927
2.07630128864
2.15063579482
1.38332758189
0.111863914082
-1.08480779393
-1.68079227439
-1.46106431206
-0.613594527238
0.383914354109
1.01686848676
0.993068274231
0.378591306926
-0.450860810706
-1.00850050553
-0.937575646196
-0.173864595684
1.04343926606
2.3039118236
3.22204525041
3.5943210161
3.44570104594
2.95989923308
2.34996441862
1.75067100105
1.19100636656
0.650146298688
0.147276626122
-0.204399538024
-0.224987813513
0.231373271772
1.1610030903
2.35603362735
3.45782090957
4.10599496923
4.11295930839
3.57119239412
2.8286371675
2.33336420704
2.41849410806
3.13429567053
4.21543948536
5.20528908825
5.67902713122
5.45498712419
4.68699503175
3.78934753916
3.230783051
3.3009205791
3.96719223023
4.89427661104
5.61488691693
5.76340179107
5.25240475792
4.30311244266
3.31782657762
2.66555994564
2.49717890058
2.68967722087
2.94888426469
3.0127895942
2.84002321517
2.67150523335
2.91797953394
3.91989993545
5.7004844558
7.84767463155
9.60553025235
10.1551563647
8.96838968684
6.07283043109
2.09856931972
-1.92768759131
-4.96057918142
-6.32562901792
-5.95290416394
-4.3570745766
-2.37999863984
-0.816800996319
-0.094034444569
-0.138299147286
-0.481720398762
-0.541285994508
0.0668305317503
1.32566261645
2.8169618726
3.91333304177
4.06649288066
3.05605867082
1.08832614096
-1.29158709158
-3.42501308925
-4.79550903882
-5.20305761806
-4.79035266194
-3.92646746719
-3.01573445644
-2.32522078364
-1.9045068412
-1.62016334383
-1.2715430155
-0.720915445534
0.026928094106
0.82763747345
1.47060620853
1.77762892274
1.67562966769
1.21255753171
0.51923287488
-0.252153533022
-0.974539982285
-1.55438295996
-1.90687402643
-1.92686778477
-1.48980698456
-0.499697417147
1.03000962858
2.90475860141
4.73655238407
6.02150929386
6.29736254977
5.32765000322
3.23497854379
0.515022906963
-2.0942664471
-3.85353429409
-4.28645038321
-3.36212806451
-1.51517751827
0.514953838848
1.96929741921
2.36799778543
1.69986717339
0.420869039013
-0.743336040548
-1.11319944722
-0.359208892662
1.33546474876
3.32710285162
4.76305722705
4.93281603253
3.57407089317
1.00504258436
-1.97548668607
-4.38340275615
-5.42204450847
-4.78323249729
-2.75786272682
-0.116706203011
2.18421467032
3.35103970623
3.01485135945
1.31519797532
-1.21083348222
-3.86912535704
-6.06756651067
-7.48793730282
-8.11551934516
-8.14073677696
-7.80228459458
-7.25782839422
-6.54202164318
-5.6186454438
-4.48232454479
-3.24122155029
-2.1260664511
-1.41387631747
-1.30335212815
-1.8076070155
-2.72379352927
-3.70162827651
-4.38310056953
-4.5491664303
-4.20447333454
-3.56054077721
-2.9266397539
-2.56163948972
-2.55775844097
-2.81022213084
-3.08418633377
-3.14321233929
-2.8749949696
-2.35322107668
-1.80683055102
-1.51298112518
-1.66566051094
-2.28158921063
-3.18547389835
-4.07860320992
-4.65715400859
-4.72684786111
-4.26647158083
-3.41927410604
-2.42417508518
-1.52232161954
-0.879250091246
-0.549310136419
-0.486266685718
-0.584266512441
-0.725286051386
-0.814046535779
-0.793603038491
-0.646051948552
-0.387066600157
-0.0597209799697
0.273271117146
0.543250186375
0.696917500425
0.719719984205
0.649478585815
0.568694705595
0.572681871369
0.724119929635
1.01519853354
1.35900710344
1.62000326037
1.67399749177
1.47093956105
1.06869129164
0.61717721632
0.295601723794
0.229658826971
0.428215609309
0.772367941325
1.06605519633
1.12756822627
0.880028794162
0.397320250505
-0.118411940352
-0.419710204043
-0.320472068127
0.221983240096
1.08643666752
2.0371064691
2.81882037983
3.25389555938
3.2978585631
3.03249791975
2.60515608841
2.14759466824
1.71473918788
1.27075388298
0.724690748823
-0.00647616553529
-0.9413496636
-2.0122277613
-3.08673547712
-4.01985779299
-4.70957122866
-5.12994281744
-5.32889966771
-5.39595128171
-5.41845375569
-5.44749344974
-5.48636166973
-5.50159773489
-5.44621472964
-5.28200409527
-4.99273036689
-4.58810787455
-4.10389989818
-3.60288309998
-3.1758091095
-2.93557230996
-2.99681532739
-3.439436367
-4.26536416631
-5.36728303108
-6.52923724314
-7.46943567556
-7.91813469851
-7.70599472616
-6.82958459211
-5.4659978464
-3.92661966899
-2.56354753585
-1.66089185531
-1.34910373741
-1.57133938356
-2.1110445037
-2.66805497263
-2.95524683593
-2.78405157613
-2.11453454157
-1.05953466674
0.153420683341
1.2484976988
1.97755245136
2.18685394391
1.85845306133
1.11523654536
0.186396834073
-0.659701605744
-1.19727055755
-1.31368170977
-1.04320622322
-0.548775941516
-0.0555693138707
0.239459760795
0.245688567148
0.0110099460168
-0.306802346425
-0.517297474423
-0.487757542565
-0.20415058718
0.226756044631
0.635069108987
0.876230827223
0.905121382978
0.797304147498
0.705861569219
0.776144420816
1.06383423676
1.50118618581
1.93145278176
2.19469806165
2.2190182893
2.06598094499
1.90201782739
1.90748348581
2.17100423858
2.62842603793
3.08502162793
3.3158175952
3.19449690778
2.78078219151
2.31265322731
2.09710126126
2.34803290932
3.05327784206
3.94481149451
4.5983350175
4.62277778765
3.85046925662
2.43187471372
0.781229252396
-0.607944197114
-1.39147171725
-1.5349033153
-1.32288452349
-1.20795742339
-1.57029396173
-2.50767641321
-3.76388392754
-4.83707037961
-5.21975658096
-4.65374487768
-3.27198483952
-1.55253928266
-0.102134212579
0.627397555388
0.550618263628
-0.0180228519302
-0.527840078801
-0.474103341704
0.339706647458
1.68979457414
3.02751088556
3.738314632
3.44021586874
2.17855829049
0.424577716537
-1.12033286877
-1.82132873612
-1.37054842872
0.102820187697
2.11103543857
4.02420603219
5.31638083783
5.73271685899
5.32111228129
4.34463434383
3.14490974278
2.03464452831
1.26015044572
1.0185300524
1.47527646635
2.73128221294
4.73216345203
7.16989652343
9.45901716596
10.8509401692
10.682923799
8.67542536043
5.13972409486
0.972114284573
-2.60540601739
-4.47990049356
-4.0843367413
-1.64208878457
1.90395737722
5.26434963062
7.3253813758
7.59341100248
6.36323297535
4.53613149263
3.17463906825
3.0035640054
4.09084682285
5.85438432117
7.3834064209
7.91135880697
7.20539216322
5.68074087658
4.18542411758
3.56443798464
4.22224357608
5.90369210203
7.80569768747
8.96798044325
8.75185447734
7.17010068669
4.90135300394
2.97501632664
2.27326439616
3.08720494265
4.94120580613
6.77413959874
7.39931608028
6.03559910277
2.67075020539
-1.90307265547
-6.39214464654
-9.50378955659
-10.4297823103
-9.11254833352
-6.20281763667
-2.75543587482
0.185195648191
1.93104375161
2.30264246068
1.56383319494
0.211666491703
-1.25838278226
-2.50792431806
-3.38976005039
-3.88776982547
-4.03000911223
-3.8375098329
-3.33151766792
-2.57565774949
-1.70551701938
-0.909145713756
-0.35865159065
-0.130685056979
-0.167482775142
-0.310379309344
-0.395151742953
-0.358481811723
-0.292096420716
-0.40555082782
-0.908491466549
-1.87136027268
-3.14205113671
-4.37236496199
-5.15260800818
-5.19398972879
-4.46850018621
-3.23247982503
-1.9165738928
-0.932882086
-0.494240058958
-0.536542272468
-0.783363740315
-0.918547985952
-0.774915036563
-0.436501000444
-0.19486205991
-0.376130060283
-1.12605763437
-2.26834795889
-3.32101755941
-3.67977496646
-2.89310391964
-0.902823183588
1.86743443504
4.62781651928
6.50192111938
6.85551582445
5.53640167065
2.92691276196
-0.20713151672
-3.00078216481
-4.78611466939
-5.28363258872
-4.62741169107
-3.23869533434
-1.62358571552
-0.189997636922
0.846944718191
1.45534863679
1.7086821621
1.70000717327
1.49764397906
1.15556878633
0.753674424678
0.424554379867
0.333951781247
0.613864868976
1.28110132955
2.18971848736
3.05357287277
3.54097627305
3.40526023697
2.59332641472
1.28094447424
-0.184132295786
-1.40815192649
-2.09234842329
-2.12965969616
-1.62030101277
-0.807401248927
0.0312602830453
0.684097247758
1.0577995804
1.1675108241
1.08293947698
0.86654061196
0.537765628597
0.078106091464
-0.532979654537
-1.27768800089
-2.08182489541
-2.83125584598
-3.41451804315
-3.76850844216
-3.9028852037
-3.89096303087
-3.8330957419
-3.81257361677
-3.86649374492
-3.98418922443
-4.12971842575
-4.27186556372
-4.40228049638
-4.53102355771
-4.66363560677
-4.77623895418
-4.80782431093
-4.67995662867
-4.33825826085
-3.79581183834
-3.15407535257
-2.58514890071
-2.27680421536
-2.36019149467
-2.85044119678
-3.62713939658
-4.46593557131
-5.11126982262
-5.36285125648
-5.14266933752
-4.51730493579
-3.66837442942
-2.82420538102
-2.17994037287
-1.83592912011
-1.77527456732
-1.88520026488
-2.0103692866
-2.01570186437
-1.83495001901
-1.48877733128
-1.06868853797
-0.695795042179
-0.471627172432
-0.439610097477
-0.570594561731
-0.776357723544
-0.944817037568
-0.983312215663
-0.854026421554
-0.58894187171
-0.279275658308
-0.0433746749234
0.0155840751876
-0.152499046555
-0.523898641759
-1.00423246684
-1.45435904768
-1.73068753807
-1.72746581721
-1.40847363407
-0.81899340612
-0.074626928085
0.670165848509
1.26544985884
1.60919182427
1.67784643209
1.53380982809
1.30526527415
1.14240982875
1.16294600582
1.40576218778
1.81159865187
2.24157095137
2.53024351882
2.55451308931
2.28979165654
1.8266683117
1.33579618979
0.991509230697
0.885945765678
0.974536529111
1.08414270717
0.988717339749
0.524639058689
-0.305892780714
-1.29678517503
-2.09456150521
-2.33707750097
-1.8209672996
-0.623725684995
0.881588432003
2.13857602408
2.61047821409
1.9937583401
0.351324879192
-1.89587322807
-4.12121164172
-5.72845574227
-6.37352264874
-6.07908534755
-5.1958365311
-4.23169679432
-3.62776169562
-3.58094373033
-3.98861447057
-4.53215388064
-4.85203352571
-4.72718154707
-4.17404733045
-3.42341011505
-2.79379401203
-2.52935963514
-2.68393901135
-3.10602230079
-3.52676751227
-3.70163660038
-3.53171134765
-3.10443132496
-2.63709872003
-2.3567914646
-2.38142293832
-2.66331987814
-3.0217745515
-3.24367432358
-3.1965252933
-2.89373077694
-2.47930210793
-2.14301526999
-2.01380873772
-2.08963257905
-2.24105844853
-2.2855066917
-2.09088039298
-1.65201327569
-1.09852236042
-0.629863890259
-0.412439707741
-0.49359726102
-0.777870892902
-1.07728141328
-1.20817062651
-1.08297122581
-0.749099593736
-0.356299039733
-0.0721959764711
0.00721631895547
-0.0957760932803
-0.26015773899
-0.338652528852
-0.241364090537
0.0161344547381
0.326164514456
0.554908538726
0.622796302781
0.55337686302
0.462667130606
0.494441699332
0.737284327545
1.16962096077
1.66369804191
2.0471078636
2.18899303853
2.06489314541
1.76645545123
1.4528232106
1.27214494337
1.29657992767
1.50426184328
1.81300909004
2.14002352685
2.44743048952
2.74398508769
3.04267576729
3.30478918861
3.41407933371
3.21044642952
2.57725965483
1.53961244651
0.314549568135
-0.729171683937
-1.20055784781
-0.854710844363
0.278273268838
1.87147572782
3.40716114288
4.37028998561
4.44485092183
3.624463707
2.18886444973
0.562643628695
-0.870918416928
-1.90915794467
-2.55933278952
-2.95580291374
-3.22369764559
-3.37512102653
-3.30267973801
-2.87620996359
-2.08430936915
-1.12910148467
-0.401244931474
-0.325330257921
-1.14100600702
-2.731255818
-4.59837422947
-6.02174532824
-6.34096668181
-5.23942524789
-2.89427521069
0.0831432117605
2.89375910838
4.87096001226
5.72527508211
5.60206668331
4.93433266021
4.17506314647
3.55237532023
2.97538849591
2.13706547565
0.754270605702
-1.18956889979
-3.33786461183
-5.05919701241
-5.71149470397
-4.94314502589
-2.87792735231
-0.0858731553403
2.65090423228
4.6647819293
5.66261524195
5.79539519291
5.51248097522
5.28586010784
5.35440945305
5.62283830485
5.76329583831
5.45595020314
4.62821759746
3.55239142752
2.73892842867
2.67643395575
3.55788351359
5.14666971368
6.86575771479
8.07421074922
8.39079561988
7.89174284052
7.06960953846
6.56405004586
6.79914312579
7.71929367704
8.77304893577
9.16977319711
8.29036132787
6.04503166496
2.98733731961
0.109740925877
-1.59401228354
-1.59188838226
-0.073040152708
2.13073654721
3.9311512875
4.49330349434
3.62129018406
1.83055669704
0.0721362652892
-0.753423528845
-0.250145696592
1.277071525
2.9801875339
3.89856176986
3.4449706233
1.70336971538
-0.609274569333
-2.49542840907
-3.16531179468
-2.41734683751
-0.724799426983
1.00727673178
1.8856932565
1.44804220127
-0.148591449767
-2.25131385128
-4.06839692334
-5.06476774464
-5.18976057371
-4.82715757896
-4.50904817986
-4.56117698649
-4.88192698213
-4.98243250362
-4.27171870667
-2.43469693727
0.305160308704
3.19206020243
5.22899519996
5.62023523936
4.14846567207
1.29676938564
-1.95001941817
-4.53144577993
-5.75980905511
-5.57682980488
-4.50310024567
-3.31946118903
-2.65117836863
-2.66813131385
-3.0473185552
-3.20418844628
-2.65977893943
-1.3431860809
0.333047144198
1.66497167879
2.01564283905
1.15175994524
-0.61787142683
-2.57522944459
-3.93034984378
-4.19187496607
-3.38486386355
-2.01048000267
-0.775199756406
-0.23317771642
-0.525046570529
-1.3410529103
-2.11692011079
-2.35061563142
-1.86963707539
-0.910361552736
0.0255938647132
0.454141051437
0.175202832
-0.620063352523
-1.45616659477
-1.83353974712
-1.50007316862
-0.587542363427
0.459531513298
1.12322856849
1.09067503175
0.422378757607
-0.479119259319
-1.08288945568
-1.01116014194
-0.238858388926
0.894321834533
1.86457303395
2.24026614174
1.90678870452
1.12140575631
0.371035911108
0.110974251798
0.525265214467
1.43637108874
2.41035252532
2.99794478004
2.97870304972
2.47433706004
1.86923926097
1.58244840781
1.81839201849
2.43806193069
3.02867767036
3.14124804521
2.56969510499
1.51483316626
0.530353086951
0.260443290577
1.0921787153
2.90027706981
5.02618806576
6.52256795485
6.56211634982
4.82292867551
1.66593928775
-1.98591701308
-5.01746086054
-6.57321944005
-6.38711445463
-4.84526250651
-2.76464747145
-1.00272126586
-0.0863617279988
-0.0295317550664
-0.410017653566
-0.647958216041
-0.335787931635
0.545644659834
1.62351073727
2.33003088895
2.1904624582
1.05528737564
-0.832192616313
-2.95271085337
-4.74064924716
-5.80703078219
-6.05340804013
-5.64134711237
-4.85993788088
-3.97950385807
-3.17123872285
-2.51919487963
-2.0872647739
-1.96871252003
-2.26082062252
-2.96349004463
-3.863851608
-4.49869209696
-4.25973764347
-2.63247150589
0.524809239176
4.80085393016
9.26570550729
12.7451840381
14.2455340816
13.353327023
10.4282714388
6.48700554925
2.8111894486
0.440948396367
-0.226987137607
0.440957066054
1.52940636905
2.02238921062
1.27941051114
-0.677880874842
-3.19489901804
-5.30659564674
-6.19403465541
-5.55662695552
-3.72700760819
-1.4825960963
0.345518054458
1.27042337521
1.35929039357
1.15649477063
1.3637694626
2.44073521417
4.32767449233
6.43191514971
7.88985934023
7.98170731033
6.50052498921
3.89730964494
1.12870870425
-0.726874883284
-0.912238630569
0.703951057995
3.59108106493
6.79434871528
9.32875253225
10.5483047418
10.3325890489
9.02759312868
7.19596801865
5.31619575044
3.58205314816
1.89132431443
0.0101617021615
-2.1907562193
-4.56565785766
-6.68797424825
-8.02002372769
-8.17493544897
-7.13638461139
-5.3184626996
-3.42446493184
-2.16182183621
-1.9424878017
-2.70850353431
-3.96585963814
-5.01317655862
-5.26107027628
-4.49623326802
-2.97060074081
-1.27756159548
-0.0753664666107
0.213103673469
-0.413392619095
-1.54492258498
-2.55884214858
-2.91212465445
-2.39297364722
-1.21875031576
0.0608064084436
0.807998959035
0.578139195713
-0.686282532182
-2.62889755959
-4.62490894395
-6.02945362036
-6.42022331503
-5.73582663287
-4.26305631972
-2.49356008762
-0.922579484938
0.122039979446
0.556598455325
0.509062557731
0.211395982644
-0.122293363762
-0.37538712225
-0.539662643206
-0.668636753272
-0.810754296209
-0.96322534536
-1.06910409305
-1.05245623031
-0.864992839797
-0.513454021827
-0.0512216766127
0.459000591357
0.985883631151
1.54477584734
2.17324523223
2.8767812411
3.57532827691
4.08652840894
4.16703314961
3.60507159972
2.32915633526
0.483736922868
-1.56914009416
-3.33486988737
-4.3343969945
-4.26334584261
-3.10241368306
-1.1359925874
1.12973874906
3.12047832979
4.3649045207
4.62501234744
3.94550296862
2.61340974247
1.05066422342
-0.317940281251
-1.17687551519
-1.38148662854
-0.96065121237
-0.0728660469033
1.05982621911
2.21496793177
3.21304706571
3.9361389029
4.32684902463
4.37726497781
4.11668596859
3.60243024776
2.91307928272
2.1406281413
1.37824557788
0.703210865634
0.158506769777
-0.260430196928
-0.606776608667
-0.966900170328
-1.42967062365
-2.04838425353
-2.80839225215
-3.61460597431
-4.30839068527
-4.71347545547
-4.69846147235
-4.23415758256
-3.42208138237
-2.47839000829
-1.67350267194
-1.24592118709
-1.32140777665
-1.86934264156
-2.71509447946
-3.60509872382
-4.29928275835
-4.65351462143
-4.65890901356
-4.42389937183
-4.11060461755
-3.85727377878
-3.72369241631
-3.68367754592
-3.66424233706
-3.60685807806
-3.51484542939
-3.45851431809
-3.53283424768
-3.78943351952
-4.18127668858
-4.55491394875
-4.7022608766
-4.45236152755
-3.75969800637
-2.74262499955
-1.64667184382
-0.743621026336
-0.210859944739
-0.0490573366557
-0.0814011996708
-0.0400507640981
0.297416758741
0.985794766184
1.86532100038
2.61773145124
2.90445630193
2.52552764332
1.52519149871
0.192663273887
-1.04594149056
-1.79804443909
-1.8617550254
-1.30017693642
-0.401825040591
0.451464383063
0.946490338963
0.957175040932
0.570372668214
0.0159799340997
-0.456605253535
-0.691623133413
-0.676456322102
-0.510913560414
-0.322360159011
-0.179193029142
-0.0522242089349
0.156176935121
0.535112810489
1.08826349918
1.70576289857
2.20646968994
2.4318470663
2.34101938851
2.05164641437
1.7970813096
1.81437230609
2.21710943294
2.92033554696
3.66297559787
4.12570118884
4.09201650369
3.5734014848
2.8308406657
2.27153841864
2.25987100935
2.92663171866
4.06764839504
5.18679112942
5.67472769194
5.05258111933
3.17785221762
0.323712526585
-2.90383390142
-5.77747062723
-7.7017574453
-8.40619618459
-8.00567382848
-6.91445976965
-5.6608212004
-4.68571251609
-4.20679012751
-4.19236523194
-4.43812052093
-4.69693506259
-4.79693664292
-4.69863592894
-4.47771782825
-4.2566764695
-4.12862449384
-4.11281404497
-4.15870415395
-4.1875759668
-4.14252355542
-4.01737964263
-3.85087941673
-3.69397186096
-3.57324770806
-3.47404570905
-3.35345017319
-3.17434334651
-2.93808172038
-2.69312271556
-2.51041881015
-2.43632129084
-2.44903627691
-2.4464282524
-2.2791849751
-1.82024269498
-1.04037720958
-0.0520573561326
0.905867073704
1.54494068365
1.63881714797
1.124249245
0.145839194025
-0.980269001751
-1.87531018369
-2.23914575788
-1.96716302523
-1.19314960921
-0.237042785628
0.524540982484
0.813757801095
0.568508509021
-0.0300312926503
-0.634436939461
-0.883595773752
-0.567725740278
0.266054200835
1.31778142425
2.15365147103
2.39515098996
1.89950756136
0.850713168231
-0.286330916984
-0.939502707783
-0.665324324827
0.650520371802
2.71689298223
4.92587914563
6.57818577598
7.1562957904
6.53136066944
5.01352974359
3.21996267535
1.81342250237
1.22262144151
1.46640646433
2.16062883817
2.70662739344
2.57855167543
1.58028205078
-0.0463013921258
-1.71484913487
-2.75210163428
-2.70592248686
-1.56464787336
0.214051656713
1.88224005557
2.71266510722
2.30554468861
0.756338692169
-1.38824433036
-3.3640859224
-4.50754229808
-4.51671961781
-3.54495274328
-2.09442844897
-0.769154003919
-0.00731939615089
0.0839338592325
-0.277113059325
-0.707153878099
-0.883587448646
-0.718795583296
-0.396734344679
-0.257679426141
-0.594339311436
-1.46705142983
-2.63590525205
-3.64882681711
-4.04630784649
-3.58431022904
-2.36599611481
-0.815627119262
0.49661182731
1.09863319341
0.816080199607
-0.164463806073
-1.39583291426
-2.38413470663
-2.8134513737
-2.67551341752
-2.24551178663
-1.91950078644
-1.994802153
-2.50138239941
-3.16735708133
-3.53791375596
-3.19437812747
-1.97264858627
-0.0792707347497
1.951327271
3.44476452861
3.8429026257
2.92271220229
0.889293802413
-1.69187630391
-4.09281342694
-5.67083436182
-6.07198152126
-5.31983197966
-3.76860404278
-1.9515214625
-0.389564573215
0.568901328433
0.828446948026
0.533292786509
-0.0190950562827
-0.496800547427
-0.641808394591
-0.337462643173
0.376668359652
1.33717147909
2.32031698754
3.11662170088
3.5968979452
3.75317045801
3.70252827643
3.64928836228
3.81149703817
4.33044422784
5.19241912209
6.19481242054
6.9796272281
7.136553722
6.35072223722
4.54718532867
1.97578827824
-0.807166943607
-3.071630576
-4.12998012732
-3.5696178338
-1.42001723567
1.81293493781
5.27037472223
7.99107066183
9.20971572654
8.60079933188
6.38030177951
3.2256473587
0.0397461068255
-2.35689306487
-3.4939992472
-3.38159402023
-2.45681570365
-1.37279200286
-0.71629629862
-0.768282331891
-1.40303235818
-2.16441627657
-2.48467049379
-1.95219199231
-0.514680136083
1.46882129887
3.35007197303
4.43817147107
4.26899598206
2.78727137438
0.368468852443
-2.32508782193
-4.59155637064
-5.93808538929
-6.2324181252
-5.7043932853
-4.80886236706
-4.01748952536
-3.63063118235
-3.68387385454
-3.97688490393
-4.19774910548
-4.07838794145
-3.5109893337
-2.58098491796
-1.51422078091
-0.573651286186
0.0425821683752
0.259403296663
0.124682403302
-0.234321028078
-0.666425547169
-1.03542174553
-1.23203556846
-1.16941607688
-0.783204458122
-0.0514766087876
0.968395782635
2.10806758848
3.09120807614
3.58977655908
3.32681682013
2.19148120982
0.317196118552
-1.91868699993
-3.986850541
-5.36470554066
-5.70655724823
-4.96136871555
-3.39206792234
-1.48745573748
0.201392943767
1.24064770414
1.44572861593
0.922648249043
0.0104217356831
-0.848703683065
-1.26224078546
-1.01175442802
-0.111212920093
1.2130917293
2.60823077301
3.71485480677
4.2834468039
4.25164493692
3.75992739054
3.10073126382
2.61561212009
2.57187003301
3.05915072007
3.94354089717
4.90017542574
5.51883231776
5.44901849117
4.53286290426
2.87482996273
0.818958219952
-1.16015811327
-2.61152493805
-3.24725512528
-3.01453423008
-2.07744238647
-0.726177576784
0.737753185092
2.08514443059
3.17748434352
3.92453761266
4.2211088036
3.91622549655
2.85035425223
0.955424469869
-1.63068673356
-4.50494789955
-7.05010479165
-8.60289546976
-8.68728984532
-7.21875508559
-4.58461402425
-1.55011812336
0.987559528075
2.30697616976
2.10967425469
0.606465663079
-1.59122685238
-3.72652203363
-5.1892547008
-5.72365999223
-5.47183580894
-4.8487069419
-4.31795712348
-4.17678525071
-4.44438650593
-4.89350678156
-5.19473745261
-5.09317125098
-4.52917544276
-3.65026185957
-2.71922671254
-1.97471845248
-1.519396697
-1.29055678844
-1.12138399566
-0.853334654141
-0.435973316711
0.0390541657232
0.385706236594
0.424934971068
0.084859381518
-0.552343664228
-1.2793950874
-1.85194202612
-2.09058988436
-1.94836518382
-1.51615719539
-0.971370277197
-0.501193515013
-0.238592955611
-0.23519217998
-0.471011113983
-0.881752804247
-1.38077939357
-1.86537172001
-2.21534903853
-2.30293904067
-2.02732514768
-1.36784125073
-0.428685916448
0.559511377538
1.30143648921
1.55025193722
1.22701764718
0.486613316401
-0.313578690115
-0.743264080855
-0.47826631526
0.550906428282
2.11438629065
3.77101608598
5.05493590735
5.67588330891
5.63723939457
5.21242516296
4.78871576466
4.65463761078
4.83844982824
5.08301355637
4.97549935196
4.17111287402
2.59841054117
0.53750949916
-1.4778577037
-2.89586496623
-3.40881727251
-3.11151711687
-2.47028369997
-2.10702246818
-2.49440315833
-3.70633938439
-5.34748041623
-6.70432076514
-7.05658874711
-6.0103122803
-3.70062983266
-0.769851965157
1.87243253391
3.40285431212
3.39842851311
1.98016315571
-0.265335386917
-2.53887448948
-4.13732419795
-4.68576905292
-4.20823772336
-3.03291149181
-1.6013101019
-0.283108764138
0.722278273136
1.37364036038
1.70306899174
1.72879902493
1.42600232533
0.771235487726
-0.175136680439
-1.21252667075
-2.02259893826
-2.27889778903
-1.79848913806
-0.658388890847
0.792001984251
2.04441080194
2.63069215122
2.32067252315
1.2267604338
-0.23704536243
-1.52749027927
-2.19994291781
-2.0895010391
-1.36456575275
-0.431548052577
0.261751862128
0.430919255071
0.0734797015168
-0.550189616185
-1.05910691601
-1.14529312002
-0.72494036413
0.0239438017421
0.752904060401
1.11730893023
0.948770383127
0.342763016598
-0.380894275817
-0.827076340964
-0.714854107685
-0.0188970788721
1.00478397808
1.92446408405
2.32592648052
2.00871876648
1.09681212234
0.00982129362352
-0.69987773115
-0.580122230134
0.515178407229
2.33748810556
4.31700012077
5.77605296091
6.20036399792
5.45703741082
3.86470993062
2.07834843767
0.827396172679
0.610182251047
1.47184493011
2.96463539556
4.31716663893
4.75121757666
3.8180564402
1.61110598075
-1.24217841404
-3.81568198069
-5.25573444232
-5.13386500711
-3.62936520876
-1.45880619246
0.422471972236
1.22173433213
0.640510926385
-1.00792921058
-2.94688992745
-4.28482833043
-4.40985032756
-3.2557941024
-1.32403540227
0.544381487781
1.53979609491
1.22970503996
-0.273256935362
-2.38830654979
-4.34188959811
-5.50644569666
-5.64532712954
-4.95910735917
-3.92823074822
-3.04436590138
-2.57078797117
-2.44892914323
-2.38783411684
-2.07761255676
-1.40567221535
-0.556292448667
0.0622837108614
0.0271852381844
-0.862027694485
-2.44359705203
-4.22805929382
-5.59636417049
-6.06851124987
-5.51387305801
-4.20293511793
-2.67793653904
-1.50730012868
-1.04224712058
-1.28810039891
-1.94244690342
-2.5695732053
-2.81741601903
-2.57002947316
-1.96898487234
-1.30752437288
-0.864044047585
-0.76508787956
-0.943240829608
-1.19883645551
-1.31872713497
-1.18051296549
-0.787919679067
-0.229677153592
0.398554184225
1.04998520209
1.7200066446
2.38236706631
2.91737793309
3.09514150291
2.64945229617
1.42268030277
-0.490158961607
-2.68660994873
-4.54641757543
-5.45034263992
-5.04053151217
-3.40017536228
-1.05592983348
1.21522121603
2.6986445258
3.03517890533
2.35787901678
1.20560521497
0.252405676259
-0.0185051277269
0.461257117566
1.33220405926
2.01066630727
2.00759061283
1.2025771762
-0.0661552183282
-1.14524241587
-1.3772034674
-0.429536905039
1.51816923419
3.82151211036
5.63296218894
6.25620887389
5.42963508263
3.41275862947
0.845865892399
-1.54008294641
-3.22108226575
-4.04950967974
-4.2310222621
-4.14242646333
-4.09843913774
-4.19054012978
-4.27317196265
-4.08958172811
-3.45632146372
-2.39931896377
-1.16670777746
-0.114424480976
0.469373728473
0.503190228932
0.138760573136
-0.337353326729
-0.671038416229
-0.783275556937
-0.808425409455
-1.00551567814
-1.58945247779
-2.57393113927
-3.7141471843
-4.587082205
-4.77638338953
-4.07421872958
-2.60176714254
-0.788137835299
0.785338084821
1.606124111
1.42001606659
0.311343325562
-1.35065486043
-3.0639510667
-4.37164989732
-4.99326163381
-4.86976132483
-4.12767010756
-3.00009861426
-1.7489859114
-0.614703584353
0.207799027159
0.584561953188
0.465794869659
-0.0857450847522
-0.883021285683
-1.64591158675
-2.08433714782
-2.01107971109
-1.43523863011
-0.583469508331
0.177515546347
0.497074783591
0.211341085208
-0.552419935966
-1.39622367391
-1.8006206709
-1.34546361819
0.0933698931022
2.26167880136
4.60136135825
6.45453469084
7.3122336624
7.00302346606
5.7446139358
4.04276578652
2.48721079831
1.5340304827
1.36174226495
1.84873080105
2.66418803889
3.4201374698
3.81686530776
3.73022179282
3.22352698791
2.49951566176
1.82396839814
1.44947887676
1.55380165539
2.19534464985
3.28680383742
4.59489691218
5.7796978545
6.48074970616
6.43646418326
5.59748338995
4.18043367491
2.62014556145
1.41756958528
0.932279374073
1.20665195131
1.9098288804
2.44588229896
2.19769078802
0.809111868181
-1.62141371344
-4.53347771966
-7.10207179087
-8.56395025431
-8.5328152042
-7.16179559688
-5.07726140637
-3.1115533383
-1.95496794134
-1.88436122935
-2.68836741744
-3.81502929984
-4.66227455152
-4.86652901783
-4.45132287962
-3.77178359014
-3.29457026467
-3.33375492611
-3.88108882425
-4.61609726979
-5.08581520734
-4.95547328022
-4.19562759851
-3.10603846358
-2.16330145534
-1.77230305951
-2.052440538
-2.77178767956
-3.4653568802
-3.67746042184
-3.20293858468
-2.20162138665
-1.1251037514
-0.491335243469
-0.620949975137
-1.46940064529
-2.64063487642
-3.57622115591
-3.82549801718
-3.26225236876
-2.14133578739
-0.969471084903
-0.256762950076
-0.272691354376
-0.924943927184
-1.81586202424
-2.44301768167
-2.44207618163
-1.75443156153
-0.644179551718
0.43507484187
1.05253980545
0.989447586825
0.3229063619
-0.621236475577
-1.41037475068
-1.66962822352
-1.20003392278
-0.0167707902075
1.68321343441
3.58827131018
5.33914483639
6.58321361908
7.02592057337
6.4947975875
5.01427380293
2.86160261259
0.557786568697
-1.23994297075
-1.93492539348
-1.21478782079
0.793648366377
3.52303388899
6.14416327309
7.86870627128
8.25365068151
7.37133628132
5.76085256225
4.17423511807
3.22905780689
3.12863505077
3.58439435742
3.98121730753
3.70909840668
2.50062650714
0.606318990745
-1.28513699956
-2.3519419358
-2.02868239842
-0.294900946015
2.27770339227
4.74647373338
6.18738070409
6.07405027688
4.47452394679
1.98302728883
-0.569667915838
-2.4821109748
-3.45088876536
-3.6253894862
-3.44239573631
-3.34226247679
-3.52031415856
-3.83927710619
-3.93835800613
-3.47025246363
-2.33272356477
-0.768204696686
0.722686870516
1.60915984841
1.58201017645
0.700731108684
-0.636716670831
-1.88268469254
-2.58928353899
-2.59420370676
-2.05665296528
-1.3375833131
-0.797821484371
-0.624757163653
-0.77512938192
-1.05281024641
-1.26476837486
-1.35689413519
-1.44609726201
-1.72724022524
-2.30844315847
-3.07441994195
-3.66847016824
-3.62282907031
-2.58566230754
-0.53426697468
2.1396624145
4.73115080926
6.47908439535
6.87094260863
5.85860652501
3.88551493272
1.71007280722
0.102314967697
-0.453330788001
0.0775496612139
1.31083581731
2.64460397815
3.52943594711
3.6851790475
3.17513748771
2.32081582196
1.51433124234
1.02683601667
0.903021365653
0.98189890395
1.01954687362
0.842169601076
0.448810120208
0.0137055758132
-0.208947513186
-0.0267360281231
0.575187922369
1.4029199049
2.12520963872
2.41784444793
2.1181660578
1.32156375
0.375195740565
-0.234523289563
-0.0618826745453
1.11677549926
3.18926599156
5.70828963256
8.01447951195
9.44619217864
9.56727355597
8.33275957352
6.1286766837
3.66266133558
1.73490503943
0.965616146907
1.57711171653
3.3143367577
5.53888353585
7.46503027841
8.44821051054
8.21216754872
6.92384167736
5.08783227939
3.30936341716
2.0319517694
1.36641439266
1.08497900064
0.776609398869
0.0832839722938
-1.10126179396
-2.56934619603
-3.90385493217
-4.69459817811
-4.75305954293
-4.21061594431
-3.44367346176
-2.85946823673
-2.65294940759
-2.66755162872
-2.446212954
-1.46396474127
0.563792569635
3.452577493
6.528155208
8.84837439899
9.58407969787
8.3913451564
5.59994848267
2.11983946248
-0.90556125212
-2.55259588766
-2.47858502229
-1.03239235761
0.930412414526
2.43822446855
2.81906816279
1.95492184788
0.269991575443
-1.52351490269
-2.78594390137
-3.23755008296
-3.03801968073
-2.63240853888
-2.45562979446
-2.65634122446
-2.98776399034
-2.92570225979
-1.95712540595
0.105741775831
2.94748812612
5.80653269578
7.75443263528
8.07857936069
6.59859987478
3.77442446787
0.55574874424
-1.96494736163
-2.95169974183
-2.11594318081
0.209403478564
3.22689772676
5.98433759246
7.70709509766
8.02875872853
7.05043957765
5.2335201721
3.19169518089
1.47343189504
0.411763485391
0.0779629107108
0.3304949826
0.91924273269
1.5958133104
2.19115849612
2.64243894896
2.97198580958
3.23597345275
3.46711031434
3.63504681634
3.64148661986
3.3550941344
2.67599108657
1.60504299081
0.285581645232
-1.00941296879
-1.95193998105
-2.27457026676
-1.88196791075
-0.906501843096
0.326073604228
1.41694105055
2.05461694466
2.14441168485
1.84306897221
1.47460829328
1.3596508927
1.63628667662
2.16154302053
2.54992880364
2.34202713731
1.23114992112
0.3795045844500038
-0.9536972437851148
-2.126846920891083
-2.4994006296206948
-1.69031753115
-1.0289517563
0.348311202286
1.79298864538
2.70170746012
2.74178357833
1.94543826304
0.643207108065
-0.716931095981
-1.76951584917
-2.35668400592
-2.53185707507
-2.46203877653
-2.2984569606
-2.09299256978
-1.80206231759
-1.36282579866
-0.782250399129
-0.173308965374
0.292280154341
0.489808374679
0.43841777249
0.319211381937
0.386845993248
0.811462448102
1.53815266235
2.2555312981
2.5154788974
1.96497609221
0.580429947972
-1.22451369656
-2.69862126847
-3.04412704104
-1.78326180574
0.967136559471
4.45328956469
7.5170998227
9.02178221972
8.2960720044
5.40769799056
1.14848456133
-3.26097272241
-6.61826884938
-8.14892257707
-7.71686050857
-5.77144495393
-3.08637952491
-0.429722276294
1.68450329566
3.07321359551
3.79603140202
3.98862254692
3.72924515768
3.01185980763
1.82397932499
0.260109504269
-1.41979730488
-2.84222350077
-3.66751101581
-3.75450865641
-3.24498240241
-2.50832875424
-1.96258443323
-1.85909142539
-2.144871003
-2.48176694387
-2.42128407546
-1.65064413861
-0.183870047442
1.60457667938
3.12770118152
3.84660096714
3.51605714447
2.293589305
0.659068112022
-0.2826034643131692
-0.6510243255811758
-0.36406778617633506
0.33779348916115737
1.0516524024378526
1.4335642177554462
1.362404220408564
0.9661567968112621
0.5105951803259501
0.22644963516407302
0.1812653466707843
0.2702560499470792
0.3256787843317426
0.2701808566269648
0.20986552476418296
0.39635967733870814
1.0665588322165576
2.249007065623786
3.659082900332905
4.767665613877867
5.035332427487219
4.204850470967713
2.4950491849635625
0.572260110123
-1.27746850186
-1.87118514406
-1.14298214375
0.321219371241
1.50841560502
1.44096108257
-0.33152832891
-3.45160689182
-6.84016404494
-9.13654529239
-9.30735753491
-7.14629335687
-3.42372776057
0.402143604526
2.80022102979
2.84046822049
0.625052331486
-2.72212800567
-5.51149044322
-6.19575752355
-4.02561047559
0.626188095084
6.40452394728
11.5076397603
14.3872557034
14.3238151644
11.6546805306
7.58798380959
3.70506908695
1.36734225905
1.25799943674
3.21106815857
6.35339374989
9.46763414476
11.4207402853
11.5071853583
9.61300973007
6.1822169862
2.02948119463
-1.92422462611
-4.91295642516
-6.51879848337
-6.75378397763
-6.01386535532
-4.91794204908
-4.07803217328
-3.87506087361
-4.3240938075
-5.09033074618
-5.66216939696
-5.61777144487
-4.86832094006
-3.7554354245
-2.93436829096
-3.07168266139
-4.48322073646
-6.8857285798
-9.40231008574
-10.8545285413
-10.2379802074
-7.17877170586
-2.15874430994
3.6099135754
8.62289474993
11.6489031499
12.1702783969
10.5016199397
7.54087581225
4.28553706681
1.36246421257
-1.18748182726
-3.76034691891
-6.75902557344
-10.1234085185
-13.1003302011
-14.4251238248
-12.8791048857
-7.98026967245
-0.463833384658
7.72635170055
14.0051940439
16.0811259384
12.8770475272
5.03271622768
3.971204671552087
3.4395050869
-3.35143511043
-5.6009567163
-3.66558342493
0.641165584651
4.87387556293
6.97683541839
6.06817770249
2.6759919552
-1.63193976567
-5.01979327965
-6.19456464388
-4.90625750824
-1.95240471462
1.26532025874
3.39360437171
3.68327049748
2.21850291247
-0.239362641994
-2.67395154523
-3.7782275708129873
-3.753035274761686
-2.827522131996318
-1.5454918342764046
-0.4549689160313477
0.13494116615720486
0.22653179058150386
0.03390413616675403
-0.20253901073965608
-0.3706782195255016
-0.5283221622021301
-0.824096182344789
-1.359532172337481
-2.0826864927988
-2.779159110327683
-3.16691468559
-3.18907692835
-2.68810943998
-1.87082198886
-1.07859292873
-0.639777985387
-0.727697031032
-1.28760451745
-2.05912250025
-2.67584003024
-2.79421745907
-2.20138340018
-0.87156992125
1.03185344816
3.19376666427
5.20728517714
6.648470521
7.1650312616
6.57359118465
4.94406343839
2.6340257948
0.236486225266
-1.57025385101
-2.23808084879
-1.55551559946
0.244184751038
2.53572190774
4.51465163495
5.49690376012
5.18390880255
3.77717309524
1.88629147924
0.265181061373
-0.509147805412
-0.271793342359
0.686785005847
1.78678888559
2.45341512988
2.39784798421
1.75011672492
0.980840645952
0.651247481397
1.1141636395
2.31247600039
3.77447220055
4.81071294103
4.82091267409
3.56804272651
1.29427749345
-1.37053570877
-3.66058066475
-4.9682279885
-5.05100157018
-4.07087518564
-2.46850603295
-0.74987094821
0.706192863443
1.73554265741
2.35072244919
2.62380510412
2.57260756376
2.12139352835
1.15739508001
-0.354811854217
-2.27519462802
-4.27431248556
-5.92666473893
-6.87537297166
-6.99023404746
-6.43854010961
-5.6266151165
-5.03072134109
-4.98900950942
-5.54600149636
-6.41881539698
-7.10127232686
-7.06322395015
-5.9641242741
-3.7972289147
-0.91209648639
2.08781300929
4.53028954113
5.87545879041
5.86788358932
4.5977479783
2.46131371359
0.0401755656388
-2.06195733319
-3.37911304892
-3.69733945885
-3.0936261397
-1.88918900309
-0.530932186356
0.561650854528
1.13215308463
1.15568071716
0.812622151478
0.377592812406
0.0711726546165
-0.0574881942186
-0.158646914399
-0.501076910848
-1.31584161148
-2.63999553995
-4.24323799061
-5.68640610286
-6.49758162687
-6.38900831569
-5.4084653356
-3.94099344906
-2.54475224183
-1.68789457882
-1.5104815983
-1.73491167952
-1.78500603187
-1.07418238944
0.665907660319
3.17781277551
5.70912310952
7.29348962129
7.17370548069
5.18158565638
1.89468615397
-1.52013598505
-3.72974478426
-3.75614466991
-1.3780338077
2.75966065128
7.37751034838
11.0389334972
12.6754480883
11.947536893
9.30592723363
5.74951802887
2.40154961158
0.0901709745361
-0.900787679846
-0.834318873086
-0.311691030805
0.0288237322568
-0.231847861072
-1.17601667814
-2.58566650215
-4.07839535894
-5.25938121341
-5.82489765744
-5.60063409124
-4.54196593768
-2.73697279551
-0.431038100196
1.94785195795
3.81171758883
4.52419215713
3.59759164182
0.912512406247
0.791421382990805
0.16749242941220643
0.153505804865
-2.31971483252
-2.69180096147
-1.16010511242
1.43464569135
3.92215677435
5.25638059414
4.9221573232
3.1210379079
0.655256916048
-1.43953474753
-2.35105887126
-1.83569188387
-0.302289627412
1.39708903157
2.36989074416
2.09510259426
0.660555635669
-1.27586100167
-2.77674530756
-3.03267652603
-1.70584123508
0.934665037926
4.132053258
6.94920895639
8.62237060349
8.81204605789
7.66090067245
5.66089194265
3.41308470704
1.39758716605
-0.152405689348
-1.24154149986
-2.00510454952
-2.57978122376
-3.0236047856
-3.31566729097
-3.41567358621
-3.33136360263
-3.14398681904
-2.97400175465
-2.91016901667
-2.95030650431
-2.99631665226
-2.9130441165
-2.61960866938
-2.15769642678
-1.68956410035
-1.41667851712
-1.45784416285
-1.75608452082
-2.07691502099
-2.11665716576
-1.6786292391
-0.829261835465
0.0576661202449
0.415230704391
-0.273692872043
-2.20561874751
-5.08767033549
-8.16836229586
-10.4814394806
-11.2167097004
-10.0634795602
-7.37041409799
-4.03640299342
-1.1622955916
0.397584079325
0.393119218537
-0.714097021154
-1.9481132984
-2.24254745918
-0.910970234851
2.04016508688
5.89322979862
9.50430050024
11.7665309129
12.0496935707
10.4267691066
7.59631459421
4.54678296051
2.12277182533
0.691372194586
0.0529224529599
0.664532368101078
0.8581265752983853
0.30816318033159007
-0.8482465726589652
-2.0960687100292006
-2.8232335461389795
-2.648759375053956
-1.628115564668775
-0.23053340342990225
0.8994280818533582
1.2727203807236265
0.8076736686957133
-0.12855471383463168
-0.9120901583875707
-0.9893314546657024
-0.16768682832658044
1.285371192261465
2.79233004154
2.58099470446
1.64212260594
0.252028843207
-0.938326764537
-1.24863245323
-0.366632398202
1.41648543329
3.27705350208
4.22862789586
3.62268874253
1.52755082157
-1.22709187405
-3.39803868277
-3.92865084205
-2.51709817606
0.142722489473
2.60562992755
3.33365433762
1.48331155146
-2.55489649332
-7.15562056824
-10.0534482031
-9.31105607391
-4.24470409282
4.11980845368
13.3002689203
20.2521252355
22.545147158
19.3262162309
11.6537286714
2.05848138346
-6.4773020002
-11.6797452528
-12.7872779505
-10.6747564497
-7.28585439362
-4.66980763627
-4.08041229255
-5.53942963192
-8.02561044348
-10.1439824559
-10.9063951634
-10.2193539312
-8.84128214466
-7.85250722673
-7.93590655643
-8.86689317176
-9.50763637419
-8.34306813733
-4.31292900649
2.47347147048
10.5188422303
17.370892599
20.5531540735
18.5946870541
11.6966319103
1.72569055411
-0.6030470345550185
-0.431935381501
-3.69465776957
-2.85985351021
0.606994417307
4.54680437475
7.0755072212
7.33074420515
5.68985607708
3.41185920739
1.9206301926
2.09316454739
3.88414280584
6.4325239161
8.55491507405
9.35242901866
8.62410199667
6.89785407617
5.09261476505
4.00816429839
3.91337365724
4.43814023504
4.80933883522
4.2939827722
2.61285543929
0.111809758712
-2.39163538333
-4.00183170857
-4.17599318984
-2.97798681009
-1.03608912014
0.763008536229
1.68331894364
1.44888243337
0.311340969836
-1.13761338505
-2.29436131747
-2.83507815081
-2.82574109435
-2.60993851259
-2.55424583263
-2.80309658433
-3.18296614232
-3.30839075091
-2.82828334766
-1.67172322309
-0.150098953851
1.15176314472
1.64922958422
1.05860552538
-0.433200344329
-2.22613348232
-3.57373573606
-3.93363709649
-3.2299457234
-1.89511617393
-0.665238154877
-0.223501629067
-0.862084495631
-2.32560794486
-3.91314386656
-4.79272116296
-4.38201134628
-2.61910082134
-0.000833255093866
2.62426275363
4.40925988639
4.84703947544
3.94704197974
2.18535476153
0.268804691341
-1.16665027357
-1.78498940467
-1.61595926392
-0.952285966292
-0.152150180982
0.543604188686
1.091591167
1.59840328571
2.19003924309
2.88292070424
3.53364936343
3.89644120675
3.75571501333
3.05941290744
1.97751151635
0.849228059622
0.0404559023194
-0.220194520238
0.0536817904366
0.612658258718
1.08773543669
1.16271183646
0.723074646716
-0.0860168293514
-0.917124706181
-1.36539885699
-1.13577814356
-0.161242442871
1.37372344959
3.10717685661
4.63382518379
5.64167841402
5.99999510793
5.77361881573
5.17099013708
4.45655165046
3.86471684957
3.54290490853
3.53322583865
3.78605089978
4.19057749308
4.60854764873
4.90362367956
4.96508061606
4.7267908699
4.18083793751
3.38223375057
2.44040712076
1.49591674785
0.686132578915
0.108593895272
-0.207283242702
-0.31143436561
-0.323331699059
-0.402478838989
-0.704800945946
-1.33333263064
-2.29369523111
-3.46661788978
-4.61015468852
-5.40090341318
-5.51434979973
-4.7299507226
-3.03121493227
-0.662382715785
1.89143249944
4.01210645345
5.12299537883
4.87707385385
3.29026571825
0.762534634271
-2.03346749422
-4.36559245569
-5.68303003129
-5.79426220071
-4.91230182206
-3.54884131584
-2.3004592312
-1.61499450655
-1.63408303324
-2.17412180251
-2.846857586
-3.2595308908
-3.20078594532
-2.72779535769
-2.11789739849
-1.71218876985
-1.72901038333
-2.13860389739
-2.66043986775
-2.88618432426
-2.47176148932
-1.30942558104
0.399959459715
2.20816148636
3.5874018415
4.13098620841
3.70105784554
2.46478253266
0.81187681671
-0.802425047336
-2.01744161896
-2.66559963952
-2.77995332997
-2.52512927168
-2.09742274538
-1.64490565459
-1.23822942967
-0.890754013242
-0.600814995406
-0.382321516036
-0.263815392372
-0.260485917647
-0.343128494337
-0.431044661208
-0.420928724958
-0.240111002057
0.105402717714
0.5185524762
0.847313493198
0.955208939751
0.791262769984
0.421796801623
0.00473642110008
-0.282911422353
-0.328132386236
-0.132396803706
0.197138560368
0.51091135011
0.700164153092
0.754075320973
0.758645865119
0.837559777307
1.0687660826
1.42635611636
1.78548717106
1.99358279615
1.97176256858
1.78823785821
1.65420801686
1.83054943202
2.48227757611
3.55198770079
4.72354265715
5.50996691299
5.44085077292
4.27269872376
2.12705752626
-0.512762272087
-2.95524897364
-4.54627202938
-4.90609806501
-4.06008055066
-2.41212150557
-0.578755369368
0.839980172937
1.45550857509
1.17810912478
0.178509430499
-1.23663587404
-2.76323070057
-4.1868034372
-5.39167823582
-6.31346060684
-6.88582773258
-7.02893575106
-6.69337880079
-5.93124551027
-4.94035846505
-4.03578916241
-3.54169431619
-3.64557650862
-4.28806028938
-5.15422083165
-5.78734903825
-5.78398136447
-4.98228409725
-3.55090270194
-1.92819827618
-0.633493122834
-0.0371944077122
-0.201318550569
-0.870989760764
-1.6238881839
-2.10401305727
-2.21955030309
-2.19770354806
-2.458403736
-3.36146393045
-4.95204775987
-6.84041278416
-8.29491017164
-8.52685263501
-7.04935146076
-3.94688890859
0.0775221579422
3.91647644455
6.45620227412
6.99621975808
5.51459001354
2.66700863923
-0.478477631731
-2.85767734868
-3.80355892784
-3.25895577928
-1.73376679004
-0.0421187171664
1.05643388643
1.15758274768
0.337895637133
-0.92863806951
-2.00812315036
-2.38642308072
-1.87464662726
-0.667505829516
0.751696996984
1.80635756973
2.03957877265
1.2686836606
-0.362808834416
-2.43967208175
-4.40775472475
-5.74041593647
-6.09203862876
-5.39936222452
-3.90377736116
-2.08452875507
-0.514805140371
0.322043528249
0.19808588498
-0.774757124373
-2.18421907471
-3.47974445435
-4.20206124417
-4.18633111473
-3.64354958942
-3.06932849345
-3.00561750255
-3.75621587447
-5.19285895782
-6.76112201338
-7.70915413667
-7.45277571742
-5.90983235016
-3.62920303739
-1.61859076529
-0.911745985701
-2.04967612224
-4.715830943
-7.72281124866
-9.40665075147
-8.30135051338
-3.82330860997
3.33734061044
11.3197104134
17.6909925769
20.3285271211
18.2386086607
11.9748919137
3.47341490729
-4.64240511244
-10.0152110435
-11.3877696939
-8.9914941833
-4.3501389131
0.399424360778
3.37509667182
3.64834050526
1.50389808398
-1.81352314507
-4.72304780131
-6.01485566239
-5.33838752612
-3.2817185147
-1.03734800932
0.175687179841
-0.327951145785
-2.3943911346
-5.09559223444
-7.12030413193
-7.31584196679
-5.15582399698
-0.953004175048
4.25204021284
9.06665893887
12.2319103435
13.0358426097
11.5133164886
8.37951757691
4.74198363415
1.70794146429
0.0284747601705
-0.104258552855
0.947923882162
2.46234835246
3.6551665201
3.97520263269
3.28838495239
1.89332513322
0.372420992701
-0.656267139854
-0.785570440395
0.032785849827
1.49312915654
3.08325545534
4.30361388061
4.85853338534
4.73591755842
4.14694691198
3.36625675774
2.56247911753
1.71336303541
0.654596738113
-0.762214790333
-2.49195856387
-4.20907741861
-5.38291742683
-5.50414636673
-4.36414477355
-2.24457047352
0.0997344536386
1.69058440864
1.71997706623
-0.0844014620213
-3.2981213066
-6.93710795304
-9.85062160006
-11.2024206521
-10.8206803857
-9.24957802909
-7.47200272839
-6.43044190827
-6.57463372946
-7.65711648373
-8.8804920302
-9.3272756665
-8.45918786379
-6.43124419924
-4.05195818309
-2.39592179197
-2.2538171432
-3.69682311382
-5.98687873496
-7.89836818022
-8.30939280428
-6.77540365032
-3.79138856983
-0.591116514827
1.44156592008
1.47388871665
-0.310029532871
-2.7280088433
-4.12424524352
-3.16978846543
0.439825819389
5.73820255466
10.8381808789
13.740192648
13.2326848368
9.45941267528
3.87350024315
-1.41595815798
-4.60634049418
-5.01690154221
-3.35920040526
-1.31747663308
-0.625685386928
-2.08120700766
-4.98554575285
-7.31847034071
-6.6134980178
-1.16447276307
8.98556913687
21.7524030569
33.6014496328
40.8189406253
40.9512679703
33.8100345032
21.6121617858
8.18420786074
-2.4495550712
-7.5241309059
-6.45778630162
-0.899829428266
6.07196329026
11.2366917137
12.4592489026
9.38477484291
3.37407598794
-3.21881262694
-8.07005525044
-9.76928023741
-8.22819402392
-4.51372166026
-0.253307203234
3.0837464701
4.71655675391
4.70679553006
3.73579379192
2.66392637921
2.09947820046
2.16367110069
2.52351199209
2.63632773685
2.06697857561
0.729110151072
-1.04356215426
-2.60662002541
-3.23448513225
-2.37692166425
0.14225005089
4.03529682386
8.58328071345
12.7780609091
15.5449395385
16.0061200382
13.7318281794
8.91312165385
2.38998953909
-4.50649965032
-10.2854572997
-13.7201703297
-14.2305246143
-12.0808412867
-8.30138357082
-4.34098803476
-1.56737836248
-0.802020988075
-2.07150383145
-4.67286079651
-7.51890874942
-9.60906895145
-10.4174895741
-10.031041936
-8.98868306238
-7.91636122066
-7.15013509005
-6.54546929021
-5.57744256256
-3.68767811748
-0.701147557363
2.9133706167
6.10253375499
7.6206457745
6.599933308
3.03929350509
-2.03436397385
-6.84533540915
-9.50664854004
-8.76419093618
-4.53236855167
2.0174983877
8.8689815002
13.9113312108
15.7213448109
14.0555209995
9.85864059163
4.80446974138
0.582313866339
-1.4398605114698881
-1.4960762243242982
-0.3526897102352109
0.8410696446608483
1.1357539245383776
0.20824938763861667
-1.5470521617325943
-3.27402754185
-4.42787804485
-4.23467153434
-2.84331224615
-0.896747624632
0.798591149037
1.64689383483
1.49677655032
0.636693298576
-0.418211325092
-1.21547895966
-1.57260084273
-1.60318982673
-1.57145913945
-1.68066802564
-1.93258866637
-2.14547224755
-2.11653749107
-1.82019439858
-1.50110799693
-1.57418549928
-2.35657213778
-3.7688336897
-5.1885171144
-5.58539140487
-3.93214241709
0.268382786674
6.58818147331
13.632813878
19.4321054819
22.1427369746
20.7824663168
15.675107911
8.39241624734
1.1917599436
-3.82799474313
-5.49979280276
-3.96495275952
-0.501638544047
3.10238970916
5.33999751367
5.58103030285
4.21914146729
2.3307800271
1.03767437857
0.897267806683
1.6204996972
2.24790201712
1.68668825672
-0.665443714619
-4.52483657053
-8.75658351053
-11.8311954924
-12.4910837092
-10.3152885134
-5.92184268739
-0.72071161859
3.65992489332
6.00661840885
5.93256057356
3.90759483956
0.933220296276
-1.94892683872
-4.06840278637
-5.27768205036
-5.81578864192
-6.00759893201
-5.99699177067
-5.67327430299
-4.82414262415
-3.40675770432
-1.75063694522
-0.536354311836
-0.518140140791
-2.1103863827
-5.05460315851
-8.36808750419
-10.6494126062
-10.6384836026
-7.78950942858
-2.58739829404
3.55835574324
8.81879285601
11.6405054083
11.3297680562
8.27310997118
3.70801115192
-0.837006625946
-4.16689446285
-5.82470110891
-6.10850198064
-5.72620217182
-5.28888639776
-4.91538798567
-4.15615936405
-2.2769572784
1.24411918631
6.26678642129
11.8316170161
16.4047982825
18.4405161712
17.0203578215
12.2835223365
5.44833533387
-1.59624361706
-6.9633025417
-9.427749213
-8.80842088905
-5.93394354819
-2.23326373177
0.856605469643
2.41352691706
2.28355065104
0.996147193532
-0.579148250053
-1.65678052259
-1.85083566438
-1.26485592105
-0.352157733576
0.355913162228
0.511205300647
0.0810906813259
-0.691946814213
-1.46177496756
-1.98258017215
-2.2409829001
-2.45443431921
-2.94114082435
-3.9267210678
-5.38026496291
-6.95835983757
-8.0888403274
-8.16753000659
-6.79464781138
-3.95994394978
-0.102340398413
3.98607157957
7.38624106977
9.33528778937
9.46979637156
7.94240676926
5.366254487
2.60188959148
0.459376032629
-0.577531923001
-0.502827795715
0.24253252842
0.972052123593
1.04637769552
0.139860749967
-1.2735083229745214
-3.036129612171962
-4.463662478085894
-4.984968077283838
-4.374792390891287
-2.835351406685959
-0.8969907166763278
0.8120157658846665
1.820702988745893
1.9835161658588163
1.4941799200505272
0.7523947287518382
0.1577534491911905
-0.0661638630790975
0.06287290996363026
0.350753590040938
0.575173960437084
0.630370012236
0.0886623879679
-0.348421252735
-0.482785312806
-0.252831536497
0.208327355783
0.62689484932
0.72917187379
0.394360346243
-0.264807958023
-0.941792327931
-1.28152973557
-1.05974936577
-0.304497215112
0.704428550395
1.56088479701
1.92160468045
1.66536884153
0.943510389679
0.0985323392495
-0.505686594604
-0.65519766033
-0.373887880147
0.11136325812
0.503135742252
0.589188388614
0.338757203648
-0.107332653408
-0.539632394032
-0.812103154997
-0.924965397461
-1.01000392872
-1.22723764801
-1.63461785121
-2.11098439024
-2.385690439
-2.16975894116
-1.32461062637
0.0222367058661
1.48367598901
2.55103943248
2.80513694107
2.10149592479
0.639978254612
-0.7084104638946087
-1.8199333242306466
-2.3097950480707397
-2.077378707748551
-1.30662258126074
-0.34032850334837406
0.4998883656124491
1.0543471733521699
1.3599910410805762
1.5722390350700692
1.8276556078767925
2.1301022792094244
2.3262970282381588
2.184646942500251
1.5328927685085318
0.37723262664211177
-1.0645180260494982
-2.436660360232736
-3.3898551014457325
-3.7225484101183355
-3.44923171504
-3.04138532769
-2.48721755956
-1.99265874394
-1.63281930503
-1.36564876807
-1.11343282539
-0.854707016953
-0.664813339164
-0.675848175915
-0.97747440815
-1.51966917317
-2.08340118285
-2.35109534676
-2.05321077687
-1.12068912628
0.23808032349
1.58487056282
2.41269210506
2.35194585548
1.32880898614
-0.395696188462
-2.32140305538
-3.89291194769
-4.68851723946
-4.53675870834
-3.52561633872
-1.92361883203
-0.0687452614483
1.71777703333
3.16639992778
4.05741885931
4.22121791682
3.57176390147
2.1702000851
0.277725020022
-1.65681516296
-3.1049498594
-3.63955158152
-3.11356342529
-1.74270159372
-0.031379549491
1.44481323799
2.30775114041
2.56417875031
2.60596221167
3.00396361517
4.18328423974
6.13960569124
8.35145130703
9.95663416344
10.1310482865
8.49844939609
5.36928129937
1.67641651071
-1.38309548023
-2.84603825912
-2.39078141085
-0.459924876442
1.96391182186
3.82319647934
4.46650167545
3.91144575248
2.76386033698
1.84079093864
1.69638547875
2.30136814121
3.04983411934
3.09804105118
1.86359424048
-0.579064122978
-3.42905192112
-5.47815082594
-5.68229285878
-3.7107037
-0.193101393585
3.47864368868
5.7245757003
5.46988661191
2.6339885764
-1.81893144627
-6.29809402149
-9.28179015081
-9.96780410261
-8.57847952182
-6.18611807908
-4.15292120841
-3.4604030136
-4.24973270039
-5.7864565459
-6.8552450065
-6.38469489028
-3.99750830087
-0.225110784905
3.70747182004
6.41485587671
6.94606860179
5.16684037888
1.76802443975
-0.26066862066889485
-1.6009861787084816
-1.5914452499
-2.06882188334
-1.6885169196
-1.12404266703
-0.860124267458
-0.994687972183
-1.27758822351
-1.33280069798
-0.921896091671
-0.0998501698105
0.813605046784
1.41685794267
1.45068407564
0.935421668973
0.148207881083
-0.539790504035
-0.868718023034
-0.820088856002
-0.599522207323
-0.484985020339
-0.629685606185
-0.934767518352
-1.06909267349
-0.632892395032
0.617283029185
2.60055538072
4.8922251552
6.86989057816
7.9592203167
7.86454239048
6.6786278918
4.82672656835
2.87953004302
1.32780585589
0.420701148818
0.129342012631
0.231680410254
0.45870094723
0.622992070881
0.673602885864
0.668826215768
0.702569062153
0.836998814852
1.07846570948
1.3988024055
1.77337473001
2.19953854177
2.67774762336
3.16892176865
3.56428339742
3.70168015026
3.43503142088
2.72687388725
1.71100958603
0.679224686255
-0.0178109436909
-0.118376718699
0.42246323515
1.39082915298
2.38521409693
2.97325734854
2.86355161312
2.01425583427
0.632358971966
-0.927663087931
-2.30866936814
-3.26582384886
-3.70215407575
-3.62441836916
-3.06515320263
-2.0331543648
-0.531857284556
1.36338128511
3.42319952243
5.24509306772
6.33647794274
6.28229201999
4.92550484116
2.46970488994
-0.557477701243
-3.47573064436
-5.68591831828
-6.86085353551
-7.00821755188
-6.38634679007
-5.32935424029
-4.08289164212
-2.74050065186
-1.30827595589
0.153380116568
1.41283716848
2.0686649005
1.69676263109
0.0812218519975
-2.59531824254
-5.72280001638
-8.44417645326
-9.98440510904
-9.98024797426
-8.64709588782
-6.6884723533
-4.97806266301
-4.16096180034
-4.36834394322
-5.1891978305
-5.91576140383
-5.93884383169
-5.08834232695
-3.73774743156
-2.61096602247
-2.38607795565
-3.30260586778
-4.98558537419
-6.59335848594
-7.22814100723
-6.40518813643
-4.33456045599
-1.85567494781
-0.0394440939803
0.351808463917
-0.727860353856
-2.55211686551
-3.96611215532
-3.97288880487
-2.2722309507
0.528073182553
3.15426821313
4.26240466415
3.10430012017
-0.0673299859807
-4.06748786991
-7.30449784411
-8.51680730294
-7.36213382269
-4.56336175192
-1.5286261713
0.376477636967
0.54738427281
-0.513910972876
-1.41578041335
-0.572409391123
2.94678516093
8.8273269176
15.4834918916
20.6404686571
22.2821775241
19.5431818856
13.138588602
5.12961106627
-1.88017253575
-5.76982559278
-5.70624542575
-2.39482677967
2.30684857454
6.21551655949
7.71296030508
6.3216816794
2.75061267957
7.58016892022
3.9618135456
1.97609104767
1.65257369766
2.30757643445
2.99548138522
3.01738288181
2.2422419119
1.10978933825
0.347341200819
0.563602623381
1.92371664335
4.05168308078
6.18693161855
7.50379808919
7.44034157116
5.89771172799
3.24542709434
0.158460305765
-2.62495287694
-4.52366456021
-5.24426385267
-4.8065516133
-3.4900145027
-1.74143913094
-0.0728476060521
1.04002998283
1.25755430161
0.465328729046
-1.17249185173
-3.22890843993
-5.11834244083
-6.27423130801
-6.34477988076
-5.32973922671
-3.59391814753
-1.7401227585
-0.38560178057
0.0678835328094
-0.426193346279
-1.56753732485
-2.857234809
-3.81503715648
-4.16691909805
-3.92340200426
-3.32512393462
-2.69596762987
-2.28380890291
-2.16616325003
-2.25685129976
-2.39410858266
-2.45053513075
-2.40113239226
-2.31709637824
-2.30007516988
-2.40633714934
-2.61276113246
-2.84603453326
-3.05186901291
-3.25019787182
-3.52573775883
-3.94183518503
-4.41871610039
-4.65381030343
-4.15684062459
-2.42216274401
0.813017248868
5.3361061231
10.3759436277
14.7437119643
17.1796211424
16.7905246109
13.4092717465
7.72312619239
1.10304322062
-4.81636711048
-8.6553974913
-9.71546142096
-8.15998459869
-4.89556239614
-1.21514116438
1.65028642159
2.90462616975
2.36462232985
0.411861872905
-2.2233565163
-4.7368653316
-6.4767336332
-7.05924296685
-6.37519632024
-4.5330265848
-1.79589151723
1.45362725588
4.72663011484
7.45335727457
9.05680068328
9.08231961875
7.3496148967
4.06254367609
2.495250461433912
0.8079066612000787
-0.146799441006
-2.36316666501
-3.12555254738
-2.79504802628
-2.07349765141
-1.71600354384
-2.21801217168
-3.60416508801
-5.41035849382
-6.87414682459
-7.26184924777
-6.19966796428
-3.86806028589
-0.969826298161
1.52562563581
2.76354202184
2.35349540213
0.536054135663
-1.91321104713
-4.01131054338
-4.99217642946
-4.64237291083
-3.39162451597
-2.10277307206
-1.63937920279
-2.39761852678
-4.02140882147
-5.45498137064
-5.34653970516
-2.65732275017
2.77753927134
9.99391545231
17.0967468693
21.8747415002
22.6130029663
18.7844420367
11.3305474765
2.39603205502
-5.40042233702
-9.88612732971
-10.0894558076
-6.53756336312
-0.988061056507
4.28662132974
7.36798150416
7.36837403093
4.66352290659
0.620094877368
-3.03506326636
-4.9231785938
-4.50967469274
-2.21089854023
0.888843392029
3.54947930148
4.87932675617
4.62638126073
3.16829478857
1.25253107968
-0.363224780866
-1.20215895469
-1.18251283688
-0.54567096634
0.324981759976
1.08418298072
1.52123935121
1.55497320119
1.17115904198
0.371248867505
-0.820985397537
-2.2997194153
-3.81603537661
-4.97981477065
-5.3576740944
-4.64218732046
-2.81638132934
-0.223982184333
2.50853914957
4.68286657332
5.7892904013
5.70215662305
4.71965128838
3.42648714554
2.43956807171
2.15067253765
2.58018656407
3.40220440299
4.12058267098
4.30722544865
3.7903471094
2.71109718676
1.43424337374
0.367924481382
-0.215026434209
-0.272123792134
0.0299143433906
0.424425194062
0.674133253436
0.652134835233
0.342271739489
-0.223011702215
-1.03350490818
-2.12538678573
-3.53589321396
-5.21315072522
-6.94057104967
-8.33636720837
-8.95369996497
-8.45294936789
-6.77289913461
-4.21676004559
-1.39985429677
0.934670797343
2.16535611989
2.00805791087
0.609935713707
0.16651330627601624
-0.3210017468682054
-0.24441987557
-1.02657275815
-0.926907152301
-0.255037956693
0.54671035049
1.08992400963
1.1781777461
0.849991258743
0.323888694067
-0.118451907097
-0.256325489712
-0.012602758228
0.530146359252
1.17574817314
1.69622614758
1.91450657861
1.75897540965
1.27547185556
0.598884229475
-0.100672924942
-0.676068054435
-1.04583489745
-1.20840498987
-1.22552754696
-1.18361445287
-1.1498706314
-1.14198857784
-1.12438288251
-1.03197206509
-0.809218856602
-0.443972403125
0.0224630542299
0.515396030183
0.966225013362
1.34776180535
1.6814196191
2.00652895478
2.32492318625
2.55325286777
2.51895779982
2.01822364238
0.921644654654
-0.718499804315
-2.61829685506
-4.31165567567
-5.29843842443
-5.2402020047
-4.11980053454
-2.28550526828
-0.344540545373
1.06232337722
1.51486927184
0.985075500055
-0.15460064915
-1.29662511478
-1.86830914446
-1.58639276233
-0.580198312484
0.674198456421
1.57931165407
1.69705543971
0.954719021165
-0.319025353946
-1.54314371668
-2.14678950212
-1.82238477558
-0.654088721896
0.931223974643
2.3581387882
3.14362116876
3.07091070218
2.22343972918
0.880008822997
1.4834027899125601
2.0694786586040976
2.653324792513871
3.161265029124692
3.56589157195
1.75671209005
0.261558829435
-0.570410319739
-0.50014810893
0.457903938392
1.99839617196
3.62152953007
4.82261104761
5.2854418258
4.98764003222
4.17060183957
3.19514400301
2.36015928354
1.77676536483
1.35735366856
0.916030897168
0.317964924926
-0.408865540155
-1.06316793258
-1.36822927886
-1.12600336185
-0.344604473156
0.729818890382
1.69612336896
2.15689598093
1.87721663463
0.871396293488
-0.614953313938
-2.20793903972
-3.53728111285
-4.33765000959
-4.48807019255
-3.99758676873
-2.97156097653
-1.59086608641
-0.109998127406
1.14999528149
1.84827268074
1.72458032104
0.725280459825
-0.909779600994
-2.66813789759
-3.92113499405
-4.17333668142
-3.29894367865
-1.64181235236
0.0963742567807
1.15722385889
1.09116846512
0.0108937927447
-1.40999692669
-2.22317360279
-1.66501398045
0.422639952819
3.42506127346
6.14944121557
7.32064301978
6.16296121618
2.79453630467
-1.7660107103
-6.00494507495
-8.5573320376
-8.79410067159
-7.07473382528
-4.54262861529
-2.55960686687
-2.05321950502
-3.09572557653
-4.92077938161
-6.36575125323
-6.51189196795
-5.19079151935
-3.08954577307
-1.39053979725
-1.12430860601
-2.57174351526
-5.04037742155
-7.15787489085
-7.5607511693
-5.64071352309
-1.95822978847
1.92166228002
4.13640122178
3.46115470179
0.0187677464562
-4.61034257604
-7.98454518879
-7.87392166688
-3.33701335711
4.70072497864
13.6626418532
20.2748239009
21.8659394168
17.456346528
8.16539772309
3.8300726728095214
0.702120882045
-5.60151799519
-7.16377437363
-4.86566420603
-0.842263319839
2.5478215652
3.73236097208
2.48092698179
-0.193094714645
-2.67566082416
-3.59714773012
-2.47537957991
0.118968204998
2.90642960233
4.54692933606
4.2654922784
2.16986456594
-0.856137696931
-3.59316985628
-5.02723191086
-4.7383645809
-2.98545831882
-0.494572392202
1.907358412
3.62330638844
4.44133910813
4.48421244805
4.02972244588
3.32690693286
2.50720142994
1.61372723412
0.695107332816
-0.123184419413
-0.651678105118
-0.731915004549
-0.350917832273
0.307051980572
0.919709104762
1.17797911701
0.950138873432
0.363593407381
-0.251155689267
-0.534404446335
-0.299920101536
0.345603193408
1.03952461324
1.3478796687
1.00682624934
0.0930090363875
-0.974998318217
-1.61802673441
-1.37887477103
-0.167593612547
1.65656964623
3.41532688664
4.39839881449
4.17406449845
2.77706227453
0.68689456444
-1.38916019775
-2.82155561733
-3.30770744625
-2.95395008802
-2.16569578795
-1.41532794752
-1.01164279138
-0.983772201565
-1.12532533941
-1.15833341374
-0.917012750984
-0.44814872833
0.0229565646616
0.234759568889
0.0539173949776
-0.434635302106
-0.965074666718
-1.23601290777
-1.08261135218
-0.577595244011
-0.000810370655415
0.311287575006
0.157498565635
-0.399896320781
-1.04574365552
-1.36537773775
-1.06862672444
-0.17132751535
0.962750887123
1.75061573156
1.63694156707
0.34729473673
-0.49397197845975427
-1.8286690344185388
-2.9374238528186964
-3.192097957511578
-2.28812781078
-1.79050037701
-0.698947939804
0.39352153423
0.985477829136
0.834955489773
0.00688923973834
-1.19821084482
-2.38463800722
-3.20370566013
-3.44623218256
-3.0684377898
-2.16694133957
-0.932794093477
0.392486517006
1.55404116059
2.3229714461
2.54591347658
2.19818068956
1.41666131004
0.483777272222
-0.251004304681
-0.495204895606
-0.136248516574
0.694191626304
1.65370290332
2.31795972196
2.35599086948
1.67592030156
0.473150108339
-0.845333577419
-1.83010092958
-2.17705157374
-1.84929382129
-1.07914203539
-0.252604799769
0.266568173715
0.289942992948
-0.134145413482
-0.772048834515
-1.33477227539
-1.61623294396
-1.57105003009
-1.2996405344
-0.959661362188
-0.661229047919
-0.408647904016
-0.121418795302
0.280950257512
0.785356485483
1.24608884843
1.43509064484
1.16508036454
0.423019515317
-0.563546966871
-1.37794511112
-1.57688789833
-0.897435264756
0.589426370371
2.4606868942
4.08272237926
4.86188617286
4.49875266254
3.13203442617
1.30254941439
-0.254206723081
-0.901769720671
-0.357958825878
1.19721318195
3.20548166128
4.96690456335
5.92451377692
5.87442323315
5.01498160892
3.82150314876
2.80937270997
2.29418487889
2.25415554426
2.35105366873
2.09489734914
1.07654467081
-0.833201519345
-3.40060318514
-6.09268142289
-8.25712597017
-9.34401331233
-9.08458727265
-7.5664106189
-5.1890654961
-2.52971022169
-0.175221777951
1.42074932688
2.01792269793
1.59901593375
0.326873895157
0.39657800964182854
0.21949358930353924
0.129029770122
-1.46797063454
-2.4339106897
-2.62330680581
-2.02118596103
-0.764918085641
0.863299549274
2.48399325132
3.70471005107
4.22146620485
3.90646279976
2.85068093026
1.34190528081
-0.220260621021
-1.44804628643
-2.08758857775
-2.09685640804
-1.65014751405
-1.06502922026
-0.675987594665
-0.700120627385
-1.14537475165
-1.79800361036
-2.2972487641
-2.27199383606
-1.4891394622
0.0429843568991
2.05726801397
4.1053544132
5.70229437952
6.48435538805
6.32104858117
5.34104748634
3.86634834985
2.28537177329
0.91850610256
-0.0706021256598
-0.687365253149
-1.04631286266
-1.27433316747
-1.4265311172
-1.45497300736
-1.24306970707
-0.685671224318
0.22746352142
1.3688369596
2.49540114828
3.32872870783
3.65805910109
3.41985064701
2.71836627416
1.77951677717
0.861178774849
0.162409627876
-0.227881096688
-0.324021985076
-0.190225676786
0.123694259938
0.61751562869
1.32410276579
2.24927355792
3.30404053954
4.27499561412
4.86339303243
4.78915924182
3.91903613522
2.35765215022
0.449055606905
-1.32702827229
-2.53068791447
-2.93693656425
-2.63048280715
-1.96993952717
-1.42767874698
-1.36997334884
-1.87490608587
-2.67529840592
-3.26231183908
-3.1137093184
-1.95107113194
0.0891679196674
2.45408342352
4.35415350571
5.05723510107
4.17685985121
1.83432579833
-1.37379777999
-4.58885157665
-6.99433324671
-8.08622000367
-7.80451343546
-6.48628038364
-4.67948470083
-2.91304235388
-1.52690901465
-0.625378435576
-0.149641085206
-0.00671818666544
-0.170472585868
-0.695717572773
-1.64312875802
-2.96893617733
-4.45780890825
-5.75565031052
-6.50207024688
-6.5009515804
-5.83656436805
-4.86197415559
-4.04931439791
-3.76656274877
-4.09233876007
-4.77064710522
-5.34151980505
-5.39178547162
-4.79986819924
-3.83942404138
-3.06944400117
-3.04658302411
-3.99584477974
-5.61440743321
-7.13361988013
-7.64290863287
-6.54211840166
-3.90484731811
-0.553229192441
2.23411630086
3.2850000782
2.12576241568
-0.681655135461
-3.65075405509
-4.93005344467
-3.1010224616
2.12584872209
9.63949268264
17.2368347939
22.4185103088
23.3580404529
19.6397322389
12.4457141175
4.10162081345
-2.83514518324
-6.56246170392
-6.68113187943
-4.23731525375
-1.15872907643
0.653585352874
0.172095009173
-2.34015095463
-5.51096751815
-7.53803717822
-7.04660387101
-3.73708757512
1.46071531048
6.78172906513
10.3776208907
11.0847255125
8.87222345834
4.79013978288
0.464934326025
-1.6294561752741998
-1.7256413581183523
-0.04682538890762089
2.4115596330952087
4.401432614872817
5.005741951531704
4.02522148169
1.01526087347
-2.00958984653
-4.04630310281
-4.52155430144
-3.48135811943
-1.49407376738
0.65605279111
2.32188291871
3.22796512775
3.49610294493
3.47976449298
3.51348896106
3.71198848398
3.91482003197
3.79135713481
3.04012138276
1.57489615535
-0.396178317239
-2.43462359439
-4.04444320042
-4.87057321829
-4.83328202826
-4.14365243238
-3.20142523813
-2.42647163183
-2.09762372189
-2.26128768028
-2.73678909565
-3.20441641455
-3.3334455805
-2.90019820368
-1.85859732384
-0.348274543223
1.35290424094
2.9111224068
4.02833562992
4.52010757649
4.36153821183
3.69025324393
2.76443512602
1.88524973749
1.30491001644
1.14950765436
1.38445708185
1.83752682239
2.27301836448
2.48902938226
2.39810151633
2.05673896026
1.63059554352
1.31074046827
1.21910201779
1.34674746534
1.55374813422
1.6306476498
1.3926768765
0.762852145114
-0.193770048042
-1.29834541123
-2.33280136888
-3.12370049368
-3.59666333426
-3.78001578395
-3.76318991855
-3.63747050692
-3.45268442134
-3.21099333471
-2.89565488797
-2.51176788611
-2.10934479458
-1.77030199865
-1.5637920182
-1.49570540134
-1.48552458157
-1.39179223349
-1.08157366852
-0.51283029557
0.21383484331
0.867994486191
1.17208600128
0.924705701576
0.111603791119
-1.04885074266
-2.15435229743
-2.75073644633
-2.49993164811
-1.31855722428
0.568682757911
2.68413322379
4.44233542841
5.33286001613
5.07592760813
3.69838937726
1.50868982051
1.5942738192258332
1.8427649783406252
2.62405899199
1.46781900099
0.933702291891
0.793967971638
0.767424660176
0.631749190699
0.302823351718
-0.143855776191
-0.514476737895
-0.584534912228
-0.200504403797
0.642137528811
1.7747800992
2.89695378663
3.67039731708
3.8325549291
3.28729581196
2.13825484777
0.652197778521
-0.832371732948
-2.01437595496
-2.71422239629
-2.90281847763
-2.67150589441
-2.16547361277
-1.51760464458
-0.814918538803
-0.108528086141
0.548253494541
1.06596712775
1.31942239665
1.19192978226
0.644359536905
-0.230116232599
-1.20404448611
-1.98150490978
-2.311306601
-2.09809038218
-1.45581384368
-0.670768121258
-0.0834308222393
0.0602927551484
-0.280922249774
-0.926945740325
-1.56355376592
-1.8940542993
-1.78203575233
-1.31459559678
-0.753769945388
-0.399799268314
-0.435209703239
-0.829751445711
-1.35623364175
-1.71056366086
-1.67459395647
-1.23637217261
-0.602643364296
-0.0937558998708
0.0265127042732
-0.302989132377
-0.89861697556
-1.42099918386
-1.55332633802
-1.17665044558
-0.446608755315
0.27638666711
0.615396924803
0.3898048337
-0.261108575455
-0.918712412248
-1.08325511159
-0.439505814693
0.94346044187
2.58895033774
3.79548391822
3.95360933351
2.85180278722
0.820917568634
-1.36539126614
-2.80480745689
-2.86186844068
-1.46656151134
0.82505430924
3.04476787846
4.21297850624
3.7522514071
1.73174818062
-0.516370564665948
-2.634206174894132
-3.715665689367654
-3.322219460721854
-1.6397840664258752
0.6332326539313158
2.60565733504302
3.5732466504153564
3.2936533203051113
2.0484928844779233
0.4843041295213055
-0.680206576294
-1.63090638702
-1.56574980553
-0.744436186628
0.356102065256
1.25960639787
1.66804141953
1.532853413
1.01220400083
0.357703697777
-0.204515413188
-0.546998281648
-0.651919059666
-0.577458550258
-0.412850000808
-0.247743297915
-0.160440591035
-0.211473788391
-0.426546759192
-0.767038257789
-1.10612242796
-1.23842510758
-0.940819276929
-0.0740019492835
1.31619554545
2.95292083712
4.37817054783
5.09787040701
4.77297300288
3.37609432623
1.23809002001
-1.04827162837
-2.8375188285
-3.67002424514
-3.4389059298
-2.41320582761
-1.10841596088
-0.0635423029218
0.375333509529
0.171050877519
-0.433422100382
-1.06411913539
-1.40657356482
-1.34442309384
-0.984422682938
-0.566358560901
-0.314127682081
-0.31061191319
-0.461658345831
-0.563851157585
-0.434131481467
-0.0265767415586
0.530270324832
0.997933986262
1.16024805828
0.950548182803
0.501370125421
0.084016475398
-0.0356845498189
0.248162956891
0.800587224248
1.28840980519
1.33494707005
0.716289032054
-0.497346061771
-1.93053025289
-3.03778369626
-3.33141741779
-2.60236511536
-1.0340643245
0.844363189569
2.3483704286
2.89173048498
2.19808413428
0.38646277199
1.3190735485970748
2.17789630776
0.132245735397
-1.13398013204
-1.56776604106
-1.32493480904
-0.6550843717
0.209146532628
1.11122525455
1.9669979576
2.72205651959
3.31041477922
3.64563330404
3.64917483676
3.29411816339
2.63138800192
1.77642002398
0.85968216986
-0.0310404780745
-0.880570057952
-1.72668003167
-2.59854263228
-3.4490324901
-4.1262545069
-4.41309701055
-4.12747510749
-3.23854375391
-1.93634547931
-0.606293798268
0.298111416364
0.439751595543
-0.240056048817
-1.46102907169
-2.68499061181
-3.31680886092
-2.94683904351
-1.53215969246
0.56497862891
2.70410565674
4.21021920953
4.63390677599
3.91924252514
2.40999264973
0.694181788951
-0.643955825268
-1.2576238889
-1.15887664423
-0.681208452393
-0.306388723191
-0.435623087442
-1.20518437321
-2.42280174625
-3.64600258394
-4.36292317954
-4.19629552926
-3.0478192247
-1.13130467501
1.10778088703
3.14426246344
4.53314436129
5.02134845073
4.58392140567
3.39119443954
1.7365594915
-0.0410854137753
-1.61810268821
-2.72598903542
-3.17881163954
-2.89739767048
-1.93019675295
-0.459649003358
1.22080376464
2.7657642298
3.86283446117
4.3170048874
4.10226253322
3.35806734786
2.33049922358
1.28193181116
0.406846848209
-0.212596698538
-0.597833315228
-0.824877627122
-0.966618154193
-1.05922021833
-1.10843359645
-1.12566272555
-1.16345067108
-1.31778031091
-1.68313984383
-2.27677434722
-2.97431284748
-3.50407906657
-3.52546552425
-2.77547254598
-1.22617635116
0.823471204133
2.78187080117
3.93628490931
3.71042401878
1.90949063729
0.9781114836591343
-0.45695813345982117
-1.43191422571
-3.21871659321
-3.32531759637
-1.94937655474
0.198124630766
2.16602609941
3.12860459362
2.69821637837
1.0604465286
-1.11987824164
-2.97937724442
-3.8056883589
-3.31304892121
-1.73590982125
0.288750690358
1.99191128817
2.77768845
2.43774146514
1.1948967344
-0.427820538542
-1.84386390541
-2.63831338664
-2.70440562255
-2.23522415381
-1.59084747262
-1.11318735451
-0.976379680083
-1.13581672855
-1.38794597688
-1.50077381808
-1.34540465989
-0.963881469849
-0.543518111723
-0.314816341806
-0.426454008031
-0.860254632585
-1.42826899718
-1.85394641358
-1.8991680927
-1.47732026799
-0.69915250087
0.170673206615
0.827354082201
1.05890255165
0.838419570582
0.334230590608
-0.166518102496
-0.386283774988
-0.179763689702
0.404273118596
1.14932961232
1.77295756183
2.05674252807
1.9441983085
1.56092585597
1.1475541197
0.937355983814
1.03775712559
1.37476206052
1.73048168785
1.85887486319
1.62443952227
1.0929744976
0.522228722741
0.246857832284
0.506006225277
1.29692374303
2.33490186137
3.15587930299
3.33051282879
2.69798821032
1.50496405673
0.365473066545
0.0329090177424
1.06436890347
3.51954589692
6.83865169474
9.97899709415
11.7812656932
11.4302248349
8.81966530864
4.65707271253
0.244355102253
-2.99344242383
-4.04781813554
-2.71458670363
0.33268390703
3.81599207881
6.35904636333
7.01427778222
5.59315268599
2.67175160767
-0.712312721161
-3.52247011632
-5.13426219727
-5.52004035543
-5.1470995902
-4.66608403122
-4.55999935536
-4.93041380707
-5.51604372357
-5.91286579593
-5.85905610841
-5.41671790933
-4.94170575849
-4.85227585858
-5.32430093116
-6.09248179666
-6.49256638138
-5.75743360523
-3.4400838166
0.248243343003
4.3778987733
7.59108719416
8.64619668268
6.98403427703
3.05085507919
-1.79402484639
-5.77680561393
-7.41686971652
-6.14095144478
-2.53109351943
1.91053213819
5.3841528448
6.53398111941
4.98803968564
1.4674663124
-2.56931480119
-5.57568809935
-6.56324671944
-5.46300244275
-3.06011324876
-0.560617731261
0.987666972947
1.14520639747
0.205068813267
-1.03900342849
-1.74032283964
-1.4288489931
-0.214095591392
1.32115920074
2.45913558619
2.7276790011
2.12305098107
1.0672759319
0.137238813218
-0.276579971769
-0.189609119294
0.00227820277438
-0.218631785646
-1.14177958138
-2.5840570337
-3.89958289528
-4.26120190773
-3.08564798771
-0.388963418981
3.11979050219
6.27723682331
7.94434890415
7.50828334587
5.16853684357
1.86306018162
-1.14209160377
-2.81470851944
-2.80896569768
-1.5950111134
-0.202377457526
0.30339626253
-0.636558785661
-2.77209110617
-5.13111408776
-6.46346710285
-5.84093407729
-3.1371301849
0.837350625355
4.61444555622
6.64668163525
5.93530602862
2.44012655621
2.747706901332748
2.76773414727
-1.81025195706
-4.04773414116
-3.75230549785
-1.5506490365
1.44534247513
4.10397140092
5.66856343148
5.93633128401
5.18821656251
3.94787436714
2.70785733129
1.74884752338
1.10915323495
0.67760472526
0.327171063886
0.00352320047207
-0.273053122072
-0.472465637758
-0.624286293015
-0.830443758912
-1.20090071774
-1.74819966096
-2.31331845193
-2.58835294047
-2.25149879627
-1.1620124465
0.485137264707
2.1434849318
3.07983168809
2.67291060329
0.722194787422
-2.38176608959
-5.72824136284
-8.19974339019
-8.91585484961
-7.62293916126
-4.85137127124
-1.74998386649
0.356972846392
0.520066568005
-1.40608100182
-4.6444278365
-7.75566167503
-9.18806496781
-7.90375316036
-3.82929903672
2.05585855441
8.03639280974
12.2643883153
13.4160632374
11.1501443388
6.19860148523
0.0684219494002
nan
nan
nan
nan
nan
nan
nan
nan
nan
nan
nan
nan
nan
nan
nan
nan
nan
nan
nan
nan
nan
nan
nan
nan
nan
nan
nan
nan
nan
nan
nan
nan
nan
nan
nan
nan
nan
nan
nan
nan
nan
nan
nan
nan
nan
nan
nan
nan
nan
nan
nan
nan
nan
nan
nan
nan
nan
nan
nan
nan
nan
nan
nan
nan
nan
nan
nan
nan
nan
nan
nan
nan
nan
nan
nan
nan
nan
nan
nan
nan
nan
nan
nan
nan
nan
nan
nan
nan
nan
nan
nan
nan
nan
nan
nan
nan
nan
nan
nan
nan
nan
nan
nan
nan
nan
nan
nan
nan
nan
nan
nan
nan
nan
nan
nan
nan
nan
nan
nan
nan
nan
nan
nan
nan
nan
nan
nan
nan
nan
nan
nan
nan
nan
nan
nan
nan
nan
nan
nan
nan
nan
nan
nan
nan
nan
nan
nan
nan
nan
nan
nan
nan
nan
nan
nan
nan
nan
nan
nan
nan
nan
nan
nan
nan
nan
nan
nan
nan
nan
nan
nan
nan
nan
nan
nan
nan
nan
nan
nan
nan
nan
nan
nan
nan
nan
nan
nan
nan
nan
nan
nan
nan
nan
nan
nan
nan
nan
nan
nan
nan
nan
nan
