0.423203361301
1.29922755993
2.92451413337
4.58763709799
5.38961033399
4.71009034286
2.56879292009
-0.300779110114
-2.71452382634
-3.52846480108
-2.13958590368
1.22752451947
5.57621873762
9.51052958233
11.7621064821
11.6476499975
9.27386573261
5.42546179629
1.21009893135
-2.37078298183
-4.74356695773
-5.86246574518
-6.08360854346
-5.90663038911
-5.72012095872
-5.66268827411
-5.639512165
-5.45505755266
-4.97434458622
-4.2261685179
-3.40397802871
-2.77690529897
-2.56483456192
-2.83988430809
-3.49408480438
-4.27651856358
-4.87374179903
-4.99783918789
-4.45616555969
-3.19414201999
-1.3140546335
0.927544794784
3.1491355452
4.90995420806
5.81369941714
5.63115685375
4.40061077008
2.45716773456
0.359360145246
-1.27895849832
-1.99806862492
-1.66202893074
-0.514478127496
0.910304821864
1.99047322062
2.25197513885
1.53884635322
0.0500973019793
-1.7646961095
-3.39617710941
-4.46273043705
-4.81472310439
-4.52299178426
-3.7789056572
-2.77400700745
-1.62833741635
-0.39942302669
0.849264740833
1.97987310944
2.77231218584
3.00001554271
2.55724438096
1.56525039825
0.383926177015
-0.501130912805
-0.679694281302
-0.0153506933705
1.26026272705
2.61649884271
3.4376907482
3.28976764565
2.11540104008
0.262820475003
-1.6684285402
-3.09245688308
-3.68546483756
-3.49844002518
-2.88325829507
-2.27601257398
-1.95413204171
-1.89665415919
-1.82219742186
-1.38412359934
-0.416118793311
0.910305169416
2.11357151704
2.61699261116
2.05156666757
0.492699997842
-1.50042478558
-3.08241568866
-3.47877622897
-2.3410512085
0.0692488143122
2.96216515486
5.33722876547
6.39658004258
5.86567878632
4.07677589543
1.78210661242
0.5634249640222606
0.14943540797857224
0.5389639680397096
1.2885957972518298
1.7883739782518404
1.609731844853087
0.7506603278268784
-0.34292504234200294
-0.988633792067
-1.44485699772
-0.694209326818
0.927818549429
2.69974135088
3.82318875551
3.76751629489
2.49106193588
0.442017247843
-1.6528461957
-3.10625203052
-3.54666763709
-3.03255809255
-1.96745298509
-0.873659146925
-0.14355075765
0.112542927104
0.0598135381743
-0.00553919368262
0.148233720189
0.547662945621
0.998254285794
1.19539588212
0.898124731885
0.0718878738631
-1.07465048514
-2.17750450489
-2.88485750124
-3.01965158688
-2.65653356088
-2.07599262067
-1.6192541763
-1.5152789155
-1.76345853378
-2.12770081597
-2.24424597332
-1.79274275121
-0.652268411507
1.02732778811
2.86895954534
4.40612160563
5.25530899737
5.25213623762
4.4995384694
3.31543854579
2.10784092425
1.23059277677
0.874494744854
1.02840827086
1.51431057355
2.07248823789
2.45862529201
2.51690765109
2.20873218481
1.59697052739
0.802268121873
-0.0452231997359
-0.839083509565
-1.506503144
-1.99941277013
-2.28026828725
-2.31689208953
-2.09383611014
-1.63625358518
-1.03188236696
-0.433054041266
-0.0266720702077
0.0255041821549
-0.343007650448
-1.05337670372
-1.88051937991
-2.51393121107
-2.66678410971
-2.19460762491
-1.17314483299
0.105203665339
1.22657104888
1.81289337194
1.67984311987
0.926095665124
-0.0926348199245
-0.904821590202
-1.12821240461
-0.654141575469
0.271783109493
1.11658221491
1.25717091325
0.2332512453
-1.4811928200924598
-4.104087571364772
-6.945959510505659
-9.207738684319395
-10.256985265254954
-9.840988243909706
-8.157010899274894
-5.759673782735248
-3.3507426604931254
-1.539334178538411
-0.6639056105310033
-0.7328778411720691
-1.486585756837144
-2.5350015855065067
-3.503851437942032
-4.132624850981074
-4.30184258632
-4.51675907488
-4.32134480357
-3.80208961499
-3.06925675187
-2.26577755968
-1.56530549521
-1.13992164163
-1.10014664317
-1.43396070537
-1.98198524749
-2.47463896596
-2.62800957418
-2.26297971492
-1.39436645588
-0.24454274602
0.832500831634
1.48961432567
1.52959113937
0.990003511997
0.130955880941
-0.670585026643
-1.07505138399
-0.91744245347
-0.270393336265
0.590438649715
1.3001261043
1.54721110249
1.18737567925
0.287156510505
-0.911047046198
-2.08006110981
-2.91525153174
-3.21992974778
-2.94677902276
-2.19324634526
-1.16301251948
-0.109789154172
0.723628395113
1.1625998441
1.1463423921
0.751030931013
0.177138114845
-0.306817386084
-0.456842403077
-0.154970917413
0.522132997895
1.30694160529
1.83299392021
1.79234400243
1.09912730524
-0.0159301314395
-1.03777281022
-1.33550551249
-0.415733935424
1.83697856375
5.03847878049
8.36982237053
10.8237107564
11.5506385947
10.1747725868
6.95361570465
2.7126859648
-1.42562761682
-4.41779043734
-5.63684132819
-5.04654401453
-3.15429606894
-0.774541530803
1.29266569205
2.53688346887
2.86426042355
2.5434744061
2.0154086189
1.66356716675
1.64848212009
1.87047803773
2.06177667625
1.95103857802
1.41635483065
0.555975546903
-0.349723556163
-0.959135143231
-1.01142908432
-0.423848271638
0.69454907588
2.10866709457
3.56148691098
4.86137020069
5.91189832198
6.67775838687
7.11601146356
7.12132810365
6.52678438879
5.17196392577
3.01208593713
0.214603979548
-2.8126068963
-5.49203350599
-7.23415897574
-7.62864864143
-6.59512833841
-4.43002782977
-1.72457550638
0.819722783852
2.60963806174
3.32980835715
3.00056523565
1.90821105726
0.445868771974
-1.05975293746
-2.45670524227
-3.7646414836
-5.06807550854
-6.36613055219
-7.46397996675
-7.97582725967
-7.45806635984
-5.62595693597
-2.55773684188
1.21848920878
4.81953509185
7.27301383687
7.86504465395
6.43354502249
3.47942170195
0.0327407180954
-2.6923092736
-3.73095882394
-2.72469999098
-0.060283489419
3.26742597531
6.01861588655
7.15842207574
6.22146632519
3.45581655071
-0.298601003752
-3.93705346272
-6.48637657428
-7.41743517338
-6.76590708862
-5.03852235847
-2.96775752896
-1.22887382476
-0.231323783309
-0.0488365425413
-0.485300170685
-1.21893696415
-1.94759920132
-2.47655992276
-2.73164079551
-2.72064216697
-2.48475973607
-2.07297261122
-1.54596753082
-0.99059519146
-0.517378878143
-0.22686244614
-0.156364771403
-0.23967700244
-0.313455369476
-0.182166766663
0.280694600116
1.04427284951
1.89641351479
2.50877532135
2.57114102504
1.93566548365
0.699593601982
-0.26413222876902864
-1.1073662750071236
-1.5149660590485183
-1.4014352080038321
-0.9416060643147119
-0.4717623522257526
-0.30551326750864405
-0.5543390014049407
-1.0452024246653622
-1.38352261023104
-1.139166435724647
-0.0702292427258584
1.7240096574508357
3.8003397236911525
5.529285813002872
6.347093525281565
5.98960810413692
4.602287501293134
2.677587085806536
0.850960718142
-0.981063902064
-1.94659576557
-2.13271276444
-1.84257957827
-1.40345686979
-0.99649852817
-0.594186910246
-0.0310611939289
0.838372808012
1.98708753762
3.15827723822
3.94323396286
3.96236678747
3.06077032455
1.41764107664
-0.492002325821
-2.07359804151
-2.84975482987
-2.64922394585
-1.6619054085
-0.337331765888
0.822003004141
1.47316488477
1.55288099687
1.25544613528
0.889735688048
0.694761101579
0.710059428791
0.765547149041
0.592309180335
-0.00656932036547
-1.01640994055
-2.17769582262
-3.08042651836
-3.34318370958
-2.7915078811
-1.54986012946
-0.00267451491759
1.35809788617
2.12929136467
2.14899676859
1.54093811686
0.63836755957
-0.170456350795
-0.601740071053
-0.571776254396
-0.195583317734
0.297353570475
0.680737290138
0.824931842051
0.728741051466
0.487125773818
0.223569724581
0.0277823384126
-0.0713281944548
-0.0923820829762
-0.0667721753223
-0.0108676642854
0.0751333013523
0.182615921918
0.264590973713
0.227103717033
-0.042137070429
-0.614384597821
-1.45746032905
-2.40589153296
-3.18807994068
-3.50954817196
-3.16363668965
-2.12483573209
-0.583573458274
1.09636888792
2.48547458851
3.22258752725
3.126808326
2.2480668856
0.841451862323
-0.24078365040777783
-1.1089808830082433
-1.499996855983838
-1.3199574940172454
-0.6480350386735552
0.31220653736758663
1.3125746508179503
2.1428313007114497
2.6898957801665375
2.9567768280652302
3.037877534918337
3.0616182764506306
3.1226966155426084
3.2310968783808107
3.3005050419371713
3.1849137665076626
2.752528157785065
1.9678033607394525
0.9440411902397443
-0.06367475838065673
-0.732726286469
-1.2397469566
-1.03373725359
-0.241726954002
0.806393040268
1.69229883422
2.068740895
1.79768873239
1.00516599337
0.0247486930373
-0.748772068807
-1.03158788438
-0.770531000089
-0.154144108412
0.490559870789
0.866232149073
0.855746716183
0.579155109105
0.325607110999
0.391092250176
0.902461214391
1.71955892675
2.47277170769
2.72780690014
2.20426698689
0.942157543225
-0.671273939708
-2.03945570263
-2.6059965366
-2.10601806546
-0.702882114417
1.05787421927
2.46374469086
2.92843830843
2.23520593514
0.624160235835
-1.31252490812
-2.87806635229
-3.55038901337
-3.17321010591
-1.98408205827
-0.481243150134
0.798053918251
1.48285429066
1.47159003438
0.904469228614
0.0415990449458
-0.876908420445
-1.71574918853
-2.44187991768
-3.0561608038
-3.51733234518
-3.71632279497
-3.52350512489
-2.88223622262
-1.88800969306
-0.794625041505
0.0725278196048
0.461232407389
0.320605767699
-0.162433403969
-0.650620991813
-0.833913225078
-0.608774568744
-0.159030454201
0.120062455956
-0.165404704206
-1.15501098206
-2.57204645701
-3.75406230283
-3.89231932795
-2.39382957974
0.791104004351
5.03448437541
9.17421209093
11.901310551
12.2448968413
9.95716021773
5.63458390518
0.518710382987
-3.9466091503
-6.62351723474
-7.05224840946
-5.54820242014
-3.00510988896
-0.507611223256
1.07304400453
1.33643805293
0.3807728794
0.29307964093759153
-0.1061626534811353
-0.4803219178352549
-0.706944259678636
-0.7923776209638049
-0.712259660462
-1.94634740209
-2.52231951511
-2.12489245235
-0.653608832474
1.61761609015
4.0380012798
5.76686107678
6.08781769974
4.71747198077
1.96536211626
-1.34025708473
-4.14522422625
-5.56682417372
-5.23145159847
-3.41038612062
-0.896715234839
1.32296623835
2.46174061753
2.22541021693
0.887649348174
-0.873506410819
-2.2957301902
-2.86339998235
-2.50619749183
-1.5866975168
-0.694629755318
-0.349814000377
-0.751554990465
-1.68581852451
-2.62700868751
-2.98332586585
-2.37257773544
-0.805096637221
1.30550049905
3.30588356793
4.5676620693
4.73855965101
3.87471827493
2.40241518293
0.930985224524
0.000116229731958
-0.131426283653
0.429459455706
1.28063195993
1.91316598512
1.93361132531
1.22608990422
-0.00982866943335
-1.35444263664
-2.34938568356
-2.68478698693
-2.31376878218
-1.45095816491
-0.463256898317
0.293497858595
0.618298527671
0.528320650928
0.219852654851
-0.0483985353797
-0.0909914492304
0.114370351156
0.423969114116
0.611376026241
0.495057726541
0.047246556906
-0.570562193523
-1.06597445355
-1.14418489712
-0.648954344783
0.349291862523
1.56125628744
2.58290912336
3.05298224777
2.79637989654
1.89193206232
0.636496265191
-0.576671279813
-1.41018668638
-1.69892318253
-1.4831909535
-0.951792444861
-0.330238658343
0.22668677738
0.684466583566
1.0990546432
1.52892778449
1.94204530902
2.17566472368
1.98160282021
1.14552599544
-0.372618658993
-2.34809801804
-4.30642459794
-5.65577837939
-5.89554376294
-4.82122806668
-2.64038250332
0.054839242643
2.45753475593
3.80087814398
3.60646186414
1.8370194117
-0.5003110935673334
-3.2884382392192038
-5.734292895149565
-7.203414811248436
-7.386202674948933
-6.34918301344986
-4.470399201408625
-2.2957889711254893
-0.3719516097490896
0.8931245825728666
1.3096910460550077
0.9192256911762371
-0.04700534607474083
-1.2427787360565503
-2.29440519046
-3.45697238085
-3.96449377197
-3.78710627269
-3.06108824719
-2.04892112783
-1.06227485974
-0.366662461258
-0.0971954724689
-0.216179947935
-0.531803563919
-0.775396920086
-0.710924189832
-0.235006912416
0.573236032624
1.47489989367
2.16005553093
2.36870314224
1.99609728099
1.14032604695
0.073113804453
-0.854566636265
-1.33529175947
-1.21007853979
-0.518282481057
0.521614472446
1.58816101501
2.35911185973
2.60390899918
2.23968245587
1.3406416002
0.106973809508
-1.19099294818
-2.27625511455
-2.9233462414
-3.00357308851
-2.51221177428
-1.57260306593
-0.412259897497
0.690052309664
1.47853264123
1.79711714908
1.64264528789
1.17039122795
0.64195315949
0.32778411648
0.39825934482
0.847529924453
1.48649041198
2.01567115821
2.15496245396
1.77922285647
1.00043736727
0.154144188498
-0.314677124371
-0.0278962817558
1.1559657316
3.05024838072
5.17148784782
6.89012358923
7.64787668924
7.15946935194
5.51967783206
3.17268235136
0.755022889881
-1.12625931869
-2.09362238221
-2.10119853982
-1.40507636095
-0.422747463652
0.452509811325
1.00124525491
1.23058664707
1.31540631082
1.46433737286
1.78022518873
2.18498416513
2.44658562974
2.29606398632
1.57815694209
0.361225603291
-1.05083449251
-2.2173400592
-2.73109553861
-2.38627877745
-1.26884118989
0.272037995285
1.75956078941
2.77169987214
3.08939841699
2.74669795694
1.96604501663
1.01695083873
0.0724369185797
-0.862689694752
-1.91522814167
-3.21902451458
-4.77102481414
-6.3511237307
-7.56086278712
-7.97698904885
-7.35405062304
-5.77691644113
-3.67850774945
-1.69674089535
-0.421960742038
-0.145068010276
-0.726436825718
-1.65767852159
-2.30112213237
-2.20484233515
-1.34633614703
-0.180376875022
0.549472425432
0.166190593473
-1.57374686694
-4.27619042078
-6.98125339121
-8.50641256537
-7.93135286972
-5.02128264409
-0.398727064132
4.62731841988
8.52203268328
10.0957669522
8.95339850542
5.63660760901
1.40069684615
-2.27962736909
-4.26922175714
-4.16771908224
-2.38871311692
0.0897588551301
2.17602197444
3.11087526454
2.71899437566
1.37554839955
-0.266700868871
-1.63728856702
-2.51198427362
-3.05590189916
-3.63719445139
-4.52005279546
-5.60731441694
-6.37945700888
-6.07972907931
-4.07147454634
-0.202926658814
4.99906528366
10.4140122701
14.6756108753
16.6472875771
15.8301457247
12.5344036438
7.74612059025
2.75013877609
-1.3301458544
-3.88852489204
-4.95441283793
-5.0500708315
-4.87480729032
-4.96975922326
-5.50945570971
-6.29454469423
-6.92113221965
-7.02357004776
-6.46418654936
-5.38220613599
-4.09198025333
-2.8974270445
-1.92787121385
-1.08358601814
-0.118328290631
1.18673241858
2.85119534924
4.61883555101
6.02185141974
6.56131656134
5.92117765763
4.11560551868
1.50041020135
-0.6113657652657736
-2.3990113811271527
-3.4959835984746235
-3.8366252372308196
-3.6230890839448904
-3.1860219784671386
-2.8136230426324005
-2.6320047596596226
-2.5874012580248262
-2.5255709854825312
-2.31429631069922
-1.935985890074889
-1.4977517823346176
-1.1544739171203133
-0.990609153548
-1.76879172431
-2.41998069605
-2.65401893998
-2.27991529357
-1.33901370366
-0.137639686686
0.853072287761
1.19702556333
0.704844062756
-0.445999667984
-1.75163178225
-2.58061770843
-2.45287161416
-1.27552348087
0.577295438536
2.39002557027
3.39498121828
3.10638159717
1.55271587318
-0.701306998684
-2.76346868838
-3.77232347293
-3.25507786673
-1.3307091615
1.33211383353
3.78745143969
5.19951698942
5.17898263525
3.92418939398
2.10907316061
0.571063797315
-0.0604489372143
0.369681275428
1.49668218122
2.62540152358
3.06406754572
2.44827674293
0.908904783763
-0.988505954634
-2.50005160461
-3.03462303039
-2.40831746118
-0.909903036795
0.84513716944
2.19715438448
2.72710818075
2.41400371345
1.60029561324
0.793015776894
0.403836523119
0.554584528267
1.03677043946
1.43514675566
1.34576325319
0.577199053891
-0.761505146177
-2.32100375706
-3.67900343155
-4.52311621688
-4.7565708057
-4.48173005162
-3.8857943358
-3.1064938368
-2.16391017408
-1.00301203052
0.377565625531
1.79330887714
2.83464799275
2.97504503148
1.80115961827
0.036369339008587076
-2.6381105055311025
-5.334589100051076
-7.015277998261979
-6.891066598504494
-4.768114065399104
-1.1810472298717656
2.7654869772338344
5.7995877465224055
6.970358794660399
6.018117314469791
3.468378036560992
0.408731905142
-2.6223960136
-4.10762579027
-3.85538808957
-2.34420184498
-0.454033720147
0.948510488721
1.37908155278
0.89784975951
0.00768385295932
-0.644548194693
-0.609203141458
0.147183884268
1.24225275009
2.08425306606
2.17311020147
1.34500959592
-0.155349499859
-1.80107299592
-3.036370755
-3.52732482849
-3.28911792373
-2.63629523108
-1.99306947018
-1.66795061893
-1.70857656052
-1.9052816349
-1.93220793895
-1.54450961903
-0.724880301151
0.296520257704
1.15560008574
1.53795003688
1.33428760493
0.68715779897
-0.0920588452804
-0.687528165178
-0.934313711529
-0.881226654865
-0.72949669944
-0.684280167622
-0.804760350727
-0.941021783259
-0.80004011735
-0.112657967221
1.18461800875
2.85349496864
4.40549213482
5.29025711563
5.13848315008
3.94457223198
2.09759894602
0.23850308027
-0.996583055442
-1.23243094404
-0.495516326442
0.820982949782
2.14624770347
2.98287582609
3.10317809738
2.60572845851
1.81841677134
1.10887337786
0.704239941078
0.610485298581
0.664378686417
0.679138818908
0.595141268395
0.545467423326
0.793256951086
1.56930497469
2.89679256637
4.50418590489
5.88800740079
6.51239548442
6.05891389082
4.60554008285
2.63783578181
0.869430973386
-0.0603938306942
0.119875060602
1.16687015819
2.39992168908
2.982968786
2.29584409257
0.23318151614
-2.70656381885
-5.59252936818
-7.43094439579
-7.58090458075
-6.03874809899
-3.46412551727
-0.927996906004
0.518855662299
0.279406742587
-1.53609970518
-4.14636300636
-6.41459379253
-7.31578534933
-6.36311847368
-3.81627541385
-0.584253028528
2.13773829943
3.34678098083
2.62763629253
0.301913857028
-1.2295311104422808
-2.3726496859854223
-2.3022575960983005
-0.7881674003754569
1.7441869440069553
4.441112874191475
6.430976968829256
7.23269822325
4.84909598886
2.09641190981
-0.104420869032
-1.0274643195
-0.48691918886
1.06262999497
2.7205563499
3.54374299775
2.97566311241
1.10182513429
-1.39105192931
-3.53923793343
-4.56336514209
-4.25172706074
-3.07963351263
-1.99637683162
-1.96529446125
-3.46271488997
-6.17135577775
-9.02600124467
-10.6158622827
-9.786289155
-6.18539067582
-0.513999918067
5.6429450094
10.3502199457
12.0132242316
9.95112077934
4.62697151516
0.7899984185741005
-3.065012225735174
-5.32845272381
-7.79207520201
-7.81193693594
-6.16667087818
-3.97017237483
-2.20582050483
-1.39654271849
-1.51752838421
-2.14223479304
-2.71721875206
-2.82629397081
-2.33634797902
-1.39085252948
-0.291557624169
0.651225996595
1.22674921263
1.35880194209
1.0826009618
0.503445924844
-0.230166319016
-0.934717001923
-1.40332691447
-1.44710272886
-0.969488841963
-0.0420153096906
1.07186474444
1.98676734952
2.35592708701
2.06153952024
1.33785429395
0.741778324003
0.94884849816
2.44102862957
5.2225537094
8.71026467838
11.8811236807
13.6446977235
13.2946187491
10.8379595146
7.03883644283
3.13279468785
0.31989512061
-0.744411285818
-0.227345135479
0.971575902957
1.6504369197
0.884862305182
-1.50920026766
-4.85113755792
-7.87865134695
-9.31695669245
-8.47484823409
-5.58906680736
-1.75039218919
1.56214856731
3.1286525656
2.51955649758
0.264889513878
-2.41591720588
-4.19517420701
-4.25445618732
-2.64755855628
-0.239740526296
1.74338727837
2.33709095915
1.32672164675
-0.634513887171
-2.34058279123
-2.63291667264
-0.998299957085
2.12727737025
5.5052289815
7.63638886468
7.45482180793
4.85295343173
0.789087056655
-3.08408038881
-5.1139115206
-4.36153719139
-1.0202137467
3.64627660779
7.81866685174
9.86726465948
9.00791861241
5.59504502537
0.940165772116
-3.25100327025
-5.57338243582
-5.45672253755
-3.32977446217
-0.371658451321
2.01857259082
2.79666543254
1.65565266414
-0.920956244185
-3.92474357472
-6.26710642959
-7.20549377489
-6.58355464111
-4.8134048711
-2.6419045366
-0.824421996923
0.151134052641
0.189875791648
-0.457337417081
-1.36192166155
-2.11431426168
-2.46370644011
-2.35712988668
-1.88752131788
-1.19902133386
-0.406658672285
0.432420784443
1.29378207081
2.13469833834
2.85721956176
3.31448631383
3.36356522142
2.94090480547
2.12148646338
1.12685761907
0.268447233678
-0.158660407844
0.00745358520356
0.715556398781
1.69474725567
2.53166593265
2.80954401052
2.26160010596
0.882376486934
-1.04729581569
-3.03639701721
-4.53875053798
-5.13450924603
-4.67376487017
-3.33008029858
-1.54416873437
0.121365870659
1.16231256173
1.28237330603
0.460441539414
0.3629933143853066
-0.09642486985158882
-0.5565707162909064
-0.7532395589575174
-0.552896151622
-1.44698807707
-1.90401047968
-1.89902207689
-1.38426781002
-0.341790921559
1.13930816775
2.81103908462
4.28365801739
5.12385112641
5.00418915958
3.84264126523
1.86677599892
-0.435367682181
-2.46800231361
-3.72768329979
-3.97134489628
-3.28460146427
-2.02471691858
-0.666079423301
0.383634508337
0.919402967992
0.975367820268
0.757730430757
0.516080155662
0.418801071729
0.489364258571
0.625292825644
0.679063908136
0.551586883929
0.247520565544
-0.133525745224
-0.459320361479
-0.641781621006
-0.683399993508
-0.667713176256
-0.701057760674
-0.840877787673
-1.05365760553
-1.22878251791
-1.24254590105
-1.03687763841
-0.666856091001
-0.286185369839
-0.0731377954217
-0.133313035069
-0.431345510232
-0.791877296487
-0.975688511033
-0.797167739779
-0.22519161722
0.585538146795
1.35284532884
1.79050636162
1.73813280294
1.23355703766
0.490850430676
-0.20623112807
-0.642601774215
-0.772011416863
-0.727123866722
-0.732811636219
-0.966051554705
-1.43539405031
-1.94632333499
-2.17797306531
-1.84088951644
-0.842161292843
0.624735856834
2.11687367209
3.09947953108
3.16085333638
2.1914746002
0.446491904759
-1.066490157602729
-2.208464896694906
-2.5225913831932587
-1.8777980840678623
-0.5077401652927449
1.0927723510814076
2.36593970958657
2.899769396706759
2.564910872061631
1.532659978236893
0.17948978230221257
-1.0714872242851214
-1.9023460508781795
-2.187529279359836
-1.9928652771540953
-1.5023924865209182
-0.915907929252
-0.887712108438
-0.923035365382
-0.965887734224
-0.9293442294
-0.752391535261
-0.434190566774
-0.034456273915
0.354526972657
0.647709425884
0.800553553685
0.823422850988
0.774056513006
0.733261137231
0.773429942514
0.930249771949
1.18626389239
1.47194383404
1.68580189902
1.72965030307
1.54895967166
1.16350798228
0.673263714082
0.231007942274
-0.014059048026
0.0170088229495
0.284006675214
0.622522446514
0.793767080533
0.576989664989
-0.129587256974
-1.2426725568
-2.49644856451
-3.52113489674
-3.97218465017
-3.66030508232
-2.6285474583
-1.14258695122
0.403701185348
1.62894581007
2.29287271755
2.36037361875
1.97819867862
1.38100037343
0.774563623405
0.252093163691
-0.219199083923
-0.740001412903
-1.38387195622
-2.11785604623
-2.78286866875
-3.14733255137
-3.01003378252
-2.30237751085
-1.13902252225
0.21008540139
1.41576835112
2.21069473969
2.48070026657
2.28627125653
1.80783484577
1.24463756233
0.717970277348
0.225399774204
0.3772644921415633
0.34308145599996465
0.07753217611519858
-0.33588687001528683
-0.6977348375905734
-0.7707961600854958
-0.3891402245886155
0.4519130244515992
1.5672727329856713
2.6306756834660945
3.2830647986509405
3.258918800662343
2.482769531829902
1.101803606411508
-0.5538464452988876
-2.0655260003205314
-3.04150079988
-3.84398154292
-3.77116623138
-2.94539342125
-1.64887469654
-0.249926581751
0.889925929552
1.50906401971
1.51844029441
1.03316252555
0.347445891897
-0.149867013763
-0.102703251849
0.678219662507
2.12199854699
3.88614190735
5.44395590091
6.25113225323
5.93772231518
4.45502925363
2.11752259034
-0.483786272503
-2.67109665557
-3.90551517384
-3.96499287148
-3.00759011408
-1.49726440874
-0.0229441320351
0.917451494263
1.08494364111
0.558451548649
-0.330440409249
-1.15255188808
-1.55870641152
-1.40873151866
-0.805649747153
-0.0302198859746
0.589336434728
0.815449643529
0.592682966456
0.0615267914991
-0.503915197628
-0.804775281551
-0.629844243401
0.067526074704
1.15042605541
2.33842808027
3.28998716023
3.70083928409
3.39105194275
2.35889512564
0.788794623486
-0.988834724815
-2.57729399021
-3.61434459366
-3.86838192016
-3.30284598381
-2.08789828137
-0.552455598824
0.911759931149
1.96561689612
2.42048483215
2.28611563298
1.7525660864
1.11334904338
0.657865012031
0.571648235844
0.879070018086
1.44669995125
2.0432402806
2.4323862249
2.4649367687
2.13854035307
1.6055334265
1.12633567515
0.982220895884
1.37290611297
2.32936513428
3.67020870256
5.02113782751
5.90196728981
5.86620658621
4.65807403196
2.33755275797
-0.676862566877
-3.68061598
-5.8687730174
-6.58994442072
-5.58802967402
-3.14030353209
-0.0238205968541
2.70273713095
4.0450286853
3.43262556464
0.958331981206
-2.60516336112
-6.03791237754
-8.08722219884
-7.92098694324
-5.45159245095
-1.40138212478
2.92728662154
6.10332914423
7.0786163473
5.57148256006
2.1775553158
-1.83664254408
-4.98409193742
-6.08804528161
-4.70082649294
-1.26138560128
3.0604941895
6.77184306421
8.56698227188
7.76120866811
4.50259398122
-0.299625841695
-5.29172914252
-9.11885144375
-10.8424882583
-10.1993432349
-7.63079645514
-4.09213923468
-0.720381845334
1.52274943834
2.11901258144
1.09819088409
-1.03717907466
-3.52480894674
-5.61179439927
-6.78828567819
-6.9142869314
-6.20972084344
-5.1257366844
-4.15320523622
-3.64043140786
-3.682360054
-4.11312880162
-4.5949107625
-4.76306667402
-4.37194924617
-3.3911804222
-2.02439130183
-0.65095170986
0.285193103092
0.4042024751
-0.49695167514
-2.37113479096
-4.89912496907
-7.52333577676
-9.53687866182
-10.2222726326
-9.02346574059
-5.718728996
-0.546587799669
5.76717637965
12.1170583003
17.257348558
20.1214440663
20.1272927336
17.3631192592
12.5765383326
6.95510522937
1.76448229221
-2.03051978818
-4.02436896727
-4.41479585825
-3.82327846864
-2.97420487852
-2.3726935419
-2.11868749726
-1.93191703963
-1.36589359767
-0.102670422411
1.81648741216
3.93869685709
5.55523742799
5.99666349825
4.93140216821
2.52849249
0.17995207601421725
-2.0614235169901036
-3.4903374621627563
-3.7874633092334307
-3.108920022067025
-1.9687624328527846
-0.9786236942083235
-0.5702568735052012
-0.8268339385983268
-1.4898711622514327
-2.121476510355535
-2.329768898341314
-1.9430687487631388
-1.0540699295715683
0.0723896575301
0.333431367033
0.420595487326
0.370310574619
0.323330587508
0.392326031071
0.554856724853
0.642832966622
0.442032468062
-0.152374004863
-1.01781436954
-1.80484890245
-2.07675756931
-1.53082329216
-0.190588880169
1.53945197437
3.00444122492
3.57114410893
2.92086153467
1.2217999315
-0.911717534222
-2.667770305
-3.38691001109
-2.85396008117
-1.3934539239
0.280359351166
1.39307936336
1.46758747475
0.542754031175
-0.849096537612
-1.93548757651
-2.06922944212
-1.03548099574
0.841441529975
2.83864642875
4.15468100229
4.26014487933
3.12047161658
1.1963367971
-0.768148542484
-2.06449214254
-2.29996117053
-1.52112822583
-0.14333022247
1.26103341999
2.20528148014
2.45250543972
2.0430689572
1.20071426287
0.187994176931
-0.806268191264
-1.69767545363
-2.46059373326
-3.05664110371
-3.397882937
-3.37678044191
-2.94653598758
-2.19697955324
-1.36641264135
-0.763204124789
-0.624499753522
-0.98266098562
-1.61674729628
-2.12942578378
-2.12604189179
-1.41499171307
-0.12864302127
1.30466468563
2.33727127216
2.55249750857
1.87163980628
0.614389985183
-0.625415956556
-1.24010812452
-0.889191160157
0.328303873508
1.89282946938
3.07123715552
3.22258483204
2.06875014535
2.7351182652059833
2.896093157526522
3.29897463785
1.65299673632
1.07895741315
1.38244801768
2.06620340664
2.56639573697
2.49520058057
1.78759308105
0.699554982618
-0.327789021226
-0.869036310727
-0.691690425906
0.159286305965
1.39268942698
2.59212188134
3.36955373888
3.490468734
2.93042647566
1.85494400102
0.542976005548
-0.711056946786
-1.68262221338
-2.26729165505
-2.4881828749
-2.46555825916
-2.36166672295
-2.31815775586
-2.4046053836
-2.59449036803
-2.7781513254
-2.81051982652
-2.57760720505
-2.05536568835
-1.33387150355
-0.591674622306
-0.0264489872839
0.230245127937
0.175207484636
-0.0592315025127
-0.261621724455
-0.23954434889
0.0847387376249
0.627700523622
1.17293863501
1.46547896137
1.33025922534
0.759183638249
-0.0760547907066
-0.893932601302
-1.42491967419
-1.52894935343
-1.25390439583
-0.808459888469
-0.463294324106
-0.428025643554
-0.761034791474
-1.35140022835
-1.97626620723
-2.40160195126
-2.47696429852
-2.18302124673
-1.61815597993
-0.941606147201
-0.308604884001
0.170530641476
0.436266557705
0.463793735446
0.250416387069
-0.1754692212
-0.727452264186
-1.24154173932
-1.49501287681
-1.2776059813
-0.49613451698
0.736676608599
2.08596319369
3.08336051027
3.30364014395
2.56187426347
1.03908885004
-0.736795856106
-2.06908940652
-2.36970798725
-1.42184248269
0.49139949868
2.66120038346
4.21242772971
4.44678406208
3.12676210122
0.579292805679
-2.42516980291
-4.96512351701
-6.30615444438
-6.14379216293
-4.65893443961
-2.38193553382
0.0536194273281
2.14493653863
3.63912256969
4.50298863853
4.78946803121
4.49742162807
3.51767114934
1.70289435985
1.909761412600318
1.4841114340529487
0.959343603524
-1.83449709195
-3.36105987794
-3.29611829192
-1.80379140218
0.492789899098
2.73218563259
4.13882227807
4.31210280572
3.35512693241
1.78939643172
0.298523417998
-0.57991902402
-0.67510554561
-0.22127491178
0.294462058606
0.395109850848
-0.140133286383
-1.16165792264
-2.21673043345
-2.76237271284
-2.42238987391
-1.17064812587
0.639733426737
2.41010036151
3.53044984202
3.61227148958
2.62556276956
0.892304431772
-1.0491169605
-2.6445638803
-3.50834247628
-3.52662041939
-2.85531787
-1.82983339708
-0.831512608581
-0.161349536246
0.0415500328771
-0.179249182729
-0.633463643873
-1.05976242735
-1.21822966088
-0.975140371293
-0.35657906079
0.448024452042
1.14072379865
1.41900505744
1.09910241293
0.213982134528
-0.958591653765
-1.96255725045
-2.3137940878
-1.68562299569
-0.0585514122145
2.23122932277
4.5751263246
6.28577419767
6.83232848759
6.02762639794
4.09335703635
1.57703647673
-0.845899276139
-2.60582802395
-3.41724592185
-3.33655605793
-2.68656495518
-1.88989798932
-1.28741491554
-1.01708892029
-0.996302467311
-1.0026129164
-0.806820817276
-0.294911379523
0.472780261641
1.28429590839
1.86307158439
1.97717264211
1.52529641384
0.57002681669
-0.686017567492
-1.9635976331
-2.98230335712
-3.52390252024
-3.47113603928
-2.82169309944
-1.68380922099
-0.259763040788
1.18052373292
2.33681053717
2.92690033978
2.74113804306
1.69209587099
1.5727957849552183
0.874993610635471
-0.06292855206592662
-0.846620577892
-2.83409679586
-4.02233389179
-4.29236093868
-3.70227542257
-2.47092150111
-0.924585503912
0.582503604473
1.75519193782
2.42845681957
2.60026089905
2.41325321915
2.08874079444
1.83485464655
1.76366427436
1.85188283942
1.9641370738
1.9311945021
1.64911081311
1.15192048148
0.618627786771
0.303608847298
0.416467316517
1.00548972123
1.90317441962
2.76827873003
3.2156059944
2.98188439583
2.05452754056
0.701780025514
-0.615849552514
-1.42013793062
-1.40329706126
-0.549936010672
0.858128410888
2.35348168827
3.4601959594
3.86008871178
3.48227030272
2.48951494029
1.18280262434
-0.122048338395
-1.18890588983
-1.89544345211
-2.2122654685
-2.1598969069
-1.78000098166
-1.13711638023
-0.338055580941
0.46228523411
1.09445972706
1.44565599765
1.53406074083
1.53583535691
1.72886990894
2.35965306595
3.48818069309
4.89252389712
6.09968812146
6.55403248922
5.86318250503
4.01072080858
1.42509611326
-1.14843201631
-2.93464097039
-3.45396107029
-2.73714733084
-1.32126641059
-0.01729086891
0.451493627567
-0.225179340776
-1.8093974794
-3.63686536454
-4.9398854681
-5.21727838018
-4.47210590345
-3.20093926866
-2.13966554708
-1.89111917933
-2.61913503966
-3.961530207
-5.20615090112
-5.64318035947
-4.91899419925
-3.21631054731
-1.17257512445
0.420641939282
0.98624011864
0.416194422551
-0.90856766346
-2.33264746046
-3.25656428369
-3.41035861065
-2.93437716429
-2.23805117103
-1.72698541951
-1.55697131855
-1.55434271713
-1.34621670342
-0.624003487294
0.614749897832
1.9934278929
2.908111048
2.83308390923
1.61662526606
-0.401530139463
-2.53039730209
-4.06596162359
-4.65332804019
-4.47352822387
-4.13919335432
-4.3366668765
-5.39623471444
-7.02782800732
-8.39010125898
-8.49407380273
-6.7600870335
-3.44414692783
0.312955485771
2.8913877141
2.90653762898
-0.0840924693837
-5.22379653994
-10.5532712184
-13.7194167777
-12.9155322741
-7.65297857501
0.974810242377
10.6588760663
18.7213002766
23.0858907668
22.9727745828
19.0500904813
13.0210267514
6.86546101889
2.08342720381
0.2233400457915593
-0.0241347546535593
0.4740496992123866
0.8483669341156741
0.6326770034371947
-0.11446566954067805
-0.9725809186183341
-1.465076011617711
-1.3191528077183534
-0.549560329089
-0.37446419592
0.0194912593464
0.554692358259
1.26550876457
2.16091834774
3.07399639965
3.62797808782
3.38122778189
2.09676720777
-0.0145611222229
-2.24281809726
-3.5999312628
-3.24756466854
-0.937967090908
2.76294868859
6.61623005142
9.1882220104
9.46592973326
7.32306591134
3.60457161919
-0.228113596917
-2.7367856591
-3.13348240105
-1.59708163939
0.870320675126
2.97228244377
3.76723939754
3.1144304942
1.69653725574
0.614118049843
0.764954379313
2.33132231591
4.64311735289
6.49189952986
6.73842147633
4.90332457788
1.43663120471
-2.47561336055
-5.47257793725
-6.66388330342
-6.03154998754
-4.38664147929
-2.90855619932
-2.51084902362
-3.36702781642
-4.84546776518
-5.88706868759
-5.62411669219
-3.90717052361
-1.44939132031
0.504770521109
0.827922242561
-0.85847085171
-3.90711886472
-6.88864498035
-8.2573561982
-7.1183066029
-3.71092711252
0.644690143327
4.12959285966
5.26230790763
3.58474725513
-0.1374877757
-4.29744466557
-7.22093103638
-7.94855860707
-6.64141443475
-4.41860720891
-2.72313144259
-2.55009184551
-3.93745582676
-5.98036326446
-7.35658640384
-7.0830443597
-5.0992920404
-2.35890445802
-0.362276740973
-0.356684159029
-2.61161008798
-6.15372530626
-9.12447382699
-9.61274078775
-6.57106742783
-0.370455276477
7.28428141343
14.0498657284
17.9263504896
18.0634020559
15.0178275173
10.3602369681
5.84750296115
2.5856063195
0.601511860096
-0.973208332635
-3.2212802699
-6.63390339854
-10.6222423982
-13.6320220546
-13.8414204466
-10.1188786834
-2.76757474673
6.33575861121
14.3239048352
18.4202681017
17.0528809344
10.5093145634
0.841055420143
-7.582460380549833
-13.310264746469628
-14.756119399131762
-12.023359831526392
-6.663410782514205
-0.8885523323946387
3.3769409272916278
5.189623528851598
4.762778473670451
3.1245507006614304
1.4913407491365547
0.689718689491
-0.450353324768
-0.946702295906
-1.30721323674
-1.79362351037
-2.2417493398
-2.18409936045
-1.18693255983
0.804175888381
3.31702260101
5.49855310458
6.48716333076
5.82110914502
3.6710664407
0.775217281487
-1.89161386931
-3.54804518248
-3.92135308764
-3.29731468823
-2.29399373053
-1.49125311021
-1.11899817484
-0.97100053523
-0.587368677281
0.39777569105
1.93966347355
3.48383726056
4.16263445246
3.2116406752
0.409485805702
-3.6824790814
-7.8209820184
-10.5075236709
-10.5727546534
-7.670727877
-2.46721511669
3.56488909508
8.66345440667
11.3991042384
11.1552551622
8.28804931182
3.92593672307
-0.48656354098
-3.70624231341
-5.07220001598
-4.62947499159
-2.9891553185
-1.0195504441
0.489801070281
1.06655118382
0.63437869481
-0.13118264911857125
-1.232944209513306
-2.2412603814981935
-2.8388785576198075
-2.8763996200545705
-2.37344309240153
-1.4868558342436273
-0.46239434147618397
0.4240490408557065
0.9339768723508541
0.9349653982229427
0.4518623547182159
-0.323688849664
-1.45293007799
-2.23480426606
-2.43989034062
-2.02967147432
-1.17686211818
-0.200046212579
0.564778289386
0.902618877368
0.806993173021
0.475892622608
0.215580277606
0.293270917875
0.803785697256
1.6104068084
2.38843060432
2.75557818947
2.43607857591
1.39080735284
-0.140322424313
-1.70237892063
-2.77330360966
-2.94234320552
-2.05607952446
-0.282265483226
1.92927651428
3.97578788997
5.28050164715
5.46724850081
4.47850418943
2.60057960542
0.385370585936
-1.51231739262
-2.5364387847
-2.4093033765
-1.22961817864
0.54910354577
2.26050925785
3.24618884704
3.08182133108
1.72782378786
-0.453194263742
-2.82222154034
-4.68825490524
-5.54734585142
-5.24582466148
-4.0078942345
-2.32349400441
-0.749270641742
0.291422114838
0.628944588001
0.348412289542
-0.311992040317
-1.10364509199
-1.87667575671
-2.60627185775
-3.33517069342
-4.07774422318
-4.75076649278
-5.17855759643
-5.17513505702
-4.65793404584
-3.72372279354
-2.63255152912
-1.69405614022
-1.10743697152
-0.840583065842
-0.62370768357
-0.0793934194091
1.06139016596
2.76195819684
4.6111171695
5.94077540968
6.09954159064
4.76879741551
2.17242572997
-0.933917052245
-3.51425569764
-4.65273647807
-3.93398053555
-1.63121711493
1.39249204258
4.0386696483
5.43452195322
5.2978585636
4.04060685688
2.56059960619
1.81251504786
2.35158609972
4.05950181115
6.18172157846
7.66454297365
7.64269413419
5.85720634741
2.81200468877
-0.406461686865
-2.57164572008
-2.829506624
-1.05870332302
2.07566882562
5.39320513909
7.67176757156
8.11795131164
6.63859821163
3.81237030357
0.594692165067
-2.09841983793
-3.740725972
-4.33715780384
-4.3170389697
-4.25341170576
-4.55387102285
-5.26792514369
-6.08957773312
-6.53701010048
-6.2108117926
-5.00389728044
-3.16879817049
-1.22115023768
0.26560204822
0.875627429903
0.483602686782
1.3772823081050376
1.8009354226973642
2.15497265147
0.690721152814
-0.35932749595
-0.946872661445
-1.08822399274
-0.81462945352
-0.161071322261
0.808638124738
1.96994777516
3.13437708734
4.09220667605
4.68680020143
4.881045356
4.77337500732
4.54380791523
4.34838205252
4.21293912909
3.98562721778
3.38462717557
2.13251660804
0.12266309498
-2.46065118703
-5.13442348081
-7.24250041654
-8.17690924041
-7.61131842731
-5.65106641954
-2.83293920737
0.034063075081
2.13255799374
2.90882562921
2.25294856124
0.522272293059
-1.59722243831
-3.33760474458
-4.11284097147
-3.70710496118
-2.32643804595
-0.50376498273
1.10171047115
1.93645205769
1.73584337524
0.599973166842
-1.057716514
-2.66552126394
-3.69571053464
-3.84383705115
-3.12475867968
-1.85439207235
-0.525798996737
0.37489643263
0.545670365053
-0.026295563708
-1.07070386538
-2.14887198198
-2.83227895407
-2.87391556689
-2.30287655728
-1.4027455151
-0.582079766046
-0.191316656763
-0.364762980037
-0.957350567325
-1.60600147953
-1.89111001997
-1.52847184929
-0.506525472974
0.894066161987
2.21053971748
2.99239519294
2.99616729647
2.29513276093
1.25479285282
0.383314981888
0.120564674619
0.655751920703
1.85063577786
3.29903457206
4.49502498917
5.03743207854
4.78585746231
3.90735785679
2.80076437954
1.93567623311
1.67420557864
2.14438766975
3.20756314851
4.5220399494
5.66980211398
6.29530401476
6.20921348211
5.42956283206
4.15729933645
2.70277169411
1.38940516971
0.461496324493
0.0184883996893
-0.00853052636502
0.169550923998
0.272972169967
0.055910149301
-0.591830230352
-1.58222010963
-2.63710243811
-3.3763255463
-3.46281997626
-2.75202555174
-1.38178026041
0.244837463708
1.58989483963
2.18001771862
1.79425990211
0.556993481353
-1.11152606958
-2.67238670658
-3.69817347156
-4.05174426197
-3.9276770246
-3.73148486429
-3.84896671677
-4.41508923444
-5.19935060526
-5.67556674992
-5.25846159374
-3.60639764018
-0.849266097365
2.37511078339
5.11163485394
6.43873625769
5.83557639525
3.40745933831
-0.132048154286
-3.72014760596
-6.33866916347
-7.37893290778
-6.82890407633
-5.21420583574
-3.3326607944
-1.90850449357
-1.31888846698
-1.50222330762
-2.0683137653
-2.53785150256
-2.58672122877
-2.18065703413
-1.54918440003
-1.03044430118
-0.878876719427
-1.13755534877
-1.63462706158
-2.09359100276
-2.28759760216
-2.14922526877
-1.77748444824
-1.34511773124
-0.967394442656
-0.616376970845
-0.139066047437
0.622860396585
1.6770503525
2.78372710466
3.49197546445
3.31719105266
1.99006070501
-0.342112757556
-3.07392231991
-5.30747622168
-6.1772930865
-5.20574144206
-2.53364347761
1.08564458684
4.54281329808
6.7849069447
7.21691272222
5.92549919875
3.62982452075
1.37852259035
0.118795630473
0.316721115733
1.78483640049
3.78450349193
5.35517177487
5.72968727572
4.66256341144
2.53809876829
0.218296993687
-1.30350018119
-1.30199159993
0.385095775422
3.27760288064
6.41362225435
8.68374959256
9.21197800111
7.64678126256
4.26650475225
-0.125439369231
-4.46642061691
-7.76257598169
-9.36883652523
-9.13771713278
-7.40489799611
-4.83535538047
-2.1950087184
-0.127837789274
0.994428739838
1.11594321629
0.439283135793
-0.695248958631
-1.94112706254
-3.04157566415
-3.865863326
-4.38971589647
-4.64558080665
-4.6758007915
-4.51261964807
-4.18897274996
-3.76380612898
-3.33586630525
-3.02600000994
-2.92731888248
-3.04512158077
-3.26156077938
-3.3548174207
-3.0790291637
-2.27936262955
-0.992230675506
0.522154674166
1.84407238435
2.54255533083
2.35266571012
1.30537740262
-0.254191095202
-1.78068799314
-2.73712767431
-2.81444436938
-2.0662794407
-0.893931547077
0.121233916461
0.472886828714
-0.0353446781335
-1.17976270606
-2.38627723442
-2.95873324033
-2.37492203462
-0.526729036365
2.19927058889
5.03977682801
7.12811208624
7.8151284948
6.91014803426
4.74751710548
2.05554238897
-0.316624911258
-1.70482327247
-1.85123046153
-0.962875288872
0.403891266816
1.57741498089
2.02763298268
1.55011454357
0.317412583093
-1.2078845614
-2.45409799529
-2.94340578176
-2.44615219593
-1.04119062761
0.926634309679
2.96737035694
4.60036030081
5.49338727423
5.54789190577
4.91030415156
3.91106802702
2.95250883551
2.38051855011
2.37995275798
2.92740057735
3.81758280535
4.75474189397
5.47569948687
5.85650948538
5.95764397538
5.98500644899
6.17887169537
6.67627762044
7.4090871813
8.09015762907
8.30516471842
7.68091366885
6.06272239924
3.62213088821
0.839475675264
-1.6438560939
-3.25205798958
-3.69105174055
-3.06368127262
-1.83174927675
-0.635296550466
-0.0399485947799
-0.314950759615
-1.33318791671
-2.63422774535
-3.62351671247
-3.82436552651
-3.07834046279
-1.61264550874
0.0504913765952
1.30212725619
1.68578506002
1.0715483524
-0.300626058613
-1.91904144
-3.19475251603
-3.67349223313
-3.18595540369
-1.88775544067
-0.186044057111
1.40898609719
2.44812236275
2.66681763489
2.03590906953
0.737061304214
-0.9147616411
-2.56835875918
-3.9223437322
-4.78137515989
-5.07719603196
-4.85893932936
-4.26173577443
-3.46348580529
-2.6392104204
-1.92202977402
-1.37901261419
-1.00739729868
-0.751274725095
-0.53201820453
-0.280583937919
0.040606053436
0.433109227187
0.873158848435
1.32758946163
1.76275866008
2.13964404317
2.3988688751
2.44918822629
2.17553912074
1.47499749619
0.313391809992
-1.22053901968
-2.89356373529
-4.36138477416
-5.25823269325
-5.31739795292
-4.47832141566
-2.93436878501
-1.0945672819
0.534248275879
1.50512532842
1.57031570527
0.749496750998
0.35634427800387414
-0.27383980055238055
-0.76642603633195
-0.883189727558
-1.65568435824
-2.11028328801
-2.42028598626
-2.71891959283
-3.02837367856
-3.25247810703
-3.23076730944
-2.82417269786
-1.99102263776
-0.82030190758
0.488560224807
1.68569863365
2.54221579421
2.90525461907
2.72239456726
2.03813231911
0.976147643715
-0.279428436581
-1.50031035586
-2.43562274578
-2.85008340676
-2.58212151077
-1.60897432527
-0.0909604135462
1.63562028207
3.13282347647
3.99032515198
3.96801997264
3.09516827178
1.67847383578
0.204341706034
-0.83538724796
-1.12907372614
-0.666853893848
0.255155849986
1.15447098394
1.56001236063
1.20786321408
0.153703099254
-1.24574450123
-2.47549355726
-3.07064218963
-2.80448641312
-1.77962485
-0.386108817948
0.854517974522
1.4949107026
1.33508261896
0.496520434933
-0.628081701716
-1.5261790716
-1.75794488682
-1.11855000541
0.286088994537
2.07263416081
3.70710810642
4.68026442694
4.67435035077
3.66983628024
1.96033689082
0.0707499983386
-1.39918485792
-1.96193300971
-1.40429789551
0.128311659032
2.15985298049
4.02568466036
5.09158296739
4.98003556641
3.72177780059
1.7678277306
-0.156953178459
-1.31736600939
-1.2551502164
0.0131633530313
1.97583088997
3.8057313763
4.68169479042
4.12829706437
2.23384130387
-0.352344882
-2.65547618991
-3.75846990175
-3.18089077099
-1.09678565133
1.70408469879
4.10321413013
5.07723184369
4.0897715635
1.2952927205
-2.52306013458
-6.24991657787
-8.84315422499
-9.68501098384
-8.74739867092
-6.52511804089
-3.78933685653
-1.28201670805
0.517987056404
1.47460053581
1.71709783832
1.47432263181
0.919979044979
0.107018956281
-0.5708681500547783
-1.5258160864491401
-2.6249030032915783
-3.593395586596273
-4.100288704700361
-3.9053928687081765
-2.9905688117736275
-1.6008130643340621
-0.16417280699471348
0.879300276053911
1.2617707438399464
0.998014040050009
0.369280825679
-0.738546294431
-1.44108096438
-1.58904931606
-1.28654229204
-0.8138355572
-0.471291521588
-0.42508204757
-0.631249747752
-0.872469707624
-0.884008469233
-0.501378706014
0.246188154589
1.14202778093
1.88142503263
2.21070766544
2.03522324546
1.44508451758
0.652740593237
-0.117620306748
-0.726484309873
-1.15129993364
-1.44406005235
-1.64756782816
-1.72768191139
-1.56912010931
-1.04413265163
-0.117709927867
1.07407455291
2.22789116632
2.97346856633
3.03147511639
2.35316615557
1.16692897867
-0.102002501442
-1.00999046145
-1.29061982914
-0.972257593559
-0.35576626521
0.142583220697
0.210019645956
-0.189653060912
-0.778791039876
-1.09088217922
-0.704496982965
0.523922817378
2.3436709833
4.17395293517
5.32870473605
5.30486071234
4.00389593576
1.78448089897
-0.679394706856
-2.67138638468
-3.71394890434
-3.73305940403
-3.0383446782
-2.13770702288
-1.48173067846
-1.26217363519
-1.35774661451
-1.44532800829
-1.21289863983
-0.561654793801
0.307815326224
0.971190592758
0.982402489136
0.102862394203
-0.8106183310202368
-2.0593791368637966
-3.0409190935501584
-3.247472121722808
-2.4828455240127596
-0.9447462409782901
0.8627821401664733
2.3443063154655164
3.05680726659
2.26513566934
0.793237582969
-0.926219757025
-2.43658462163
-3.4317759236
-3.83464536394
-3.75713788426
-3.38087799289
-2.83361154579
-2.13241959263
-1.22266761799
-0.0850628734133
1.15807120149
2.21016747694
2.67806675741
2.23782151751
0.81484582433
-1.31304433614
-3.55388550007
-5.18397891203
-5.60981098223
-4.60299015374
-2.4063314465
0.339975679065
2.82780136023
4.37510624375
4.66538462187
3.83647507672
2.38711832616
0.94699785888
0.01237238065
-0.239522891365
0.0176053513902
0.385962319444
0.464377566668
0.0585993734339
-0.715175352663
-1.47927536735
-1.7718924058
-1.27091285446
0.0378364147762
1.82450298313
3.52884320514
4.57534570084
4.59814515328
3.58139670086
1.85901703882
-0.0211561180445
-1.50713480793
-2.23725290461
-2.14227591434
-1.42267569377
-0.424221419415
0.523587941202
1.23217878289
1.69205929006
2.01989725119
2.35319582898
2.75250201424
3.16158449244
3.4422063716
3.45996600954
3.17155836809
2.66441994561
2.1259893012
1.75770031196
1.67855826839
1.869284981
2.18727793415
2.44559817939
2.5150190607
2.39479907748
2.21282403792
2.15210502063
2.34003672999
2.75882582913
3.22785355866
3.4740171654
3.26091357405
2.51480137064
1.38211678999
0.18316176664
-0.723825478607
-1.10842494581
-0.985081864882
-0.621557391676
-0.427537310994
-0.768513214972
-1.78736914944
-3.3160099127
-4.92091782833
-6.06698076244
-6.33073185052
-5.57190862401
-3.99109938887
-2.05207513572
-0.306332095808
0.802721584333
1.07507142326
0.580861651869
-0.417551277168
-1.59891910384
-2.70429223515
-3.59434782135
-4.23044306681
-4.60837909708
-4.69600795969
-4.4183105335
-3.70186122087
-2.55267272176
-1.11817409325
0.311650040042
1.37899139435
1.78372347555
1.40526529412
0.363507899802
-1.01276293017
-2.29958426684
-3.12581690829
-3.29287926573
-2.81860714434
-1.89423671593
-0.783269027043
0.285589127895
1.18270579512
1.87737240927
2.38700223536
2.71451508277
2.81490410841
2.61133564163
2.04996974015
1.15863891909
0.0709717154787
-1.00357537378
-1.85254348982
-2.33951601534
-2.44727015603
-2.26118238793
-1.90170958351
-1.44415064305
-0.873302538224
-0.103573915777
0.940678187466
2.22592455448
3.54927975344
4.56169179948
4.87971402058
4.24483128978
2.65936891036
0.430974113837
-1.9054853316
-3.76494420753
-4.71732362937
-4.63384926681
-3.71113915798
-2.36344067176
-1.03266929813
-0.00292449211098
0.696799169995
1.2599564987
1.95964184177
2.96766895782
4.22590032743
5.43578290599
6.17619182067
6.0983932647
5.10877477153
3.45274153361
1.65568492427
0.339826347625
-0.00941445382003
0.76853600844
2.44362789474
4.47663798052
6.21215611195
7.10420984982
6.88735064615
5.63401162536
3.68876304879
1.518957525
-0.45127819362
-1.95995938612
-2.94419035359
-3.49908944795
-3.79319476259
-3.98494994167
-4.17329396995
-4.391198945
-4.6280478419
-4.85632852714
-5.04365241035
-5.14713858528
-5.10304725253
-4.83035770738
-4.25910891707
-3.37716135519
-2.2726247894
-1.14374943957
-0.258418657761
0.131959882912
-0.105164728632
-0.908088083835
-2.01067777752
-3.01195737724
-3.50681372227
-3.23098757787
-2.16337208499
-0.542293359975
1.21472148889
2.65942252808
3.4729049504
3.57487492052
3.13949335132
2.51252767989
2.06407684785
2.03653909963
2.44843826795
3.09116534405
3.61772443029
3.68600132803
3.09867623557
1.88532042763
0.297057982375
-1.28056167795
-2.45978896183
-2.97653647924
-2.7646129551
-1.9561371949
-0.815390358543
0.362896913247
1.35040099296
2.04365882768
2.46906790613
2.74087575624
2.99453603593
3.32310868418
3.73890634793
4.17028918168
4.49006041862
4.56213959743
4.2894507399
3.64799438975
2.69794019051
1.56994660812
0.431892575503
-0.553522352231
-1.26729837426
-1.6567830669
-1.73540533595
-1.56053399387
-1.19928413416
-0.69796656145
-0.0704660335475
0.687042594953
1.56063592813
2.48058506963
3.30430614243
3.83795967577
3.89772500255
3.39103114819
2.38306383982
1.11339560187
-0.0556358686033
-0.748696652307
-0.707333264505
0.111842604101
1.5137393923
3.12983324691
4.54744235942
5.44992104561
5.70873232199
5.39006037072
4.67862746575
3.76092106102
2.72948818796
1.55866898146
0.16443761177
-1.48503555718
-3.2723922591
-4.91044982041
-6.02505353226
-6.31456818819
-5.71340018637
-4.47395687601
-3.11114367681
-2.21500352831
-2.20266753504
-3.11837081831
-4.57910650708
-5.90496200835
-6.39163823193
-5.61493386204
-3.63545640267
-1.00882144228
1.41223405035
2.80729317138
2.71395546128
1.21386656474
-1.09848091604
-3.35006903145
-4.72815061187
-4.78416400351
-3.58297608046
-1.64677995209
0.270489232529
1.4765746791
1.58222209603
0.603643305867
-1.09505264747
-2.97422428719
-4.52210960911
-5.40787960456
-5.53902518487
-5.02608844577
-4.09430999078
-2.99201172787
-1.9301967762
-1.06038388368
-0.475455933194
-0.212648456702
-0.248552779734
-0.49290886177
-0.797837696179
-0.994299887047
-0.950439686721
-0.628142995299
-0.10738311889
0.440795039421
0.826808914774
0.929257349539
0.753348404653
0.429594629995
0.150334420142
0.0739584007478
0.24492150355
0.571066261319
0.87087664331
0.966739862433
0.775565685318
0.348906748429
-0.158692700813
-0.575778431305
-0.807224911665
-0.882667993257
-0.931960947168
-1.09951499272
-1.44416604454
-1.88146843178
-2.20459236444
-2.17854785128
-1.66214448477
-0.694842055551
0.498501691198
1.59062901854
2.28300859376
2.42050220557
2.0340218383
1.2942065282
0.406636875398
-0.49037815868
-1.36790478572
-2.2669243141
-3.20487479963
-4.09015700458
-4.7059369872
-4.78735931018
-4.16151904624
-2.87730816948
-1.24755178899
0.2355401658
1.08643204066
1.03197860431
0.13691838778
-1.21772033749
-2.50024848162
-3.26265539943
-3.33132207318
-2.86090325469
-2.22578181373
-1.80616392868
-1.78097639842
-2.03749684146
-2.24739914019
-2.07047724117
-1.37655368998
-0.361265361478
0.517198587754
0.760055649457
0.100562295477
-1.3160533863
-2.95032447498
-4.09287401166
-4.19751117039
-3.16244938123
-1.41466679843
0.257550925755
1.0566286181
0.550705839924
-1.10816266141
-3.23286320624
-4.90184109804
-5.37493177914
-4.43032032773
-2.46376246455
-0.303064705411
1.17439326038
1.44070909609
0.546799345806
-0.921295128086
-2.13168509543
-2.39912180956
-1.49418049333
0.271374681029
2.21226320438
3.5989004462
3.98511864283
3.38149115697
2.20438999471
1.04274095557
0.368861491855
0.336907979164
0.757950548938
1.24616379098
1.44599219163
1.21741862709
0.688717408576
0.162292435598
-0.0630753312003
0.148295932578
0.711341912345
1.3863168601
1.92137736697
2.18604537464
2.2214982769
2.18617162529
2.23710344571
2.42304903183
2.65489067764
2.76941280676
2.64383809197
2.28579608792
1.83690661329
1.48121187411
1.31173911665
1.2420511576
1.03190707624
0.433051058152
-0.614155705502
-1.8467638563
-2.70506791778
-2.54049352357
-0.929425996954
2.05351275347
5.75043528771
9.09517415991
10.9990019632
10.7896769468
8.50684249493
4.91033531415
1.18377854427
-1.433355120495989
-2.427796072019362
-1.902971205278348
-0.5865920178790418
0.5434897112118051
0.7259211755053769
-0.2435305613961276
-1.9516640274669612
-3.60551752206446
-4.443347257163083
-4.114923364580193
-2.8481790250507544
-1.3282941767006378
-0.35719702347402915
-0.4660337177948861
-1.6701213796983438
-3.4794347172156392
-5.148363882190509
-6.032064230270379
-5.870656679929311
-4.867384643043593
-3.5367958846408527
-2.41613466524
-2.00555427773
-2.03470746078
-2.18341223232
-2.11009903376
-1.68810583102
-1.10390427338
-0.75699021186
-1.012363953
-1.941923311
-3.20449725093
-4.14687681306
-4.09357662243
-2.69005239179
-0.126782929999
2.87861203387
5.34988963892
6.45724466945
5.87452142581
3.9220793761
1.42728402889
-0.633694401071
-1.54778907189
-1.14335716778
0.185887212803
1.71016274553
2.72709433286
2.88283883226
2.30289760455
1.48260081982
1.0048480345
1.232381175
2.12661199456
3.27570577166
4.10823968126
4.17893687161
3.38298616237
1.9972949402
0.536780030758
-0.495034738096
-0.834388212171
-0.555500388523
-0.00017631415983
0.413916326722
0.401905221495
-0.0682475524937
-0.797362720947
-1.49461680419
-1.95102620574
-2.14945121294
-2.25261499042
-2.47969778316
-2.94408511321
-3.54702418029
-3.99280057486
-3.92605221429
-3.12508755041
-1.65156080816
0.125531036864
1.65312696457
2.41318116811
2.13709252135
0.914898641208
-0.41434786106634647
-1.7577697664003011
-2.684457236456211
-3.033806838497398
-2.95017259032754
-2.771699732387134
-2.8332793401847454
-3.28292377599783
-4.0012149043198235
-4.660626087356874
-4.892144278625622
-4.474824001411804
-3.454445990040284
-2.1338988190005637
-0.941395514454527
-0.2416159674956333
-0.18074420540236247
-0.637402935483
-1.65667701422
-2.53214288551
-3.04116759127
-3.16970683777
-3.08248285075
-3.00136047162
-3.05968498988
-3.21168099876
-3.24694397051
-2.90533672006
-2.03469148517
-0.709199583978
0.757128185765
1.91757176863
2.37666011879
1.9674513348
0.838134030982
-0.59622822909
-1.81927386349
-2.42414389857
-2.27583903649
-1.55321615576
-0.653681703679
-0.00612828086916
0.121460750687
-0.267169864452
-0.914626786542
-1.44360046317
-1.54009266711
-1.09927286931
-0.267527898428
0.634797086315
1.26884296173
1.43435484511
1.15399803872
0.647804121002
0.214558732342
0.0809918630784
0.292980036271
0.700115845487
1.03809289436
1.06584902096
0.689359206196
0.0127788326696
-0.705186204858
-1.16546354634
-1.15664117293
-0.636793470647
0.264872417559
1.31950894061
2.30156889203
3.07036004963
3.59404697244
3.91409262449
4.08068635712
4.1031155636
3.94666683891
3.5771556702
3.02323942689
2.41318565004
1.95499706078
1.86056801644
2.24837435622
3.07569415075
4.14001036447
5.15468286848
5.86411307294
6.14040015677
6.01091974333
5.60221081381
5.03193018467
4.31228878283
3.32648897209
1.90248213485
-0.0465923254787
-2.38984674468
-4.73604745541
-6.52617018977
-7.24001409872
-6.6321098027
-4.8846760115
-2.59189455132
-0.561942039508
0.491105095362
0.235493451032
-1.13963675391
-3.00326751431
-4.55003024412
-5.13989029311
-4.5581953217
-3.07931034251
-1.30773726015
0.125116587129
0.862156186851
0.974631823112
0.894866021193
1.16117772915
2.10120538617
3.61253003873
5.15545869466
5.97210281216
5.43609508905
3.37098020574
0.184800213364
-3.24984824317
-5.92480316493
-7.09245758543
-6.5553805501
-4.72336066713
-2.41619946174
-0.503395911978
0.458400640677
0.433219913584
-0.124391179159
-0.512929470613
-0.123983485284
1.27437379523
3.43089438628
5.71750352797
7.39100999998
7.89040757371
7.04463504533
5.11447827245
2.66876570805
0.36281601526
-1.28238087008
-2.01717115557
-1.88156772859
-1.12478036043
-0.0815099665878
0.935730351288
1.69310854941
2.0405893572
1.89172013068
1.20958759793
0.0157451145478
-1.58454878971
-3.3847646899
-5.09231450044
-6.38627388191
-7.00432848563
-6.82761234725
-5.92856581395
-4.55968583855
-3.08381468799
-1.86887721693
-1.18235876748
-1.11927566747
-1.5842144014
-2.32965377154
-3.03620594416
-3.4101463583
-3.27083476568
-2.6042591415
-1.56731687606
-0.439365622665
0.468195616776
0.919475773447
0.844341707836
0.377000017847
-0.178464712485
-0.452589053039
-0.15382808575
0.801137549331
2.22405563683
3.692265081
4.68246409399
4.75701318062
3.73321065807
1.76773023135
-0.25110205834103283
-2.143835655980226
-3.3566817289197246
-3.577649266183286
-2.8317155810178605
-1.4524918065575037
0.05323738113960985
1.1914367351465245
1.6453491262201112
1.361280615565633
0.5340230985682695
-0.4895930264027726
-1.34298120822
-2.23803172632
-2.58455315293
-2.43693445902
-1.96438757768
-1.37878686237
-0.864067675096
-0.524694143392
-0.361367354389
-0.27603273195
-0.105213207272
0.32265434207
1.11680177596
2.26048083822
3.57985648013
4.76741918306
5.46519908801
5.3875456722
4.43992672756
2.78222036651
0.800260124631
-1.01498200909
-2.23949394593
-2.67055829362
-2.39567845938
-1.74192611278
-1.12395704013
-0.85642033943
-1.01558690924
-1.41467745677
-1.7053570115
-1.55808392872
-0.835357522757
0.325977572175
1.56425144901
2.45160829248
2.68587197526
2.22346072613
1.29029297443
0.267955598048
-0.486169576078
-0.794583140303
-0.71528877668
-0.474455836381
-0.317501711067
-0.362187945579
-0.535200777001
-0.627850045229
-0.440617313809
0.0648968778831
0.696585668568
1.09456971207
0.905746442547
-0.013685886009
-1.47471934371
-2.98628376952
-3.94215847409
-3.88642436366
-2.73431421602
-0.83859172111
1.14007376832
2.50820457812
2.83795735741
2.15122176336
0.901385994977
-0.242424883324
-0.711293565585
-0.306914380653
0.700094699793
1.69218584482
1.99412085507
1.19908080535
-0.616590065451
-2.88894306272
-4.77792307672
-5.50578712005
-4.67948694449
-2.46326583012
0.466420458359
3.16008574979
4.72823448444
4.63728097808
2.86186172849
2.063824482578042
0.7680798575694183
-0.2566033467603006
-0.437733659362
-1.77058979348
-2.08918362471
-1.70133872656
-0.999979416101
-0.327588673547
0.110560368504
0.270330283539
0.238369991447
0.169046721103
0.213115924238
0.458877932655
0.90011491375
1.43780433007
1.91447573854
2.17106341877
2.10789462478
1.72758550078
1.14156789337
0.53437849663
0.096885633039
-0.046006899642
0.116669068162
0.479104766996
0.862604458487
1.08714400311
1.03945092073
0.709080745717
0.180049451163
-0.41308662868
-0.940194366969
-1.31499557486
-1.50430070878
-1.51101785203
-1.34940526396
-1.03305249231
-0.584669302603
-0.0590831259182
0.441858155623
0.782739513332
0.841019989582
0.569058556497
0.038931232459
-0.56091609621
-0.987448661648
-1.04319871803
-0.670624724949
0.00718644404687
0.726121196743
1.19008281598
1.20294757263
0.761763838998
0.0642575006043
-0.577212271337
-0.87805090828
-0.714314766906
-0.182909046289
0.440407888321
0.826080058943
0.740009865007
0.147074020845
-0.777996092231
-1.73377290302
-2.42573610045
-2.68469456335
-2.5158070055
-2.06200744151
-1.5098815654
-0.993300087737
-0.546625050935
-0.127906213272
0.309025325882
0.743162440671
1.06479157171
1.1235925804
0.823821313116
0.212431453649
-0.496435359264
-0.987368037275
-0.979262200134
-0.369339599742
0.686830400665
1.80607123767
2.51463274586
2.43525668196
1.44170393622
0.29162742466883174
-1.1881855294216734
-2.52465207753977
-3.360062845023762
-3.570787851389568
-3.277261383117363
-2.7516653503495405
-2.275900990909861
-2.019981174860561
-1.993206154989437
-2.0788656528609977
-2.1206397143878775
-2.0072834650942326
-1.711110001678449
-1.26791202324
-1.29781540449
-1.22965544681
-1.02349690904
-0.636639893475
-0.0854785547174
0.516886634363
0.980798339449
1.11874574624
0.846665237106
0.252497555857
-0.412683268287
-0.828513193146
-0.746640921397
-0.113063992996
0.891019478472
1.91566884094
2.58974313446
2.68211549777
2.20034158568
1.37956815297
0.567422166398
0.0611712485733
-0.0238587647895
0.207752924519
0.50208939485
0.595773729395
0.352543537412
-0.172120412336
-0.768252104611
-1.18744171289
-1.27465773671
-1.04642181825
-0.675698650174
-0.393789059882
-0.363218803225
-0.59027834077
-0.924066248752
-1.1423503597
-1.07792344593
-0.717007130236
-0.215383561916
0.178932084335
0.257956876147
-0.0278912817435
-0.529022869403
-0.958800921057
-1.03149858207
-0.609307175522
0.215143728637
1.14431062055
1.80078484754
1.8948207441
1.35613538535
0.368201723499
-0.710911213758
-1.50415282564
-1.77578251852
-1.5239533011
-0.966115985959
-0.427789718057
-0.188575131958
-0.356286064621
-0.824222346828
-1.32681026934
-1.56440358146
-1.33914012975
-0.642196098449
0.342667262051
1.31636215272
1.98562600382
2.17530288391
1.88638412608
1.27990502405
0.598248391995
0.059642713763
0.09030753004337555
0.3259766797701644
0.6002584376896465
0.7015522390193922
0.46903528622189583
-0.13114932541498092
-0.979672962480393
-1.838653010695225
-2.434661455205884
-2.558717474174429
-2.144607418639467
-1.294574757299415
-0.241848390239781
0.734945807942438
1.4101882086750521
1.6814396342060576
1.5827010198414229
1.2380794270817006
0.7814411640637218
0.28452815507071705
-0.2677540287100868
-0.9403301139392681
-1.768411970005559
-2.680911481
-3.72499237191
-4.37465854404
-4.39603037554
-3.72906072329
-2.56054906053
-1.29020738583
-0.38834123548
-0.199142257897
-0.77835322819
-1.84779488219
-2.90062921534
-3.42062650786
-3.11968200321
-2.08114270613
-0.734083280477
0.339012473164
0.677294123387
0.170160442083
-0.87406319321
-1.86050639475
-2.18594810456
-1.53376281056
-0.0429327834973
1.73558243129
3.08110335895
3.43279250603
2.64961198558
1.07414860755
-0.632691195529
-1.80714559085
-2.09405944651
-1.60013262375
-0.811627318176
-0.316365587961
-0.469552267931
-1.17483530687
-1.89846530655
-1.92016578091
-0.704968676701
1.78487816476
4.99622283626
7.96682251243
9.70872593143
9.62152681762
7.74726931334
4.75180952945
1.64463984442
-0.631007026646
-1.55093025955
-1.15357168106
0.0721397983375
1.47855264453
2.57483113265
3.21125788126
3.55491698885
3.89179312035
4.3792472373
4.89353974336
5.06083601486
4.45794762885
2.87508641829
0.496278494023
-2.10727701721
-4.18041533079
-5.09181629028
-4.59902921588
-2.94241729147
-0.723563205472
1.37045701769
2.86121232396
3.65006207139
3.98977670454
4.2818023967
4.81108094936
5.55877363853
6.19022151541
6.22411063081
5.29604056802
3.38209621592
0.868372319836
-1.57113251562
-3.23271697967
-3.6583639005
-2.805592223
-1.04377160891
1.00784064246
2.71570431572
3.63389641656
3.59594274832
2.68411783275
1.12448294248
-0.818012098368
-2.88907038236
-4.83287603236
-6.3594467102
-7.14973566872
-6.93237574711
-5.61422197842
-3.3985842829
-0.810841470283
1.41613512226
2.57764047625
2.26726789948
0.562976108785
-1.96538869603
-4.44868498085
-6.04334297737
-6.25703175581
-5.13727230117
-3.24099512109
-1.39673045364
-0.360313836705
-0.509468775441
-1.70310235753
-3.3578019234
-4.70094793555
-5.08853927374
-4.25590902477
-2.40609918561
-0.113722174168
1.90255272648
3.04004183725
3.00523039361
1.87956303854
0.0537334182322
-1.92556045123
-3.5305447985
-4.39061356187
-4.36223591548
-3.52884003491
-2.14917969014
-0.578626935671
0.816504514136
1.73828333066
2.02016983858
1.66320686126
0.834656685304
-0.176578917344
-1.04157713452
-1.48918008934
-1.38901868092
-0.790090136087
0.100650640084
0.993193563135
1.61587889906
1.80645847682
1.56093443963
1.02539390305
0.437373279135
0.0399130097502
-0.00220406956815
0.341251004513
0.951699552294
1.59213082005
1.97473604563
1.8509107217
1.10258362932
-0.190911966166
-1.7368457672
-3.08261310481
-3.73868085946
-3.34412388089
-1.82270070164
0.533190898625
3.0991873442
5.08542531026
5.78971366017
4.85081159152
2.40225576204
-0.632663974883215
-3.6706837592239765
-5.8421694360039
-6.607916177363222
-5.94007512714613
-4.304971642169107
-2.455172162541018
-1.1183822321435173
-0.7141308474583212
-1.215506257801664
-2.207958980768609
-3.10967261162
-3.74380762397
-3.65713786154
-3.05397829011
-2.37442743735
-2.06305830026
-2.34510121557
-3.11475642387
-3.98381651352
-4.46242021662
-4.18405740587
-3.07095878268
-1.36880768222
0.456940420113
1.9085112655
2.64003139531
2.56163411306
1.83053606176
0.749928656356
-0.366290948778
-1.29986488353
-1.96763328664
-2.39480902353
-2.6536855259
-2.80813281201
-2.8900393606
-2.90846841827
-2.87208020826
-2.80155649277
-2.72141496129
-2.63950936423
-2.53413442231
-2.36477136613
-2.10539037764
-1.78024931617
-1.47468400183
-1.30429977836
-1.35064355213
-1.59577946494
-1.89657709856
-2.02423845172
-1.7613260596
-1.01437040221
0.115390971459
1.34640160047
2.32018181907
2.75195108403
2.55872656862
1.90115209288
1.11452114845
0.55841672449
0.45584341811
0.799679901444
1.37188520758
1.86468830261
2.04142666161
1.85456626622
1.46072513637
1.12625438964
1.07443385165
1.356479658
1.81657992119
2.17177535663
2.16623823866
1.71862115957
0.982660187952
0.28510818291
-0.0310469232978
0.220450479482
0.968966314878
1.91286872055
2.66077178954
2.91829862789
2.62694798422
1.98600046934
1.34812240672
1.04341415357
1.22189550196
1.79282992311
2.487490289
3.00760575841
3.17874303616
3.02848188649
2.75221649184
2.59091804272
2.69175200271
3.02906406155
3.426960183
3.66614433368
3.6097845039
3.27305475938
2.79476209228
2.32845280615
1.92105598295
1.45945624628
0.729987127189
-0.429882103194
-1.96860351586
-3.54677043892
-4.61669468883
-4.64244413833
-3.36798133702
-1.00205547755
1.78553620302
4.07883306639
5.0627622598
4.35350051987
2.16191453562
-0.788991820968
-3.56014401511
-5.3748371168
-5.91082789219
-5.37968228361
-4.36880662052
-3.53307148097
-3.28957281289
-3.65902558488
-4.31733737421
-4.81286534407
-4.82408551428
-4.31944025267
-3.54093624407
-2.83262025103
-2.42068235907
-2.27746693885
-2.15294731556
-1.76001131724
-1.00690444011
-0.133466129376
0.349105797631
-0.0889234820189
-1.66657253952
-4.06230204131
-6.42971989897
-7.69359376325
-7.01881509432
-4.24263710193
-0.0534057163806
4.20136651027
7.02899119578
7.42277142326
5.33404126696
1.76116186018
-1.60994416206
-3.08258760061
-1.66586544272
2.47503406307
8.0352589744
13.0585598799
15.7020350295
14.9639392997
11.0766298394
5.40809245874
-0.0795422118973
-3.586054966
-4.13568542612
-1.88880822798
2.00033442235
5.89462456811
8.32662160717
8.52599872124
6.62736509814
3.50941165885
0.368654161463
-1.77354260868
-2.42775511269
-1.73377003768
-0.296220134342
1.13617160376
1.99274717885
2.07159566557
1.54157125791
0.788249023973
0.199279228567
-0.00385442922202
0.180864928352
0.601361264098
1.08117623999
1.53437519095
2.00345534042
2.60488499909
3.4184772077
4.38737394695
5.29062729901
5.81334846937
5.68860845882
4.84545815146
3.48808248512
2.05760054304
1.07927755922
0.951309287231
1.76272095648
3.22224402697
4.73808498708
5.62688432039
5.37450742388
3.84553731375
1.35447970836
-1.43550196534
-3.7517854662
-4.99821567819
-4.97559628558
-3.94877487322
-2.53265590066
-1.44182385242
-1.20345547657
-1.94823799551
-3.36269765628
-4.82127595699
-5.6441385694
-5.37649833119
-3.97743148143
-1.84354569723
0.3402555836
1.86173298504
2.24962965509
1.44432562005
-0.193123799379
-2.03227615777
-3.42090039036
-3.92941275535
-3.49749415408
-2.42990649764
-1.24932030485
-0.46946974455
-0.380903282097
-0.933906749551
-1.76316822095
-2.34276924097
-2.20974942395
-1.1684809786
0.604508510607
2.59816632054
4.13651049166
4.61999124797
3.75048180096
1.65590373581
-1.13438360481
-3.85842689086
-5.77642622445
-6.41996312695
-5.74437709759
-4.12734989744
-2.21366441339
-0.664579964781
0.0922613447388
0.0154472438159
-0.554887763533
-1.05702035402
-0.958367986449
0.00531422007364
1.70149936582
3.63859194927
5.15751929802
5.70097762217
5.05034810853
3.43133373668
1.44131286865
-0.17669097242
-0.826039201554
-0.299573965529
1.12274180385
2.7616406833
3.7803047437
3.49047414224
1.61075477705
-1.61503156369
-5.47882013216
-9.02393595482
-11.3394036588
-11.8352999544
-10.4139733432
-7.49053196269
-3.86506559631
-0.492125361797
1.7816864065
2.43793852504
1.40687053499
1.0390814516795217
0.04208993361339708
-0.792389777021
-2.82283519013
-3.66169305201
-3.33702807575
-2.22362401753
-0.89065098225
0.10821041892
0.428635793785
0.0441991225707
-0.769237161431
-1.56529422536
-1.92164516384
-1.61878473512
-0.730741241024
0.4081914491
1.34498083714
1.69686759341
1.30811692334
0.310075286633
-0.937309155992
-1.99358393664
-2.51013168542
-2.35473112339
-1.64107839522
-0.659536740348
0.252788858888
0.842880179238
1.0202117347
0.858419922187
0.532030047541
0.226008587326
0.0611389124743
0.0631927406992
0.178736525986
0.318848463077
0.403913054976
0.389509458038
0.268663602192
0.0594138004954
-0.208640996341
-0.500265503221
-0.774064334868
-0.983146700465
-1.08342126738
-1.04822319583
-0.879859830607
-0.607037983787
-0.264677677304
0.134541516159
0.617918401366
1.24222813195
2.05178725857
3.02252224442
4.02432288205
4.83219505291
5.19576427596
4.94515281479
4.08564450407
2.829703931
1.53873019154
0.589561895371
0.221622251937
0.437342530778
1.00913563712
1.59684668182
1.9232073094
1.92045233839
1.7691793841
1.80052671387
2.30237590137
3.32482716164
4.58987479997
5.56619930472
5.69060978517
4.64085871899
2.52964874814
-0.0827239882752
-2.37927642967
-3.60678391843
-3.38646620055
-1.87466270251
0.300639233556
2.29881027435
3.40248946274
3.27852032533
2.05203175471
0.175158261469
-1.82808965867
-3.60290301492
-5.06826541335
-6.34143863619
-7.53954656903
-8.58504136877
-9.14249031981
-8.74372372842
-7.05235364131
-4.13252396912
-0.567743257318
2.66209600399
4.52141470643
4.34004682351
2.12464443824
-0.6635048827832435
-3.5487727802938593
-5.313018378862637
-5.195812046770726
-3.1773729833517166
0.04417030492494689
3.362508335630352
5.716726514940703
6.490148273977908
5.692655683050916
3.8723355165059132
1.826544656353505
0.2638313507154635
-0.42887971713655304
-0.229910782745
-0.648065120711
-0.651691163393
-0.398337540915
0.0779063220701
0.77277053696
1.5844525227
2.25323896808
2.42686549149
1.83129215842
0.455661325944
-1.36125989195
-3.01330861764
-3.86190761338
-3.52329778944
-2.0702593379
-0.042770526278
1.75003433372
2.55379886842
1.97354413026
0.121243726276
-0.35986143918289315
-0.8395909334874574
-0.7186705309730996
0.2514171994484258
1.92664521274
2.07080429024
2.11141617143
1.82510667956
1.25324447947
0.624161633514
0.181170040964
0.0217400127227
0.0398030317375
-0.000203437972701
-0.305995925341
-0.913189599194
-1.64303777151
-2.19257753423
-2.31055935613
-1.95991079731
-1.36932071122
-0.933517079535
-1.00446057191
-1.67971864311
-2.70417348419
-3.54930468677
-3.64549134277
-2.66213386033
-0.699895078646
1.70389073449
3.7685184743
4.77901795587
4.37244632193
2.67340859678
0.222116244426
-1.0164447729732302
-1.6929739254757123
-1.5431389669276285
-0.6886738966598074
0.4785253092596662
1.5072743366798846
2.084896479482083
2.1348598716491267
1.7884996946247185
1.2716936752285335
0.7841242091910772
0.4389409116284071
0.283847772595
-0.592596921132
-1.11829609093
-1.13879682576
-0.539794647047
0.640530092028
2.14494276958
3.53318474755
4.32517209718
4.19496490136
3.1234733425
1.42923612065
-0.348117633849
-1.66501100401
-2.19326326511
-1.93968096377
-1.21172511391
-0.450583814469
-0.0176902020995
-0.0412640839185
-0.39518060744
-0.81134417761
-1.05619087928
-1.0693103647
-0.98501523037
-1.02418425314
-1.31851267513
-1.77185628847
-2.04930575802
-1.71915183206
-0.488810006996
1.58290192355
4.01540504823
6.03500473413
6.86444029621
6.05239824656
3.69349357456
0.431347256853
-2.76769772841
-4.97896776213
-5.66714938555
-4.86929557503
-3.13924923691
-1.28609257828
-0.0285018906102
0.281741404525
-0.247047213087
-1.16177128898
-1.91815401874
-2.14488028974
-1.79571154571
-1.12893612118
-0.539803470812
-0.339987813887
-0.597131728313
-1.11085743971
-1.52998486559
-1.54545005989
-1.05846546862
-0.239095908749
0.553067039174
0.945926013249
0.742202632341
0.025633436403
-0.865782913194
-1.48805433755
-1.49286957789
-0.79039930698
0.400739870247
1.63920214426
2.44512167883
2.50334607214
1.79924956472
0.630431048128
-0.510120402064
-1.13168498428
-0.945698838669
0.00938269611419
1.36451231347
2.53731361386
2.92594699287
2.11036494594
1.8480873054273417
0.5455067405285661
-1.2501936503440305
-2.860072959363862
-3.65559735446
-5.08823412116
-5.15226401363
-4.0120140521
-2.05763263668
0.207886746133
2.28958485261
3.79951554152
4.51691901301
4.40643334891
3.60072294379
2.35743630043
0.999652007294
-0.152461169616
-0.850199405687
-0.973170031623
-0.559507251625
0.203833116232
1.03497752825
1.64439707167
1.82922581269
1.54050613202
0.895105720176
0.123851972114
-0.525851183463
-0.892903209707
-0.965385655107
-0.87348165745
-0.813796165295
-0.939710392747
-1.27129667767
-1.67207471883
-1.90942101842
-1.77401944446
-1.20136577259
-0.332148936033
0.526372101927
1.0292797415
0.95829179994
0.343866739325
-0.51860276204
-1.17616945698
-1.20916492102
-0.423268690173
1.04471235396
2.75925140495
4.1475271406
4.72239129807
4.27133729834
2.93150695781
1.12264336641
-0.626587382635
-1.87829421179
-2.42429163679
-2.31175862293
-1.75971335477
-1.02091898729
-0.264005399711
0.467835657161
1.21081428364
1.98446012228
2.70838428742
3.18549586365
3.16724869856
2.47060978839
1.08708097687
-0.773694420266
-2.73132086559
-4.35429956228
-5.29953184191
-5.41281808598
-4.75386702473
-3.54703579507
-2.09143656693
-0.674955464329
0.477026786009
1.21491843743
1.46012786157
1.2068733746
0.539677232284
-0.348714429997
-1.16937597747
-1.60238994476
-1.40937497398
-0.552126284435
0.74355967692
2.02763554945
2.77435146234
2.58905664782
1.38386651615
0.42859937837273776
-0.7320133332620316
-1.5229710501161549
-1.585370210435343
-0.9359554136148915
0.048958286121376204
0.8268561542653146
0.9738909697523326
0.42504970991
-1.44199611735
-2.97768396889
-3.52667413808
-2.75732567615
-0.850284973945
1.53939016014
3.53781242178
4.41365629992
3.88191042313
2.21217152439
0.0946445153314
-1.67039157684
-2.51391101051
-2.31512647879
-1.40327322591
-0.35831769657
0.281755947594
0.262450856156
-0.306319339866
-1.05262353022
-1.55879843333
-1.57136287024
-1.09856585329
-0.358075490086
0.378836764211
0.946770920663
1.35440570763
1.72546846368
2.15539361886
2.58031040316
2.75212736129
2.35384278793
1.20464159562
-0.557950583697
-2.43446602876
-3.71126569764
-3.75349008882
-2.31276449415
0.303914931241
3.30294913424
5.69975416285
6.71854672466
6.11594087667
4.27600895466
2.02776876486
0.266326467757
-0.44696031663
-0.118627671122
0.716801316999
1.28827258058
0.988404917601
-0.311796281947
-2.18567230067
-3.84781462448
-4.52976761403
-3.85403206855
-2.02811643492
0.232365146319
2.01358969251
2.60024817597
1.77640319152
-0.101940716253
-2.28486059496
-3.9640180691
-4.6065478424
-4.14018798025
-2.92204566866
-1.52830495728
-0.480641168524
-0.0415351935764
-0.162259652768
-0.583331043333
-1.01246428596
-1.27631056977
-1.37015884844
-1.39501658132
-1.43650212398
-1.46957734211
-1.3529107388
-0.919773367063
-0.111665226682
0.929268126278
1.87511492191
2.34336813872
2.08728507096
1.14895236137
-0.111664191683
-1.14225740854
-1.4331875402
-0.759148985197
0.685619605052
2.32805358643
3.42443555991
3.35159339342
1.85813939848
0.6807765104001504
-1.0743345099854196
-2.6321550564923513
-3.344940547875936
-2.9094467538048576
-1.4338223999037893
0.6607194722499372
2.84850863613
2.93882783161
2.56772001553
1.86065337979
1.10636914405
0.58810424937
0.437343975148
0.575419905471
0.763957051272
0.734317200013
0.33114044309
-0.399780601626
-1.22274294273
-1.82044352576
-1.95224140543
-1.58982298652
-0.963201283919
-0.485316756378
-0.575472470685
-1.44968838271
-2.96922039429
-4.62470973784
-5.68450070725
-5.46823866082
-3.64735131991
-0.448791107226
3.33739793273
6.5766303031
8.17370453195
7.48573905629
4.60122969498
0.361510833669
-3.90439960371
-6.8456906954
-7.5827750508
-6.03281821519
-2.9324169368
0.458951054505
2.86018322243
3.47277040384
2.28177532338
0.0300999753701
-2.12110922104
-3.10109043357
-2.39177136089
-0.250121960535
2.39866831312
4.34531859986
4.5900894215
2.73728526284
0.20393579249360982
-3.1596363555434834
-6.232220561855058
-8.116333695959398
-8.430089481964743
-7.363882698606787
-5.5078390848423595
-3.553281682262309
-2.012964326505241
-1.0766768107579452
-0.6407329055888908
-0.46341302951016417
-0.3456724303543979
-0.23942095834522092
-0.2372228810696413
-0.466576868899
-1.6955701461
-3.06016512953
-4.29248411649
-5.09614676598
-5.27559495416
-4.81456504816
-3.86347803405
-2.6478266165
-1.35365759781
-0.0574497538697
1.25991029496
2.62610077871
3.97361946957
5.08956462685
5.66273338973
5.41811189422
4.27635199715
2.45346280687
0.437499387914
-1.16444422068
-1.85167835795
-1.43136909707
-0.105570796035
1.59737335428
3.01928241267
3.61300108417
3.12809764504
1.67154969673
-0.366995390931
-2.47661045596
-4.19368249111
-5.20858046542
-5.38366176006
-4.70566409355
-3.22579461626
-1.03671120099
1.69827571971
4.69105583869
7.50266992241
9.59131429097
10.4427761674
9.74326065601
7.52182159877
4.19170450962
0.458278331076
-2.8815809006
-5.17536468155
-6.09673951137
-5.70797344973
-4.38965812458
-2.6789770209
-1.08931734619
0.020380690995
0.49272961629
0.345863178016
-0.285288050899
-1.19829592922
-2.14495085123
-2.83936154724
-2.98487042888
-2.34370704733
-0.84121845848
1.34020064864
3.73944414966
5.71111683992
6.6296476629
6.13678026169
4.32788358679
1.78027867759
-0.616013710801
-1.97955559285
-1.79024774656
-0.12523380905
2.33314424823
4.53790684464
5.48081426803
4.59805342966
2.00960459656
-1.51137704898
-4.83117246649
-6.89180116128
-7.11208203922
-5.59035456527
-3.03110902997
-0.435014545616
1.31036439683
1.76552282537
1.06524476618
-0.202918486706
-1.2990378183
-1.66837722229
-1.16713599727
-0.0856905313999
1.02627371808
1.6405291264
1.50288172766
0.74386632772
-0.195780756292
-0.782045008262
-0.641683351263
0.263686677941
1.61897917124
2.89452700876
3.57379093563
3.36507464964
2.30533337578
0.717703419663
-0.947812318247
-2.31048645957
-3.20055581502
-3.68634632597
-3.98395227318
-4.30232650958
-4.70518161175
-5.06019788993
-5.10193899583
-4.57885867318
-3.41301065742
-1.79266697707
-0.146688751091
0.997835091415
1.22001260367
0.386836054751
-1.2665619815
-3.19696422978
-4.73563364737
-5.32569741073
-4.72398518804
-3.0903286556
-0.930774349843
1.08312941019
2.35087080597
2.54840387753
1.72988763258
0.293760882255
-1.16847867582
-2.08155492641
-2.07758143943
-1.10454905407
0.578537923108
2.50832970951
4.17947440838
5.20149108102
5.39741512537
4.81821059946
3.68063246959
2.26367330725
0.810004719863
-0.529259134026
-1.69113786587
-2.65114926405
-3.36077619093
-3.71058608705
-3.54492339602
-2.72883035094
-1.24070134387
0.752837462715
2.88189012278
4.63937961071
5.51683418445
5.16691557261
3.53303228106
0.892871026639
-1.1211505324342568
-2.9447614651280247
-4.021284676232554
-4.060200710155655
-3.1166567455571794
-1.5513576227415484
0.11252557084972636
1.3809782969600093
1.9587610602523995
1.838037996283532
1.2806031815246541
0.709389175595
-0.963793635282
-1.91420871784
-2.04354821688
-1.46168759693
-0.426676406347
0.744923931875
1.76278083662
2.42021531274
2.61923056217
2.37066531233
1.77963793973
1.02091837418
0.302173622591
-0.187462920692
-0.337743791405
-0.168114724805
0.157354164974
0.371693293144
0.203268583839
-0.498519927298
-1.66170448116
-2.96804727438
-3.93625740729
-4.09694381253
-3.19857971957
-1.35904513724
0.9115395077
2.84444226129
3.66572212105
2.87805901505
0.460319754771
0.7587767567507342
0.762685005008
-2.20222938551
-3.84653472195
-3.9201504899
-2.66021444818
-0.661595185491
1.36373202762
2.83715414062
3.47907814061
3.34031102556
2.71015568742
1.95972580619
1.39403746429
1.16685086545
1.27263662377
1.59294862413
1.95800877816
2.19304330167
2.14273448535
1.68824838575
0.775224432172
-0.544428696714
-2.07781296215
-3.49815115642
-4.41899213256
-4.52820893954
-3.73454673345
-2.25573200891
-0.587938227217
0.656797060601
0.99450936387
0.293838543898
-1.12711242837
-2.59469444176
-3.34542062345
-2.86169645972
-1.13259260786
1.28447280809
3.44504599581
4.37976798506
3.49106894985
0.815976148192
nan
nan
nan
nan
nan
nan
nan
nan
nan
nan
nan
nan
nan
nan
nan
nan
nan
nan
nan
nan
nan
nan
nan
nan
nan
nan
nan
nan
nan
nan
nan
nan
nan
nan
nan
nan
nan
nan
nan
nan
nan
nan
nan
nan
nan
nan
nan
nan
nan
nan
nan
nan
nan
nan
nan
nan
nan
nan
nan
nan
nan
nan
nan
nan
nan
nan
nan
nan
nan
nan
nan
nan
nan
nan
nan
nan
nan
nan
nan
nan
nan
nan
nan
nan
nan
nan
nan
nan
nan
nan
nan
nan
nan
nan
nan
nan
nan
nan
nan
nan
nan
nan
nan
nan
nan
nan
nan
nan
nan
nan
nan
nan
nan
nan
nan
nan
nan
nan
nan
nan
nan
nan
nan
nan
nan
nan
nan
nan
nan
nan
nan
nan
nan
nan
nan
nan
nan
nan
nan
nan
nan
nan
nan
nan
nan
nan
nan
nan
nan
nan
nan
nan
nan
nan
nan
nan
nan
nan
nan
nan
nan
nan
nan
nan
nan
nan
nan
nan
nan
nan
nan
nan
nan
nan
nan
nan
nan
nan
nan
nan
nan
nan
nan
nan
nan
nan
nan
nan
nan
nan
nan
nan
nan
nan
nan
nan
nan
nan
nan
nan
nan
nan
nan
nan
nan
nan
nan
nan
nan
nan
nan
nan
nan
nan
nan
nan
nan
nan
nan
nan
nan
nan
nan
nan
nan
nan
nan
nan
nan
nan
nan
nan
nan
nan
nan
nan
nan
nan
nan
nan
nan
nan
nan
nan
nan
nan
nan
nan
nan
nan
nan
nan
nan
nan
nan
nan
nan
nan
nan
nan
nan
nan
nan
nan
nan
nan
nan
nan
nan
nan
nan
nan
nan
nan
nan
nan
nan
nan
nan
nan
nan
nan
nan
nan
nan
nan
nan
nan
nan
nan
nan
nan
nan
nan
nan
nan
nan
nan
nan
nan
nan
nan
nan
nan
nan
nan
nan
nan
nan
nan
nan
nan
nan
nan
nan
nan
nan
nan
nan
nan
nan
nan
nan
nan
nan
nan
nan
nan
nan
nan
nan
nan
nan
nan
nan
nan
nan
nan
nan
nan
nan
nan
nan
nan
nan
nan
nan
nan
nan
nan
nan
nan
nan
nan
nan
nan
nan
nan
nan
nan
nan
nan
nan
nan
nan
nan
nan
nan
nan
nan
nan
nan
nan
nan
nan
nan
nan
nan
nan
nan
nan
nan
nan
nan
nan
nan
nan
nan
nan
nan
nan
nan
nan
nan
nan
nan
nan
nan
nan
nan
nan
nan
nan
nan
nan
nan
nan
nan
nan
nan
nan
nan
nan
nan
nan
nan
nan
nan
nan
nan
nan
nan
nan
nan
nan
nan
nan
nan
nan
nan
nan
nan
nan
nan
nan
nan
nan
nan
nan
nan
nan
nan
nan
nan
nan
nan
nan
nan
nan
nan
nan
nan
nan
nan
nan
nan
nan
nan
nan
nan
nan
nan
nan
nan
nan
nan
nan
nan
nan
nan
nan
nan
nan
nan
nan
nan
nan
nan
nan
nan
nan
nan
nan
nan
nan
nan
nan
nan
nan
nan
nan
nan
nan
nan
nan
nan
nan
nan
nan
nan
nan
nan
nan
nan
nan
nan
nan
nan
nan
nan
nan
nan
nan
