nan
nan
nan
nan
nan
nan
nan
3.12982022118
1.46916915339
0.747827349857
1.36820856333
3.14463320639
5.31623165976
6.83700253311
6.83163010121
5.01519025062
1.87615207197
-1.47938532522
-3.77096118773
-4.08677778086
-2.28549356497
0.926029136655
4.27735046311
6.45622070774
6.63672622758
4.78494808574
1.62016479154
-1.73121434843
-4.21701728683
-5.25615338675
-4.8883169963
-3.64245926956
-2.22289809201
-1.18422135602
-0.747190771434
-0.815477931339
-1.14161863149
-1.52045952964
-1.8935383132
-2.31871783267
-2.85016127768
-3.42940741693
-3.87640617779
-3.99843104755
-3.74923629204
-3.3250843313
-3.11042534982
-3.47361751599
-4.51303475623
-5.90524929385
-6.97219727391
-6.97337697484
-5.49809792469
-2.75523060547
0.415321780419
2.85689166627
3.61350107866
2.40507454984
-0.189190299338
-2.96061491276
-4.63087693527
-4.47994431229
-2.72341480145
-0.425552543708
1.04119441022
0.74308481901
-1.23547476545
-3.69786725727
-4.8218179807
-3.03439694654
2.12781489095
9.60099683302
17.0611124411
21.8034894108
21.8668093019
16.9004112328
8.37357952984
-0.983336679458
-8.26816558374
-11.5479602812
-10.55381672
-6.6417855873
-2.07123123978
1.04183717863
1.60888104238
1.1349521855021436
-0.2918714713382826
-1.0813877153393037
-0.1903927365322886
2.4063602757500036
5.791068260991096
8.6400889210623
9.918707543680341
9.374128247587905
7.596774744427833
5.65678851714506
4.539285176673104
4.687770618305294
5.88291799434
5.76134108182
5.42888351783
4.65037374085
3.65893684666
2.92527201934
2.76783694414
3.05627776162
3.20815571293
2.50594881851
0.564534393395
-2.3279008852
-5.22378351048
-6.92708811851
-6.61703277434
-4.35837007067
-1.20013423088
1.24006009764
1.54062092501
-0.778260440926
-4.91860912878
-9.08871374008
-11.313955752
-10.4043343279
-6.60263113756
-1.56609209701
2.35408035092
3.22440139178
0.51023265489
-4.55955576299
-9.45561756608
-11.4618546375
-8.94556954116
-2.19810068685
6.55722424374
14.0177502577
17.1496700858
14.4397430673
6.5033425027
1.6549934669744033
-2.7083940886290776
-3.83840552338
-6.02251511306
-4.32542548116
-0.656626742873
2.73760631479
4.28199073945
3.64714080097
1.67872654147
-0.213682477551
-0.859411348375
0.0859136249933
2.03437224593
3.84906830964
4.48274457879
3.5286998168
1.40924022618
-0.873017936036
-2.27104815981
-2.23020403337
-0.953920118114
0.724379902273
1.78322877966
1.53626310857
-0.0260906917469
-2.23820636458
-4.09087690266
-4.7201557707
-3.81330215363
-1.74370493326
0.614621811556
2.28921908433
2.6307517828
1.56262608212
0.347280769591066
-1.0240441102873206
-1.8270781316009135
-1.6748785664162256
-0.6202717392519901
0.9425751237637741
2.503191207700837
3.66647941461288
4.287352189606963
4.466452073413819
4.43647111725727
4.414206286984495
4.495706211070882
4.636766464527483
4.711844553585024
4.6074305632343595
4.296827985824365
3.8614949028753216
3.455685821162831
3.2384009767705066
3.3076014220023495
3.6647508834301448
4.220269562732227
4.8326792134887455
5.36341561671
4.73367287336
3.93532339072
3.05130212555
2.22026941235
1.58521002653
1.23557722705
1.16475806013
1.26326060734
1.35653847359
1.27677734894
0.938479248916
0.379628287716
-0.258391356876
-0.809728027427
-1.18529694811
-1.43979742772
-1.75723025889
-2.34694614877
-3.29477305561
-4.45124216822
-5.43612577209
-5.78853691061
-5.21366764942
-3.80958111453
-2.14049563688
-1.07616150593
-1.42474888226
-3.50146773364
-6.83765653945
-10.2041315695
-11.9991988575
-10.8841785381
-6.41435212218
0.619260620237
8.32468389648
14.3137134801
16.561499792
14.1786696306
7.77166810528
2.8497986826966866
-1.7418376079535136
-3.87510387497
-5.69633610193
-4.31284279643
-1.09883061558
2.18417537959
4.15256631794
4.31108098576
3.10885482775
1.56215751122
0.662962203165
0.875675514115
1.95845566938
3.16939852223
3.72237656834
3.23944271262
1.9616177064
0.614875398278
0.0109470813249
0.599075802187
2.20688375015
4.10747590148
5.37974047688
5.37743133875
4.06680760066
2.05945708088
0.321130176173
-0.299793320592
0.509047194409
2.36424088917
4.36306233024
5.50876793876
5.1784168373
3.41068561813
0.88251479579
-1.40552574366
-2.57964346367
-2.26763604793
-0.733225834523
1.2742262832
2.86593201864
3.38599437967
2.64479822203
0.929137175165
-1.18442124104
-3.10147996185
-4.43419456638
-5.08963511822
-5.21330217774
-5.04929737059
-4.80559050491
-4.58929449801
-4.42341918349
-4.30723091999
-4.26440329077
-4.34265251974
-4.56896029462
-4.89831671156
-5.19990677424
-5.30018609294
-5.06401791839
-4.46797756454
-3.62169947937
-2.72308786705
-1.97279751663
-1.49765032235
-1.32576565397
-1.4217238036
-1.74951046479
-2.31089979217
-3.12240003005
-4.13794822892
-5.17066733046
-5.88397104422
-5.89344456941
-4.95641634163
-3.16031152111
-0.994694421611
0.77069857348
1.38829144327
0.498815343874
-1.61416980052
-4.03218316571
-5.51511999372
-5.016632646
-2.18409865887
2.39451315712
7.34034470459
11.0000996096
12.1249532518
10.4165376358
6.68655121261
2.53961047952
-0.29779330924
-0.714218447363
1.30981742464
4.70010508938
7.76626701891
8.94746858071
7.49532033104
3.7935512275
-0.819770670704
-4.6376549042
-6.30905292239
-5.38254327377
-2.44164288619
1.2042457724
4.11163586423
5.30209729359
4.61023320729
2.65336392203
0.473484946898
-0.95871642018
-1.14756737138
-0.221067409989
1.20525160958
2.34941949846
2.6030244459
1.74387275703
-0.0410242152516
-2.28714477943
-4.4435234961
-6.0286555715
-6.70655475937
-6.2996477101
-4.78874191407
-2.33799139975
0.662704217332
3.58961541255
5.67154213153
6.19064832692
4.74757698711
1.48065493699
0.9404158876255195
0.44799940568
-2.69453710154
-3.80854252482
-2.79475835335
-0.296524014065
2.55121747041
4.57181203451
5.00657124542
3.78836595912
1.51631821274
-0.846602053295
-2.40840696898
-2.7171408064
-1.90543212525
-0.56300488322
0.58272086319
1.0149374206
0.640863760911
-0.216485250633
-1.02201230009
-1.31015831421
-0.900398187477
0.0504767191792
1.16509007439
2.05120591591
2.47993359684
2.44813974388
2.11000245028
1.6379448478
1.10857399339
0.486413429605
-0.287956384607
-1.16887678688
-1.93157309699
-2.22275830998
-1.73315054728
-0.410127837442
1.41132479143
3.05558322168
3.74399966545
2.93470383533
0.60989569482
-2.63728810369
-5.78177541018
-7.7546289689
-7.87953968158
-6.16370755314
-3.30592580338
-0.408381367815
1.48716278761
1.83635965106
0.809738464889
-0.804358135653
-1.96546697185
-1.85028625326
-0.21743611659
2.48901940418
5.33375842828
7.28618210108
7.63832492746
6.26536306715
3.63000812183
0.551589359777
-2.13804135994
-3.89190632161
-4.57746776176
-4.40843406519
-3.74507226995
-2.88368925585
-1.94511484561
-0.906175244547
0.265528674114
1.47027837479
2.42642363131
2.75640643582
2.17328948683
0.669614068243
-0.7172661083466494
-2.0472120053415495
-2.6631806485005143
-2.162187206769218
-0.5956057478765757
1.5206027523952343
3.4054386281960376
4.343601122755601
4.002937645387547
2.593376141946962
0.7892045602141593
-0.5577916859883629
-0.7907341617340364
0.2598267612768552
2.1958810187059044
4.223342958611582
5.501185987961591
5.514254305289668
4.3042298599522155
2.45626080378
-0.0352988345088
-1.49380757606
-1.54444341165
-0.37755448254
1.35305473063
2.82838884563
3.42101132097
2.95003252126
1.72500077551
0.368570776298
-0.491256021692
-0.512408792369
0.21984965049
1.25974469513
2.03455669693
2.12645754832
1.46581444451
0.346707745443
-0.735585313088
-1.3388160805
-1.29117425422
-0.765238097103
-0.175902413355
0.0413769545008
-0.343692138769
-1.24269489332
-2.30483779959
-3.11296049247
-3.41607285113
-3.27434010503
-3.03493884868
-3.14278469285
-3.87650822682
-5.14377186695
-6.44799901541
-7.05983383678
-6.32824100475
-3.99539292479
-0.370945393278
3.72001431935
7.20213117498
9.12156111081
8.97296064272
6.85305578572
3.38994882471
4.472310659451807
5.9930489112
3.26515943355
1.73356652917
1.2216044905
1.35025432676
1.70926819637
1.97737854925
1.96586443352
1.60506186512
0.914518895964
-0.0135403121251
-1.01834015439
-1.8888239964
-2.4228009677
-2.52506225746
-2.3022389264
-2.08840905589
-2.3505672412
-3.47824760472
-5.5327480238
-8.0794829388
-10.2184323184
-10.854475389
-9.13769634214
-4.90466939895
1.08210022167
7.2409780296
11.6334203802
12.6336643623
9.55019170053
2.93945460164
-3.2336648654210194
-9.0723190985657
-12.6142447448442
-12.818020038740556
-9.880450898002834
-5.0680135614832835
-0.14394526457590473
3.361502080628199
4.732506505498932
4.269923549560758
3.05430775228
0.435748239481
-0.674251941528
-0.0854196012942
1.60960505794
3.36016871486
4.16484095771
3.52282098397
1.63163115259
-0.740932361228
-2.63284964983
-3.32903240505
-2.66807380729
-1.08805857141
0.591759567893
1.5415843397
1.27550770918
-0.157548720982
-2.21154627901
-4.07396483011
-4.97963133127
-4.47909292704
-2.56921310026
0.33891934348
3.57514582887
6.41383637969
8.25405221569
8.73409264728
7.77397385654
5.56256796342
2.50974970822
-0.825957593817
-3.83384715749
-5.97049187465
-6.88769450845
-6.53669769379
-5.2076679535
-3.47361656113
-2.0371677558
-1.5163158754
-2.23494511059
-4.09095678057
-6.55412629265
-8.80390750493
-9.9698356526
-9.40160803744
-6.88491994386
-2.73573851261
2.25677510535
7.02297612
10.4860228616
11.8384786813
10.7451849314
7.41713622634
2.53822399089
1.6678958049463404
1.1861513703438078
1.84658725045
-0.913157273773
-2.19241231263
-2.3338234785
-1.81087200675
-1.04558457705
-0.290801254023
0.385838206081
1.02656698031
1.66856389998
2.25678903675
2.63378378102
2.61207879898
2.08763167545
1.12663527405
-0.031783736209
-1.07127753642
-1.75178142546
-2.04275482354
-2.16022647871
0.6878675835760504
2.9956036375
1.95588571632
0.448552994925
-1.07182321119
-2.08603407422
-2.25413158775
-1.58663047088
-0.450738644434
0.600899171101
1.09965930679
0.893178406668
0.216682184765
-0.442226525999
-0.623394445156
-0.17468420147
0.621494953854
1.15928940342
0.820136291263
-0.666218728855
-3.00110196434
-5.37128882411
-6.78112753524
-6.52039028473
-4.54235720496
-1.55233963719
1.26323711798
2.76170232423
2.38256730508
0.435632436938
-2.01815322162
-3.65816597173
-3.54704333435
-1.61695303151
1.24895586143
3.60293866481
4.12455357599
2.29865335976
-1.2493523383
-4.94114076878
-6.89558678488
-5.76085561686
-1.35401822524
5.18696265448
11.8163091033
16.3810465872
17.4587955152
14.8718682229
9.6713571817
3.6288909097
-1.50951081437
-4.66435888027
-5.69113851842
-5.20534770525
-4.1089473967
-3.09157810626
-2.36217004827
-1.71938672573
-0.874896545661
0.194124805018
1.0956624547
1.18635186484
-0.0294480922855
-2.49109132376
-5.4172306657
-7.52532201438
-7.57447430868
-4.98731148049
-0.237974328228
5.21710068661
9.47838962913
10.9940343374
9.24693093141
5.01271831919
0.0514794722623
-3.64353483658
-4.70766651389
-2.98780631155
0.418017419019
3.6802429409
5.07642889924
3.76560190992
0.1503115167
-4.32680325912
-7.84469982221
-9.01301533414
-7.46330679311
-3.97156514179
-0.0840392112657
2.55845604836
2.88231449018
0.745362199642
-0.020623030392357578
-1.3174966015689904
-2.00561255472914
-1.4057681642
-2.4877271368
-2.49807350162
-1.86754677093
-0.885664249261
0.373690087719
1.93415415895
3.7117990505
5.37727303534
6.39554738983
6.2445596373
4.70204747044
2.03800115398
-1.01160301528
-3.50464587576
-4.67778382849
-4.27609195939
-2.66572433148
-0.66921969091
0.803384424477
1.1557949887
0.352659885022
-1.09760244345
-2.40678436657
-2.88434484272
-2.24757088814
-0.725211746065
1.07837493773
2.47584753932
2.99587231177
2.54883259268
1.39812487622
-0.0221611432426
-1.33065881979
-2.34388997927
-3.08053043486
-3.64739668149
-4.09521517403
-4.34258769685
-4.21842803029
-3.59596810076
-2.53060433186
-1.30526709008
-0.336962484209
0.0204186982872
-0.325099134078
-1.11835195584
-1.84865712122
-1.98934879932
-1.27209995005
0.146668382196
1.72523314708
2.77971131565
2.82261511369
1.8314249467
0.30593300674
-0.929622623329
-1.09908783468
0.149277182345
2.54325198849
5.26610834558
7.28694116318
7.79412824211
6.53378968162
3.89935378948
0.736437904961
-2.03785855054
-3.81605685857
-4.50119610575
-4.43972218703
-4.13380393997
-3.89146475007
-3.6045758465
-2.78081694669
-0.826716529447
2.55242250798
7.03888505573
11.6497172984
15.0041411723
15.8216898271
13.4480008288
8.18052628899
1.24342519915
-5.59392393077
-10.6111166719
-12.7119038097
-11.7589295604
-8.54851315826
-4.45338147395
-0.890419241789
1.17145298117
1.480922008
0.472748344245
-1.01736446592
-2.14891004006
-2.41352689189
-1.78690859701
-0.660229414459
0.390329998637
0.878925263323
0.610195944946
0.29376846183626526
-0.24385753918521402
-0.561147330787577
-0.356360506747194
0.4177619005453863
1.5538915426789117
2.6912472188631256
3.4664021706454093
3.6497887361311
3.2182500435755372
2.3452080489430784
1.3233218422147388
0.4568562738991204
-0.03413869317076035
-0.06701880593709575
0.3033768314514731
0.927952343979
1.02851437528
1.05297541878
0.916181660553
0.606641740781
0.17138315543
-0.31028084182
-0.751693395322
-1.07523471851
-1.22001897672
-1.14607489431
-0.840901092382
-0.330216816211
0.311684544903
0.961301948396
1.46380892907
1.67138814024
1.49319122003
0.938623075977
0.133068704756
-0.70746463311
-1.34063054907
-1.58097823717
-1.37055880127
-0.806463782464
-0.109950131576
0.454538151667
0.680001620172
0.496420304961
-0.00442001949533
-0.610030183114
-1.07726022194
-1.23287542972
-1.0415699184
-0.612829171995
-0.145369297671
0.164409377927
0.208084954079
0.00693245118845
-0.307332801848
-0.561557880928
-0.626340808225
-0.477533937231
-0.206278668693
0.0259223295009
0.0656413124697
-0.156306974028
-0.584615777414
-1.05218048283
-1.33989880013
-1.25890617784
-0.723240005297
0.213235211411
1.36684997934
2.47532201172
3.27183862401
3.55902245891
3.26239170515
2.45015248855
1.3150540196
0.122811716182
-0.860444021777
-1.44283861175
-1.56158411214
-1.29869856835
-0.848455210384
-0.443641494332
-0.264916567085
-0.368083979103
-0.661300344047
-0.946499446055
-1.01222196562
-0.740058112681
-0.176469883062
0.467030837063
0.892233946273
0.841453155585
0.21816382917
-0.5912537506423519
-1.5488214230815203
-2.292167331349262
-2.5525525971449383
-2.2721642560905906
-1.6308190561633182
-0.9680771504767733
-0.6348714793412995
-0.8415085877205257
-1.5702317342049525
-2.589589969500466
-3.55970877544884
-4.175883813722322
-4.283082560513122
-3.9125945547093153
-3.23373321357694
-2.4560025924534017
-1.738331732060999
-1.1514407163592466
-0.7040819433886725
-0.4043553284202659
-0.30643729956528887
-0.5033319040362159
-1.06226263038
-2.18405741137
-3.42599679927
-4.47042679857
-5.00109950121
-4.85436293211
-4.12043987522
-3.1276562622
-2.29735547723
-1.9277450356
-2.01374324141
-2.20709851708
-1.96127000851
-0.813511387473
1.32293690402
4.00748892664
6.36196843802
7.39418673759
6.43183021891
3.47526660898
-0.703936730427
-4.78953972398
-7.39932003446
-7.62390762959
-5.3965838311
-1.5306974269
2.59684646897
5.58343708341
6.5316413791
5.3517221631
2.72025542855
-0.265890763722
-2.5696322361
-3.6093902038
-3.40674604446
-2.44919238472
-1.36634380802
-0.596186538165
-0.204554232129
0.0717521508749
0.608540849535
1.64036619998
3.11305516578
4.71671901497
6.06691991437
6.91809506331
7.27854286221
7.35776831142
7.37975928946
7.38112166705
7.13057332256
6.24227944237
4.44176954683
1.84173707069
-0.944584258981
-2.95844727735
-3.28964584076
-1.542801976
1.85633860572
5.69789401969
8.4019797233
8.66086677488
6.03282926393
1.20774708811
-4.20446364618
-8.3004375528
-9.66817282811
-7.98837160402
-4.18013021724
-0.0156861269554
2.63475689137
2.59973565368
-0.10414023462
-4.30239961444
-8.1929875485
-10.1365283182
-9.35685268293
-6.25090649495
-2.18841467732
1.09056065949
2.20208854933
0.652540906438
-0.40565341303160096
-2.3498348470710226
-3.7664779456567032
-3.63487596849
-4.2709097291
-3.44314427785
-1.93927600174
-0.539531166394
0.295687823053
0.521896881759
0.389112817744
0.207845716634
0.14634330273
0.162786152536
0.0866714709874
-0.222605987319
-0.748777153169
-1.30357504632
-1.63056974793
-1.56142122894
-1.1260694086
-0.545402401497
-0.104536388756
0.0231565551419
-0.101955375579
-0.195529099874
0.102568557607
1.01344521701
2.45216981147
4.00529582468
5.07905597926
5.15668018428
4.04402733794
1.98324856688
-0.424702935527
-2.45651984194
-3.5538241096
-3.53039244078
-2.60936688889
-1.28359483373
-0.0754064370568
0.685519471583
0.965079960133
0.973062102323
1.00000225256
1.237036703
1.67302792371
2.11504113697
2.30993686906
2.09325713164
1.48274916048
0.669836144344
-0.078842217413
-0.549231327573
-0.664413793051
-0.482864793241
-0.120336031159
0.349129096536
0.945614059759
1.75055218905
2.80362119139
3.99191116268
5.00779483378
5.42166093718
4.85521637507
3.18164490351
0.65286395478
-2.12225299863
-4.36032109543
-5.38288327455
-4.87958785763
-3.04274620067
-0.512940447282
1.84522769096
3.24770850155
3.25619831239
1.90598913425
-0.340503649862
-2.78074347846
-4.71657040143
-5.66381359472
-5.46337295908
-4.27822173915
-2.50383364127
-0.640143771172
0.831601954552
1.54342465464
1.30190975569
0.118999977586
-1.1340085710673407
-2.7324548870501246
-4.219470738474399
-5.183225132050879
-5.3829049189326525
-4.831157397251502
-3.7910270143169953
-2.6749734175789257
-1.8767538836826674
-1.6030346902121124
-1.78011180532
-2.7240655137
-3.36554380275
-3.37215260021
-2.6712149207
-1.49640891421
-0.291000455522
0.491237695035
0.595656774328
0.087296804218
-0.676985208481
-1.21426074248
-1.14250650388
-0.36221351412
0.892882164105
2.15934472355
2.95225941392
2.98001071461
2.26656151508
1.12836155902
0.022866774687
-0.655263974653
-0.734050637068
-0.31071601667
0.326146539714
0.849994528179
1.0449787837
0.879876916584
0.481775507257
0.0373724895677
-0.315952861736
-0.548650957066
-0.720602143453
-0.905734060472
-1.11209318177
-1.25074743017
-1.17649232827
-0.779242828635
-0.0724211098827
0.777555781602
1.50633611622
1.87015268088
1.76900216367
1.30829476771
0.761119529866
0.443570800387
0.561847341529
1.10740609685
1.8550964818
2.46880912074
2.66497549957
2.35396106488
1.68889074914
0.996476853896
0.622590021543
0.767427574112
1.39004479352
2.22737832084
2.91630194045
3.15723294665
2.83927664207
2.06860561201
1.09204049387
0.16068958812
-0.592849143795
-1.19995973982
-1.80291082533
-2.53498621221
-3.40177734693
-4.23220354587
-4.73252737573
-4.623229114
-3.79406705722
-2.39951622653
-0.841958736831
0.358490679379
0.755575972104
0.148644298486
-0.030432649073972584
-0.6886589725382066
-1.29689640686
-2.66657338754
-3.25866159793
-3.08077148063
-2.35854641171
-1.41593629415
-0.542771133395
0.0947529961998
0.472074152611
0.660090578134
0.749562629567
0.788238212549
0.759472688679
0.606060507457
0.279741909513
-0.213708534035
-0.798347878821
-1.34851154157
-1.73478772595
-1.87316312082
-1.75542069911
-1.44922694131
-1.07043187012
-0.74102814304
-0.549776899513
-0.528671435722
-0.65043068067
-0.844319417135
-1.0227114347
-1.10957246397
-1.06329432896
-0.888526856485
-0.634077453897
-0.376792827314
-0.194999456568
-0.139114999396
-0.209799707238
-0.353364175501
-0.478950324745
-0.493373266278
-0.340906640002
-0.0310874783696
0.359209491801
0.712983368553
0.920013742288
0.923909192337
0.748182137283
0.488560747872
0.273625755675
0.210472840805
0.339399501592
0.617853335651
0.940616889354
1.18667285475
1.27127018024
1.18002032616
0.97097576873
0.74588556087
0.605649637843
0.610863095427
0.763948044278
1.01762635286
1.30178695453
1.55355019985
1.7366095696
1.84407407776
1.88882935977
1.8912036181
1.87255116145
1.85666456483
1.87347578167
1.9565176557
2.1295049839
2.38613324871
2.67527989568
2.90538055321
2.97425794793
2.81679954381
2.4497084112
1.98806364816
1.61702886018
1.52159964563
1.79934873809
2.39464392452
3.08953856642
3.56562262589
3.52038107032
2.79452988318
1.45653157024
-0.196523722074
-1.73009663297
-2.72514599278
-2.93434957241
-2.37849139862
-1.34208309477
-0.267684023654
0.409896075216
0.42324440156
-0.237803191643
-1.34026461174
-2.51643089621
-3.41773375785
-3.84746562811
-3.81708913947
-3.50608489298
-3.1487178199
-2.90349757789
-2.76810340747
-2.58102424489
-2.11068629428
-1.19146924558
0.157610048531
1.69067363219
2.99618031613
3.64296626889
3.35350792108
2.13164674769
0.288025992599
-1.65257673062
-3.12914610061
-3.73898362464
-3.37298528249
-2.23989677674
-0.773199461622
0.538520962154
1.32785855638
1.46266866255
1.05871691378
0.39609597029
-0.216006423685
-0.564159996656
-0.59404830958
-0.393825529858
-0.117043823536
0.109702872606
0.24736319241
0.347232035752
0.50212573665
0.778542572888
1.16991901192
1.59654186447
1.94961088546
2.15098251544
2.19074128572
2.11753853351
1.98509691031
1.78687752589
1.42311847572
0.731680246382
-0.419104049516
-2.01489564446
-3.81813209801
-5.38220399119
-6.17296021025
-5.76259774232
-4.02036436144
-1.21520407493
2.02500281723
4.89530964263
6.67344255379
6.95771357475
5.78913223627
3.61047801983
1.08281904444
-1.16131901989
-2.72538043338
-3.53584998527
-3.78462307977
-3.76745848895
-3.70321418988
-3.62192149091
-3.37233080198
-2.73994978468
-1.61306902727
-0.111419359278
1.39041728892
2.36409019109
2.31552787638
0.983200113247
0.4901970489066798
-0.7293678093129898
-1.9776423435117039
-2.52315483716
-3.90338540298
-3.80993340366
-2.40420485431
-0.167404044507
2.24189863065
4.16541717215
5.10989226755
4.86103789414
3.52436489275
1.48664566959
-0.692957883053
-2.43823436294
-3.32028399741
-3.18516946943
-2.20221283012
-0.809017876904
0.438243122744
1.06437421643
0.854400700013
-0.0580803738812
-1.23499820628
-2.1017275368
-2.17843284179
-1.28389235821
0.373001883897
2.25602499614
3.69782183637
4.15265135345
3.40439857044
1.64708611277
-0.591355643815
-2.64643162236
-3.95229116726
-4.22142994662
-3.50553516696
-2.12862220728
-0.536587856903
0.864828413794
1.81902994
2.24499604618
2.19448826017
1.78193208225
1.13071610214
0.357478134688
-0.414778062378
-1.04415523593
-1.38533693835
-1.33810474856
-0.905555581444
-0.222762106819
0.475008985668
0.944892895422
1.05328324793
0.858260849375
0.606560768433
0.631302414351
1.18697281099
2.29603333659
3.68569561269
4.85821496606
5.27759277496
4.5978983087
2.83215711375
0.380828530261
-2.10160864905
-3.95089159645
-4.74509372264
-4.4555642459
-3.43130920634
-2.2256322398
-1.34462498139
-1.03173828565
-1.18508410083
-1.44241237562
-1.39135421808
-0.805044619529
0.208274993176
1.21383484699
1.61759836892
0.921255682842
-0.35612587008942853
-2.637557610691715
-5.283785448342144
-7.494622244699428
-8.58529952304076
-8.219636200554845
-6.513490570632285
-3.976172778715579
-1.3207296513297564
0.779607282250268
1.8986808973454856
1.960527239795681
1.2154340010253293
0.11379152694455286
-0.865066442685
-2.02513886791
-2.55738021847
-2.52248075515
-2.12308404728
-1.6033561971
-1.15607772128
-0.868096824714
-0.716419898313
-0.607570197786
-0.438720393892
-0.154219721513
0.224185893972
0.60349263316
0.857783006964
0.882737139854
0.644633842678
0.204550362903
-0.292121927725
-0.657830858832
-0.722124406491
-0.387564470665
0.336381553435
1.33178132825
2.40202253757
3.32223583994
3.89483511841
3.99553827664
3.60010539921
2.78800104337
1.72395632501
0.621422757399
-0.305810504918
-0.894789396958
-1.07515930911
-0.887852261221
-0.470202646565
-0.00644484195153
0.343529784283
0.511471060323
0.554028568229
0.630934139799
0.928751232086
1.55718506029
2.46354732503
3.4106820291
4.0408971375
4.01054817497
3.14326986766
1.53289580592
-0.458816973373
-2.32201778358
-3.59463219601
-4.05239211231
-3.80541089543
-3.24906524219
-2.88054858637
-3.05648018832
-3.80088365573
-4.75807962063
-5.32478154172
-4.91500270905
-3.24664635063
-0.520917029188
2.59427005558
5.18343894821
6.42298187702
5.90303739037
3.79744585736
0.80933202915
-2.08663011378
-4.00018585926
-4.43658021327
-3.4430501186
-1.5437451632
0.495414685441
1.96514060241
2.4521207614
1.93411830375
0.714674508487
0.19069549189892143
-0.1668486575224506
-0.1204622168412044
0.362109595858
0.177798287757
0.160738583726
0.195435227968
0.23946328454
0.302677919395
0.401264139689
0.522492161707
0.622297121137
0.653099366765
0.599292367596
0.493939877614
0.403498351793
0.388689471655
0.465578091614
0.591780829175
0.688108628428
0.684645256147
0.564996917215
0.382355569489
0.236378253463
0.221999689897
0.377538822866
0.660532072928
0.964952614417
1.17114261823
1.20236710948
1.05894121941
0.813646513423
0.57305198791
0.426486919779
0.408495522689
0.490282267026
0.598059318509
0.642435234034
0.541222132304
0.228441220043
-0.343157464974
-1.19121480418
-2.27601705398
-3.46502845443
-4.51633534833
-5.11105908413
-4.94678148936
-3.8699285142
-1.99213041164
0.275351112892
2.31149596591
3.48895019861
3.42026438523
2.14024495717
0.129236885537
-1.85665888698
-3.09493685078
-3.21847096753
-2.40118529958
-1.30671975988
-0.800396530295
-1.53615798654
-3.59931319097
-6.37640658559
-8.73360879727
-9.45101661133
-7.74140326794
-3.63365270712
1.95142180515
7.47977192422
11.3347953985
12.3899099429
10.3949440602
6.02753263222
0.601426232788
0.11609266622879488
1.09358440715
-0.624363752225
-0.793022394966
-0.166838852648
0.432006359126
0.453434884183
-0.213411312453
-1.28573609297
-2.288769462
-2.79953018922
-2.62087438372
-1.8261063715
-0.684188701464
0.473086165208
1.36940141498
1.84217748081
1.83907014201
1.38438952389
0.552868022634
-0.532404326623
-1.69068351397
-2.69263947392
-3.30927863479
-3.39333494958
-2.95501581413
-2.18304776645
-1.38176970065
-0.838171485905
-0.676419039395
-0.775489886717
-0.803824971164
-0.370281121709
0.770781063966
2.55828081449
4.59372350479
6.27082407738
7.01855171406
6.55180208615
5.01347010261
2.93731509851
1.04237819971
-0.0519859622145
-0.0643744661243
0.860567396529
2.24636073787
3.50834937393
4.1968164584
4.14765486702
3.48129814127
2.46977629428
1.35662997729
0.232305917395
-0.96931387457
-2.35869142746
-3.93501923927
-5.48621801142
-6.61542294289
-6.89618649873
-6.08546380744
-4.28486357727
-1.95844487166
0.217586907622
1.61442875538
1.90284803096
1.1794189576
0.33079568062758824
-0.46770478436714313
-0.7555337102049577
-0.42039113453060395
0.26554315947376494
0.7964987783775541
0.6980518850224939
-0.22089078936348017
-1.7495425785781862
-3.3473558610311187
-4.374655631375518
-4.376417668069152
-3.2904558937133856
-1.4872047778039814
0.3748750204198785
1.6129289010155077
1.7880333333185803
0.8672705512880015
-0.7803639386298471
-2.5412736455869407
-3.79359221195
-4.46526034059
-4.12794577724
-3.0091645205
-1.53380191503
-0.161348564761
0.756940530141
1.05696236463
0.766598586241
0.0553209240951
-0.839512543199
-1.68161920361
-2.28533153905
-2.54386252678
-2.44015361025
-2.04265770209
-1.48475194127
-0.926543240065
-0.50392649238
-0.278875567135
-0.210668048252
-0.164462891
0.0394864090431
0.550600646683
1.41531767611
2.53797504407
3.69460677078
4.59797778173
4.99098385864
4.73373831623
3.8523394973
2.53280278954
1.06466626793
-0.243750329992
-1.14908217145
-1.53037765358
-1.40690288331
-0.916633426124
-0.266209683922
0.331832131459
0.718300833198
0.828978970331
0.708138324375
0.488778706761
0.342416805657
0.411441198036
0.746363546755
1.27369843224
1.8133555906
2.14696767972
2.11591449972
1.70983610454
1.10320472566
0.613798397612
0.588471792587
1.25579047582
2.60587747127
4.35347945342
6.00976336651
7.04314180514
7.06909256135
5.99246053207
4.04226946593
1.68291662993
-0.561945265889
-2.29899932344
-3.38918852477
-3.95661055048
-4.28457003392
-4.65083621577
-5.17963469772
-5.77770410634
-6.18120455028
-6.08866391117
-5.31647498054
-3.90505191388
-2.12836447915
-0.404526036999
0.851137845748
1.36649321565
1.08992479692
0.180046551703
0.07308452972195312
-0.07803894256662147
-0.04396328891807855
0.292879413141
-0.273876232917
-0.548768432546
-0.575630857371
-0.396240530933
-0.0631210269738
0.339643841632
0.692589141882
0.868167067748
0.782021956961
0.442086051353
-0.0356623851193
-0.462625115845
-0.656205204341
-0.528453183426
-0.140896475041
0.307216517699
0.560746157761
0.429690366358
-0.10425701467
-0.848381454696
-1.4535435488
-1.54855741954
-0.902570266043
0.453392011841
2.20213434985
3.83175877303
4.81337732802
4.79781359559
3.75306479188
1.98556372707
0.0336727263047
-1.52705401032
-2.29154689555
-2.16503470397
-1.38141240985
-0.395484668444
0.305048872216
0.390594593208
-0.192997790202
-1.22517109541
-2.32364303504
-3.11680536745
-3.39888892338
-3.20077758382
-2.74813771338
-2.32969485669
-2.13948205617
-2.16922321194
-2.20458018807
-1.93112946081
-1.10378055608
0.299278979262
2.01433379566
3.5595376271
4.41210437689
4.22377633109
2.98144766732
1.03938142535
-0.997134390765
-2.49263875877
-3.01649478608
-2.49454622242
-1.21586556316
0.303789997913
1.53823155227
2.15062483054
2.09210783014
1.56428543318
0.874972214772
0.264980051001
0.4357112075660581
0.621018149506881
0.6206707020300541
0.31243123321114297
-0.2322778513847794
-0.7387875442696554
-0.8395340629724046
-0.25581383857637263
1.037749773344899
2.751996627034899
4.365676766728072
5.324562789371711
5.273105778843359
4.215368118212467
2.5307264206093834
0.8336929402670279
-0.263370534558
-1.02253393218
-0.792036554328
0.0986631623838
1.13730187511
1.84737652309
1.96906598524
1.5288193721
0.779215547422
0.0503694689536
-0.409779544908
-0.531800904034
-0.420867886539
-0.267676375844
-0.22931709931
-0.344722349434
-0.525690744551
-0.621817586885
-0.518710155782
-0.213332025031
0.174983161303
0.46331702628
0.501450918367
0.253559418037
-0.178704931298
-0.604584889217
-0.839236233181
-0.796088474239
-0.528536768948
-0.199218185492
0.00726331549232
-0.0172725014644
-0.246792022847
-0.535156485588
-0.696450963043
-0.610926293598
-0.300869528094
0.0663654317089
0.255658296413
0.0884102969388
-0.44596428123
-1.1496403444
-1.67542155672
-1.66808130563
-0.930496569678
0.459259764228
2.13741706536
3.56512350014
4.22291927404
3.81359617891
2.39039151152
0.354784712393
-1.68016168933
-3.11007886034
-3.55717342452
-2.99936995203
-1.75968742231
-0.361672450838
0.688320780366
1.10120113493
0.90469939463
0.402624057073
0.0143622712522
0.0671016387977
0.634097494834
1.49236609779
2.22037148965
2.39328479057
1.78814947733
0.504635299381
-1.0568822366
-2.35456955144
-2.93344655855
-2.62116848775
-1.60215501037
-0.334744379576
0.652659313765
0.994431630398
0.643277772784
-0.122726866387
-0.843961956334
-1.10564154216
-0.739491010046
0.0947389313488
0.98588328717
1.46806817348
1.24161403877
0.310829546879
-0.43609133557794166
-1.15519119151908
-1.4902288772506012
-1.3371069085741567
-0.885004740109764
-0.505417699096455
-0.5458916317907807
-1.1341866635683857
-2.0942519104118134
-3.0192725494657964
-3.4670481238480733
-3.179588238371835
-2.2147544832812542
-0.9210335038673776
0.234152486292
0.289545522512
-0.212476908671
-1.02027174568
-1.70053429765
-1.86767358876
-1.3893322672
-0.460622164893
0.493464855989
1.03871105566
0.960996952923
0.382748338661
-0.298522561703
-0.622303538435
-0.319727309632
0.523921663901
1.4903049559
2.03129042216
1.7569820897
0.66187372782
-0.832829048239
-2.05399231074
-2.39218226071
-1.60667255898
0.0331120954044
1.84725203894
3.04692758239
3.09806465717
1.97294539101
0.166404660012
-1.53467469139
-2.42064009741
-2.19122972168
-1.09161613248
0.21280292692
0.962722750706
0.676285230909
-0.611075728412
-2.35082322774
-3.72555269217
-4.01700947888
-2.92695703351
-0.707075394015
1.95291006371
4.21754802712
5.4396795194
5.38902889654
4.28812892382
2.6629504575
1.09711427723
0.00938906161107
-0.455103430575
-0.397678118016
-0.0488371759048
0.359423247174
0.666142391381
0.780789242829
0.641563241493
0.187004669887
-0.621769291947
-1.73488895118
-2.95223806061
-3.92693621129
-4.26491816387
-3.69563972059
-2.23736523586
-0.265093494707
1.57629463741
2.59975277351
2.3571428384
0.848890939564
-0.7228075620615186
-2.2790758005898653
-3.0214678932568404
-2.4751633112145015
-0.6872401383396465
1.7867098829036792
4.10049538621476
5.44515416377611
5.34925888921596
3.8336938885040297
1.372238850081274
-1.306361221292832
-3.47915410785
-5.2666302845
-5.87212008821
-5.42258700201
-4.24357364901
-2.73574457892
-1.27979450527
-0.183099064148
0.34795445389
0.232828964357
-0.455102462274
-1.47655049747
-2.46193276477
-3.01225138592
-2.84662845127
-1.9396998613
-0.57720161655
0.718372672083
1.38388708705
1.06199854425
-0.210451394205
-1.96768576272
-3.46760373943
-3.98074917826
-3.09723365796
-0.917388642826
1.96183989478
4.66408189207
6.36354529223
6.58798152498
5.3697082714
3.19085627496
0.761479126337
-1.26110491481
-2.48800987121
-2.86868079128
-2.6105416448
-2.01402047718
-1.31831404291
-0.631411724592
0.0393496592722
0.69892444704
1.28947633127
1.68368276553
1.75292691541
1.46548298853
0.946440260229
0.450149281121
0.247144475616
0.481514225261
1.07958243814
1.76999475671
2.21764991569
2.20954254049
1.79512136044
1.29888682926
1.18389964667
1.82191140326
3.27917017067
5.22749280687
7.03516506632
8.00738713067
7.67295534759
5.98909825268
3.3725219584
0.544171763998
-1.74086880335
-2.95890607724
-2.96867917357
-1.99766710588
-0.491506806123
1.08812357478
2.42112344844
3.38297679127
3.99696444109
4.33725052845
4.45044270895
4.33807434874
3.99575008075
3.46606419037
2.85514117173
2.29031491837
1.84102504984
1.45758213065
0.980542196598
0.23483592406
-0.831928732416
-2.04594449915
-3.01344988222
-3.26178615972
-2.46722089981
-0.66389235604
1.67976046848
3.77881274733
4.81502439281
4.27085771087
2.16385863608
-0.933271298695
-4.10725556864
-6.46472589515
-7.47928818848
-7.16988780143
-6.03382276835
-4.7738113685
-3.95548444158
-3.76171229067
-3.95832220257
-4.07783908917
-3.71790691042
-2.7942478564
-1.61298857337
-0.721331004622
-0.611251371918
-1.42944223232
-2.8478391718
-4.1714338017
-4.64199016043
-3.79660230651
-1.70867417414
1.00807805654
3.44033169825
4.75253145243
4.52921172016
2.92909992635
0.588290085075
0.38432828004035
0.91742976499
0.215719797186
0.311981852144
0.737005311405
1.01303583886
0.888941723431
0.430267043391
-0.0657476657677
-0.270272276618
-0.0244874450693
0.563847891058
1.17452072492
1.44449527293
1.15922830791
0.364281299702
-0.659092774691
-1.53833082933
-1.99631100126
-1.98323926137
-1.68722053178
-1.42085649291
-1.44455975112
-1.81822500054
-2.35700544384
-2.7137329747
-2.54764786967
-1.69775876743
-0.27849463358
1.34626431693
2.69750556327
3.36250289313
3.1448959684
2.12398735615
0.607071793875
-0.06103531882469326
-0.44782179042108794
-0.338174823831
-0.452380426853
-0.182814538639
0.250755696628
0.631220704007
0.809900516886
0.737309015009
0.459248966374
0.087665050196
-0.241777836148
-0.414277344005
-0.372454477879
-0.135098377361
0.2096060701
0.537647479248
0.740261808061
0.77282943963
0.678351634191
0.570245626654
0.577520638596
0.776025109058
1.14094679049
1.54959356391
1.83987605926
1.89927546654
1.7377406073
1.49964999998
1.39751743271
1.59212978572
2.07899225388
2.64857266219
2.95923492121
2.70678697634
1.818750738
0.574341160361
-0.428809119238
-0.476512998382
0.957075129291
3.92713520228
7.89136505444
11.8170122646
14.5035212901
15.0056816431
12.9897874536
8.87417623488
3.69061024232
-1.28147938688
-4.96076125665
-6.81073873727
-6.95417978242
-6.02464329634
-4.83740245134
-4.03430813191
-3.85730549181
-4.13588051195
-4.46934274499
-4.4955231989
-4.10453984442
-3.49305394524
-3.04045546356
-3.08008240476
-3.69072391672
-4.62146240191
-5.39360643493
-5.53226884012
-4.8126325481
-3.39563929123
-1.7799199905
-0.585826839593
-0.269995214122
-0.904761386539
-2.12847014409
-3.29366490269
-3.74803403361
-3.12141156116
-1.48978982304
0.655457589365
2.61578980658
3.7747607287
3.83925450724
2.93080343092
1.4972768592
0.0970953976638
-0.838669047633
-1.15953117661
-1.00535248295
-0.685460975487
-0.499728195306
-0.594201872872
-0.917156969643
-1.2843227573
-1.50515124502
-1.49425819481
-1.30637791141
-1.07997611851
-0.927964127933
-0.844750818929
-0.690416732234
-0.269363766597
0.534480721803
1.64090613136
2.74776916088
3.42638528124
3.305233672
2.25864292949
0.505894732658
-1.43736336279
-2.94516702413
-3.52714667683
-3.02417134724
-1.66364131588
0.0510345806503
1.56371007095
2.49465920466
2.76709849842
2.57495096943
2.21682625944
1.8903004167
1.56188817271
0.989136677203
-0.109823552957
-1.82647128377
-3.89973341946
-5.72452524652
-6.55264783302
-5.80847237132
-3.37489947435
0.293150287388
4.2965752229
7.61721152345
9.4988953303
9.71103554855
8.57347801519
6.73545349234
4.82247127343
3.13235456131
1.53887767312
-0.34363072418
-2.81882078066
-5.77491920634
-8.55449419858
-10.1311439893
-9.54406695046
-6.40078976852
-1.20172342401
4.69801346302
9.51631164522
11.7053152506
10.5692398759
6.56400836918
1.13404269757
-3.8565765349
-6.85973060965
-7.2302782249
-5.41479146082
-2.67122746537
-0.458551264661
0.220850245815
-0.76903602431
-2.70783334896
-4.42223429885
-4.87720532918
-3.67183458353
-1.21425155537
1.48951104376
3.31431204074
3.5252607875
2.08011599419
-0.400675245813
-2.95682452066
-4.72937201867
-5.30409362912
-4.80747900332
-3.74006682301
-2.6627459518
-1.91307770698
-1.49412682388
-1.17206523631
-0.701418468372
-0.0317224828032
0.630665081577
0.941194849453
0.643028293147
-0.238316901571
-1.35528397802
-2.19016922344
-2.32410921993
-1.67591188969
-0.571283262073
0.409995177156
0.740364523708
0.246040520361
-0.76212025505
-1.6122683201
-1.60190671254
-0.374276193725
1.85317899943
4.33533840033
6.11239693837
6.44485006946
5.16003113869
2.73931255466
0.101766471259
-1.80976605272
-2.43714535699
-1.81267596588
-0.470583464079
0.876246442212
1.7165493586
1.97617911211
1.98920940716
2.22998056231
2.96236747341
4.0095518914
4.784522457
4.58037591893
2.9743126091
0.127769138316
-3.19205815739
-5.9057671103
-7.10265122027
-6.47618523407
-4.4921363675
-2.19226776854
-0.715222082287
-0.759269841962
-2.24625206363
-4.35289857201
-5.89937580015
-5.91197070216
-4.09246813079
-0.97227119175
2.31847262728
4.55299024871
4.94239268496
3.45617084174
0.792316691141
-1.96920767153
-3.85065669049
-4.36794844382
-3.66101293736
-2.33264258482
-1.10631982263
-0.48743608454
-0.587917264614
-1.17241517571
-1.86415682066
-2.37458832624
-2.62818594071
-2.73097395794
-2.82947283181
-2.96831069598
-3.04581554937
-2.89614502742
-2.43891189635
-1.78760205323
-1.22861575645
-1.06363951029
-1.40181475115
-2.03636785428
-2.50782235134
-2.35328168295
-1.42246934578
-0.0757527447321
0.886361249915
0.584322618991
-1.42973267105
-4.76406225321
-8.12641821066
-9.71477474955
-7.94980979803
-2.2513256084
6.50271046032
16.0906214249
23.6528448455
26.7391241295
24.2741986194
17.0278296894
7.37042590631
-1.60421607557
-7.2354525035
-8.25706507735
-5.17441244656
0.0772893656747
5.02025117132
7.66922627921
7.27324666858
4.47350591126
0.857132880329
-1.8495361984
-2.56459457208
-1.26717789295
1.10627150765
3.19359282434
3.8879403648
2.84423385807
0.592371029773
-1.764464919
-3.0966818585
-2.77212301588
-0.920683193311
1.6596068926
3.8844026235
4.85985844731
4.23805014024
2.31059871456
-0.169760242696
-2.33085785607
-3.52182731984
-3.51366393252
-2.50299488425
-0.956326389718
0.607649484869
1.79537805258
2.41581372415
2.45871044633
2.01969744815
1.22826812165
0.212682735758
-0.899445703363
-1.97130190662
-2.86574448283
-3.48129197539
-3.79796980856
-3.90173330653
-3.96312399622
-4.16978602731
-4.6391996512
-5.35171890899
-6.1366887674
-6.72005312843
-6.813714031
-6.20964627731
-4.84331231933
-2.80851585776
-0.328490210494
2.29660250179
4.74405485981
6.71310754262
7.96022393877
8.3314752531
7.7936873959
6.45536699986
4.56111229656
2.44707325268
0.460819686629
-1.13095827106
-2.21122006834
-2.8268929752
-3.13994709113
-3.33602779703
-3.53314647615
-3.73426822597
-3.84634581603
-3.75438896464
-3.40996675736
-2.88487119765
-2.35791054982
-2.03763642093
-2.05824860993
-2.4017204252
-2.88763262622
-3.23894809052
-3.19416809615
-2.61358419071
-1.53126817199
-0.13247082326
1.3269653235
2.61623264145
3.59475734156
4.22273954893
4.52482132514
4.5390994186
4.28719024031
3.78272931263
3.06743965643
2.2433590678
1.46995409417
0.916225102015
0.688028565336
0.771216123034
1.02816579958
1.25850212589
1.29823336518
1.10613249893
0.788049787363
0.540438200716
0.538607162198
0.828903300377
1.2870218541
1.67265753904
1.75879638879
1.46956831498
0.949088637623
0.514193177545
0.503078114993
1.08964267432
2.1584700447
3.31203761178
4.01903432508
3.84116657439
2.63245392183
0.613702895924
-1.71664661822
-3.79413961333
-5.22034779603
-5.90337035188
-6.04201290803
-5.96958793138
-5.94582312099
-6.01137792941
-5.98437122635
-5.59972310063
-4.71140013088
-3.43866786175
-2.16311924928
-1.36247909814
-1.35940028113
-2.11897514911
-3.21479301339
-4.00268941314
-3.93229781994
-2.84513600694
-1.09943989093
0.563486457611
1.37110267153
0.933230610814
-0.486103038732
-1.99150609001
-2.39650666047
-0.752642784722
3.1621673135
8.62488358742
14.1401341561
17.9580302472
18.7356935799
16.0706012804
10.6809612359
4.15375374657
-1.63869179778
-5.21639783715
-5.99254996572
-4.40703548274
-1.65992628008
0.823455936024
1.96310394158
1.39938215036
-0.460827462354
-2.71395599522
-4.40286939542
-4.93104996579
-4.27605848164
-2.93095002684
-1.62462104271
-0.962683226934
-1.15358067483
-1.93578239829
-2.72699307515
-2.91853411346
-2.17839251452
-0.627379372781
1.18924843044
2.52375684506
2.74833722429
1.64184724243
-0.482425462275
-2.86825561446
-4.59892409072
-4.96274110299
-3.75488779045
-1.38753314283
1.24821981496
3.12627650145
3.50544675942
2.25533580861
-0.0540801491456
-2.3524203552
-3.49359576069
-2.74102233845
-0.112198521735
3.5722701146
6.97432431134
8.75763657593
8.13371114318
5.20585891785
0.957437473394
-3.1236311203
-5.63668574801
-5.83193987951
-3.90745951167
-0.911290309726
1.7110165918
2.72984391846
1.64232911129
-0.5908625108722987
-3.3918870296146792
-5.43156943422828
-5.752847973243902
-4.165571306081404
-1.2929919838647521
1.736774569026835
3.8031697871490593
4.273689502580439
3.2416426815626807
1.4298459201137064
-0.175473742894
-1.47954120903
-1.50300620269
-0.552389355079
0.688663249943
1.51946881927
1.55336634833
0.8653632918
-0.0982589884687
-0.783757835419
-0.822966256327
-0.208006680994
0.730025682819
1.51225594244
1.76312516935
1.38876970687
0.596642397411
-0.241516404304
-0.799237780038
-0.959881640927
-0.84933453391
-0.726120818051
-0.797775985231
-1.07253838014
-1.33513290517
-1.26597444743
-0.641950595783
0.492265985283
1.78369261244
2.69776968482
2.76159796727
1.80817211382
0.0978151823498
-1.7530338185
-3.01483241154
-3.15549602117
-2.07886188653
-0.181421474856
1.80106146625
3.09135537356
3.18415271064
2.04216353798
0.0968969392118
-1.93731816535
-3.34952208763
-3.69643476791
-2.9420655423
-1.43064407296
0.277229698497
1.62465469346
2.24374302062
2.0437343437
1.18850807252
4.02027718737
2.9841400448
2.21974481628
1.86412907636
1.92097881835
2.28990910705
2.80994373269
3.30546458187
3.63024590874
3.70641837733
3.55044608334
3.27348144848
3.04601036202
3.02929024536
3.2941664292
3.76139156328
4.19672817766
4.27551284629
3.70121051824
2.33444636446
0.27760364438
-2.12693250519
-4.39311467671
-6.05012829187
-6.80319066309
-6.63221095175
-5.78845664231
-4.69093066804
-3.76499947902
-3.28829660632
-3.30385117291
-3.63081289842
-3.96250618173
-4.00725781107
-3.61315794183
-2.82804645564
-1.87471831177
-1.05588457392
-0.630001660201
-0.708258670535
-1.21271411477
-1.91087630135
-2.51251689961
-2.79068220693
-2.67885572613
-2.30364748131
-1.93541013293
-1.87077791669
-2.29055788897
-3.15210913448
-4.16891251433
-4.90024452157
-4.92901493248
-4.06249741912
-2.46836300312
-0.671266606031
0.615733750104
0.780824007479
-0.382630054049
-2.49040865386
-4.6034969805
-5.50966241475
-4.17200182419
-0.183140550171
5.96046064379
12.8977593035
18.7758810994
21.8435559211
21.0555268457
16.4605670614
9.21932667117
1.23654582959
-5.45996524202
-9.36454677843
-9.92874666989
-7.63946540569
-3.73634104934
0.297680336142
3.26248474483
4.58713508272
4.39165388026
3.284805458
2.02126938271
1.18000859292
0.989839174569
1.34270887192
1.94483747621
2.50318750945
2.84982381802
2.95936652679
2.88193101065
2.65834378361
2.28397435589
1.74619648646
1.10491600171
0.549783125196
0.374089062258
0.852263219643
2.0700448203
3.79820203948
5.49546271656
6.47149964537
6.16069474937
4.39198567563
1.52507333509
-1.62869496212
-4.08959952989
-5.08994346325
-4.39157489707
-2.39829390917
-0.00481155090063
1.76194697861
2.16037446638
1.03277419549
-1.14320189859
-3.47161965343
-5.02845645216
-5.25502485838
-4.18538742818
-2.41337802487
-0.819738570262
-0.1833539499
-0.847301770402
-2.58141837653
-4.69341685272
-6.33170260293
-6.84330707298
-6.03335291826
-4.22258822255
-2.09141196855
-0.39002491043
0.354860427607
0.0154340399418
-1.14020665146
-2.60816767345
-3.87964903549
-4.63553532729
-4.82659134464
-4.62226209177
-4.27329682542
-3.96768070198
-3.75195389283
-3.54807197547
-3.24284188614
-2.79001828029
-2.26223045527
-1.82099939794
-1.62088088243
-1.70270751091
-1.94022828456
-2.0786185893
-1.85493677175
-1.14422914375
-0.0550798857287
1.08305714231
1.84837103711
1.92033083659
1.24973072394
0.119073677718
-0.947883492929
-1.40024724632
-0.909913723619
0.454337037394
2.21378357204
3.64580012641
4.06804418568
3.12448335387
0.951147280652
-1.85260386317
-4.4399614274
-6.03279083505
-6.20861428444
-5.04243210908
-3.05031517865
-0.965953391612
0.55045276952
1.14876175356
0.87949442135
0.115267501273
-0.646727735344
-1.00532429455
-0.803671789331
-0.152504790119
0.662737117251
1.33186098641
1.65143268955
1.58373695333
1.23332663251
0.773285736134
0.371415777786
0.153805070226
0.210344544822
0.615324202568
1.42622257123
2.64187101304
4.13659149696
5.61721684304
6.65366595805
6.80343514105
5.79822110861
3.71401602695
1.03265792989
-1.46329900787
-2.94948723406
-2.88252777621
-1.25226924241
1.35690520641
3.9435208194
5.45098069063
5.17398052999
3.04086453689
1.942217464871888
0.6193439940900589
0.138538431151
-1.26450052977
-1.06656102416
0.204279360733
1.68754459957
2.57522898901
2.44414370529
1.39484292304
-0.0507970639451
-1.23074292595
-1.66327369995
-1.25809456367
-0.32902369182
0.583432646115
0.983505273151
0.651930243591
-0.268008097881
-1.36033402038
-2.14709145858
-2.31158760294
-1.82803160562
-0.944376309462
-0.0398096764558
0.563154823998
0.737152748337
0.57705902972
0.314573772988
0.175492178838
0.258628390968
0.496953067688
0.713397864467
0.732917983784
0.485455736833
0.0440005013212
-0.26671871317030593
-0.425216371862831
-0.3497617889596967
-0.09018031879226385
0.20752058419307673
0.3887118019481619
0.3792782157778447
0.2262267208853359
0.06778048095068812
0.050592386238619724
0.24085935591469365
0.5790412935309917
0.9034834007142507
1.0303636472592643
0.8470012111789913
0.36914191474224367
-0.2665926520185167
-0.8682343330692106
-1.2743831637322813
-1.41408576807
-1.30250425825
-1.02321169443
-0.638448850044
-0.162626676033
0.422853370016
1.11405635808
1.82824280695
2.39362109986
2.60867987673
2.35228684384
1.6875443156
0.89201357986
0.374852036983
0.497693620763
1.37363328336
2.7460910991
4.02739232431
4.50994425388
3.67902903133
1.49535409736
-1.48966050985
-4.26358969238
-5.70319040131
-5.01902845054
-2.11438321376
2.30043217721
6.90507953463
10.2179810993
11.1302245859
9.31677569427
5.3612656416
0.542839880383
-3.63243617451
-5.97293768505
-6.00756519675
-4.10705020164
-1.28740689484
1.21243294441
2.40396329071
1.88950916983
-0.0499111841109
-2.63148241334
-4.92003489158
-6.19815850547
-6.21082754677
-5.20192851056
-3.75096424611
-2.49727275635
-1.87533046419
-1.96727951493
-2.51981496356
-3.10004602171
-3.30999450834
-2.9630646355
-2.15131554217
-1.1852650538
-0.443670403279
-0.205600349208
-0.538182012268
-1.28303973363
-2.13818799252
-2.79119506622
-3.04121049404
-2.85829209704
-2.361511176
-1.7361707927
-1.13696020871
-0.626291454661
-0.175373902472
0.278841953102
0.757568025879
1.19194205739
1.43501388792
1.3337050826
0.826173313929
0.0117932673331
-0.850604363185
-1.42787940245
-1.45061574102
-0.842686338505
0.221971793822
1.37084478436
2.17902003778
2.3497719979
1.84797097255
0.921147693114
-0.00806271827909
-0.534410250721
-0.460890851376
0.102721491362
0.785510148249
1.131350081
0.828582115427
-0.112895282412
-1.32463605169
-2.20959852811
-2.19001807028
-0.967865587081
1.31759360889
4.10881754598
6.62360493815
8.14569978729
8.29310653312
7.15543953989
5.24880387386
3.31380636801
2.0445737913
1.85760771844
2.78264367296
4.4992319254
6.48169700254
8.17920947303
9.15995087639
9.18186932933
8.19561048514
6.31381400018
3.78168570212
0.960504077644
-1.69335875544
-3.68486581759
-4.58942991868
-4.19635796268
-2.63122735023
-0.387764582507
1.77680958618
3.0733548685
2.96600686865
1.39820148064
-1.14466468761
-3.78123087286
-5.54758465076
-5.76095228364
-4.28740414101
-1.60124131406
1.39172129189
3.69600842168
4.59350173567
3.88739499393
1.9307757489
-0.558254702319
-2.80342895244
-4.26252553042
-4.7859278398
-4.59147921876
-4.09137408701
-3.66883259743
-3.51340402066
-3.58262331963
-3.6882651473
-3.64372723139
-3.38513652969
-3.00190323195
-2.66758701021
-2.51841257644
-2.55462531082
-2.62529135701
-2.50909267057
-2.04864613317
-1.26369853546
-0.376670883842
0.271472812741
0.379283169698
-0.159801721627
-1.18375027725
-2.31092412506
-3.09332387049
-3.2045034099
-2.57528640258
-1.4154590346
-0.114195795897
0.931158406576
1.47698812818
1.5136525361
1.23452346644
0.918699835482
0.791037210116
0.928002830008
1.24861591321
1.58342498875
1.77593565927
1.75951263374
1.57257559314
1.3131020471
1.06793012728
0.863979130764
0.671527865787
0.454716456932
0.232374157386
0.102573727638
0.203889618578
0.625264764965
1.31284276574
2.03411611007
2.43748643444
2.19749684983
1.18625222594
-0.41317651549
-2.11924260408
-3.30494170383
-3.43934817561
-2.31773993364
-0.176191361923
2.36892251155
4.54111952842
5.69673172027
5.56872844657
4.35847836573
2.63735876394
1.10196645326
0.288679546574
0.368018773751
1.10116803278
1.96865117671
2.40782603754
2.05381389536
0.884260659832
-0.783960803086
-2.43251037587
-3.54697887076
-3.80379054829
-3.17119925818
-1.90027463353
-0.427019984179
0.765964375823
1.27852555328
0.881513458378
-0.442551242328
-2.49890903998
-4.91102016136
-7.18033171523
-8.77845693775
-9.26827472787
-8.43256512092
-6.36975533587
-3.51077645042
-0.528840404369
1.84710673193
3.0599330406
2.90954172707
1.61846520147
-0.256873932598
-2.04056311641
-3.19249544869
-3.49829732471
-3.11346161922
-2.44510371023
-1.92832905799
-1.80306248558
-1.99730072775
-2.17266844557
-1.91059883874
-0.949026587544
0.646751003908
2.46603735111
3.90280440076
4.40893970603
3.7354275668
2.05011878934
-0.122739007693
-2.11378296678
-3.37439154399
-3.67803052441
-3.17127102242
-2.26112724407
-1.40155360873
-0.885335185339
-0.738420641052
-0.758273278679
-0.664777759994
-0.278161856626
0.370625555778
1.05262739055
1.466300269
1.40652112112
0.886202917686
0.145018999049
-0.461219071246
-0.63496475844
-0.286261660249
0.419685874156
1.14218833268
1.53342818213
1.4123547585
0.858069656914
0.176475234666
-0.243780443303
-0.116408349294
0.604845867454
1.70012339625
2.77880757092
3.44917385697
3.48312735434
2.90373434735
1.96340670357
1.03233665148
0.454292731181
0.43344612628
0.99170533867
1.99687565872
3.22975493908
4.44897365541
5.42773441663
5.9641630909
5.88806327287
5.08778230846
3.56111583849
1.46672756008
-0.863594439711
-2.98291690855
-4.45585691512
-5.01180542137
-4.65687003013
-3.68375644379
-2.55986499034
-1.73159190737
-1.42869227519
-1.56127956039
-1.76527227865
-1.58430382557
-0.708801893579
0.8402703963
2.67589844061
4.18462201918
4.78557692553
4.1934880623
2.56302308562
0.442872470983
-1.44563403673
-2.50891207799
-2.52601890394
-1.72777377738
-0.675417220131
0.004161310979
-0.0952939818809
-0.981507655025
-2.27208605045
-3.38042004654
-3.78971718576
-3.28856829205
-2.06333345444
-0.611355734012
0.478992719726
0.77838025601
0.186266016619
-1.04750294887
-2.44730103684
-3.51737560582
-3.93478652266
-3.65155477025
-2.8761217507
-1.95930147413
-1.24600717186
-0.957416678028
-1.14253120517
-1.70031283984
-2.44394852746
-3.16995287871
-3.7064412963
-3.93571325714
-3.80194250779
-3.3165965518
-2.56379490314
-1.69512194953
-0.899785571585
-0.346506939093
-0.113164809949
-0.136556622542
-0.215226467013
-0.0787235982485
0.495686980727
1.56663252996
2.96884431709
4.34684117437
5.27824506913
5.43956768139
4.74311287257
3.38215721115
1.76065578199
0.335765089868
-0.558310885662
-0.827965934434
-0.629600234065
-0.271599598667
-0.0589176279003
-0.154584717456
-0.520693665893
-0.960325525875
-1.2324715434
-1.17873754891
-0.799098283367
-0.243395939568
0.270620027058
0.566070363412
0.585974421655
0.40550690777
0.177661669445
0.0469661266045
0.0796726958446
0.245824579583
0.457242017027
0.633831361469
0.756196488355
0.872796825738
1.05839318083
1.3506617933
1.70621740856
2.00732061969
2.12139285576
1.98324438499
1.65296636985
1.31119164696
1.18450320948
1.43141001713
2.0435643376
2.8141810767
3.39608105915
3.42949848358
2.68569522393
1.16358118105
-0.07585401077773213
-1.4724566958863932
-2.6216998629870005
-3.22958711407
-4.02857133544
-4.23302735849
-4.00656012187
-3.52758034006
-2.92481081844
-2.26124905071
-1.56146885827
-0.854800262316
-0.202594554574
0.308050952742
0.598786296709
0.639577079432
0.467572226884
0.172760246194
-0.141578758402
-0.400483934608
-0.57720629166
-0.681700119397
-0.728151900342
-0.705652100065
-0.574555776621
-0.294627932597
0.130711898643
0.623438374203
1.03893152842
1.21804256649
1.06171917664
0.589517283679
-0.0531857288518
-0.650124576681
-1.00878058303
-1.04813016304
-0.832441663871
-0.529654720534
-0.312568493784
-0.254031821497
-0.274788305499
-0.178347434314
0.238105377656
1.05118346211
2.12933536377
3.15391699327
3.74598215858
3.64551232717
2.85661807344
1.6809406023
0.610766339282
0.120988849759
0.452043815335
1.48686037651
2.78594754888
3.77264274978
3.98904287403
3.30688701374
1.9951816574
0.610555641391
-0.242513037356
-0.174528308152
0.820662962885
2.3658090872
3.86546064236
4.75972059202
4.75328716986
3.92269255465
2.66364460808
1.51272454453
0.929191704588
1.13109764086
2.04514025585
3.37223209344
4.72034867122
5.73632923961
6.18474544492
5.96126530463
5.06586938007
3.57656520269
1.65017547221
-0.455655329318
-2.37390082597
-3.67278995761
-3.96844020406
-3.07714070075
-1.14186587155
1.33972957931
3.62654834509
4.96490495337
4.85845435267
3.26629007831
0.637273170343
-2.24721567954
-4.56728345977
-5.77689566278
-5.80252319229
-5.04120752015
-4.15731019419
-3.76654882561
-4.14799168784
-5.11479765921
-6.10543257709
-6.45843857412
-5.74908422226
-4.03356199121
-1.8816582341
-0.168253997029
0.299994892139
-0.830668149166
-3.23292731022
-5.93834653936
-7.65171656663
-7.23366465984
-4.1714455988
1.14711289893
7.4740473024
13.0586716129
16.2057166046
15.8404269605
11.8802477751
5.27986928028
-2.26755523002
-8.86820421959
-13.0164993106
-14.0330841794
-12.2086882052
-8.61949651473
-4.69713749204
-1.71896869734
-0.402627722002
-0.738648712014
-2.09840457433
-3.5507661583
-4.24982865065
-3.74310818462
-2.09556369367
0.19323917256
2.41948744644
3.94484146295
4.39829735753
3.74755000207
2.24091297631
0.273188959586
-1.75211332921
-3.50996602549
-4.77675035816
-5.41384046782
-5.35240155254
-4.60618213661
-3.30674433321
-1.72639031197
-0.248068979535
0.734566642657
0.961384299304
0.43177336566
-0.557845482015
-1.50405780703
-1.89407892864
-1.43236927889
-0.191016876319
1.39761601691
2.7194624073
3.25939786818
2.85781487379
1.81660539763
0.789664339112
0.49160626345
1.34869880148
3.25364779381
5.54907192528
7.26612087963
7.52779355617
5.94515167789
2.82846765039
-0.889706482547
-3.9982532585
-5.47849958698
-4.90474476372
-2.60520167678
0.482547204442
3.19603312945
4.60588061019
4.35472157547
2.74283728812
0.540629659715
-1.0604346990429718
-1.7619311729633722
-1.4394393486739574
-0.4484245435268832
0.5896608298187687
1.0943373424877905
0.7828306902976294
-0.2311207989384485
-1.523828683280101
-2.576119554864718
-3.0073504661540227
-2.7234671854327246
-1.923487555586675
-0.9781921575246599
-0.2500984131319939
0.058521555831205774
-0.033677894948425546
-0.3320577512993168
-0.581975173468
-1.0007617025
-1.13706186898
-1.09238242316
-1.05012206203
-1.17927085837
-1.54993726548
-2.09326031045
-2.61715111618
-2.86858867899
-2.62003172135
-1.75345525128
-0.31809766516
1.4558512437
3.19676665269
4.48158218488
4.95826475947
4.46726391169
3.11952273486
1.29392474281
-0.460165077238
-1.59434400643
-1.75128378257
-0.901267411599
0.634929535433
2.29620943926
3.48926714968
3.81478786186
3.21868119287
2.00270417631
0.687304526567
-0.215923127725
-0.423616001282
0.00445763152084
0.705278661813
1.18798832051
1.06434808779
0.229345521072
-1.0891067803
-2.4315575752
-3.31044505916
-3.42132635496
-2.76706885344
-1.64325617653
-0.49830571049
0.262160958301
0.436142024772
0.0828359070328
-0.539057324822
-1.11229291529
-1.40841063033
-1.37286162703
-1.11589019944
-0.82558810509
-0.655326069836
-0.644479607279
-0.708401745185
-0.695249435636
-0.474307214127
-0.0089479060595
0.619196556805
1.2397569951
1.65490504781
1.69935547544
1.2745758629
0.353167631479
1.0014594841277784
1.2722250720430281
1.311575375462823
1.3349518684302808
1.6173292713820757
2.44507069602
1.87244294353
2.10277212946
2.95593328139
4.04574940726
4.88646086369
5.05680930815
4.35941484584
2.90674704173
1.09077189645
-0.558520253936
-1.57164311597
-1.71461827592
-1.06880970854
0.0152096181838
1.06648607561
1.67943855308
1.65876611194
1.06835082843
0.174057382018
-0.684064820448
-1.2291697515
-1.33777129451
-1.05448413956
-0.540031192951
0.0119291526725
0.447749231418
0.689435309897
0.729672056427
0.602365022474
0.350995553148
0.00992163646333
-0.399156552481
-0.862546424811
-1.36907770651
-1.90484601491
-2.44362635921
-2.93016300694
-3.26331231087
-3.29683580412
-2.87699595994
-1.92132534965
-0.515437234627
1.02133421658
2.15693112614
2.28429112358
0.952944592254
-1.88703963212
-5.74353035481
-9.6406792304
-12.4029246529
-13.0885576535
-11.409394409
-7.94633266948
-4.02860315372
-1.2741285691
-0.939820305616
-3.33666513103
-7.57032463455
-11.7587311973
-13.6899638202
-11.6921348488
-5.37612688816
4.06322559188
14.1423927731
21.9013704005
24.9399287118
22.2834800003
14.7411069447
4.61383800204
-0.23909990014712434
-2.12641036056
-4.36745720947
-2.53169445865
1.80336767326
6.44475986052
9.46275414036
9.8721539047
7.86925944449
4.57776876404
1.46074696471
-0.322778947917
-0.344460339736
1.03421670161
2.94652610183
4.47836442414
5.07231435868
4.70190393197
3.76636571203
2.7934785167
2.12163335431
1.7268428846
1.27474758632
0.357880454673
-1.21564826284
-3.23968556805
-5.13593904906
-6.18500490895
-5.85631944119
-4.0799739129
-1.32812713263
1.53868074458
3.5968423975
4.21523012891
3.28738230451
1.24432101431
-1.14891974008
-3.1158372689
-4.16618255859
-4.24484629893
-3.68207564085
-2.98704257582
-2.59329321744
-2.67663427845
-3.12127153655
-3.63293779856
-3.92680136071
-3.8868109786
-3.61485460284
-3.34962825857
-3.3044580833
-3.51566118722
-3.78767523985
-3.77135141247
-3.14264182157
-1.79494786914
0.0533790109153
1.8980897499
3.12817990055
3.27155095662
2.19960592255
0.198629015947
-2.12630053197
-4.07555962645
-5.11269682494
-5.04852658293
-4.07966862069
-2.67489503815
-1.36753669046
-0.547627038214
-0.339293003608
-0.603788468043
-1.04973238686
-1.38750400513
-1.45354474404
-1.25441834023
-0.924834134391
-0.635011866081
-0.501106392206
-0.54153099421
-0.690982414965
-0.851429789897
-0.943019781713
-0.925146646836
-0.782413103445
-0.495858708236
-0.0304795472652
0.641263301102
1.48714300942
2.36734657343
3.03250620855
3.19118922272
2.63354055282
1.36047460606
-0.348506923021
-1.97875118073
-2.93879788962
-2.78194038256
-1.40172406017
0.887272529155
3.42991686175
5.45185481647
6.33903983604
5.86402722597
4.26656834775
2.15540376981
0.272053402824
-0.786657683777
-0.776741768348
0.13167863544
1.45370643936
2.59788527684
3.09260399146
2.74209076961
1.66177562602
0.197079561711
-0.8420113976441144
-1.4811154626452492
-1.5290636628062657
-0.9860178805276263
-0.007506826750287132
1.1612222141537103
2.250832104443731
3.0187620534924946
3.2866535415555234
2.9720385195654444
2.1159700600846207
0.8962479977352587
-0.3911960062723381
-1.39416510879
-2.28433473806
-2.41352568004
-1.82860839437
-0.785511648413
0.333380926303
1.15392504949
1.44380531149
1.18863013746
0.577452063232
-0.0952914294577
-0.566272641245
-0.715378629629
-0.602431199886
-0.413648769598
-0.346237714686
-0.489139732878
-0.759767218726
-0.929765625225
-0.730369028253
0.010069492888
1.25965774344
2.75784870329
4.08649207451
4.8108307489
4.63549725005
3.51565304023
1.68258862634
-0.423472612091
-2.28740570519
-3.47338178525
-3.74984028235
-3.14899479823
-1.94667930411
-0.571468957285
0.529485447232
1.02951249536
0.825801489219
0.0739628183841
-0.862155116421
-1.53620845638
-1.58427745272
-0.872802598315
0.428836084607
1.88855205109
2.96167544243
3.20207691687
2.45349890576
0.939272900722
-0.796545859976
-2.08414717467
-2.38693987318
-1.51992369752
0.265406571667
2.36882542268
4.0677123456
4.78778645613
4.3053171408
2.79992168995
0.745343920199
-1.30202850016
-2.91510948167
-3.91465509353
-4.3533406354
-4.39450561532
-4.16618611431
-3.6776402139
-2.84460456368
-1.60351845738
-0.0400419426095
1.55590230112
2.75892152653
3.18190001548
2.67170400272
1.42084067233
-0.0772671439956
-1.22561738891
-1.58914665739
-1.10139779457
-0.105722865406
0.79887598565
1.04059913859
0.351910792411
-0.6178061462530593
-1.819287857308879
-2.628055122896839
-2.639511080823439
-1.8828158591810507
-0.8208654250088898
-0.12816932233631917
-0.349062578166496
-1.601745645530741
-3.476673253838655
-5.187446283365091
-5.911613857167097
-5.166156819584714
-3.0431051937233775
-0.19437816317473278
2.4290910597942457
3.9662392423879282
3.9890612674794994
2.6521350139484667
0.5933210414784611
-1.3558298923252323
-2.51106273625
-3.02788360607
-2.60154149842
-1.68129141472
-0.781874328422
-0.264451599377
-0.229615881943
-0.547525252119
-0.980382619197
-1.31643692857
-1.44661381956
-1.3618049446
-1.09988135138
-0.696409027656
-0.179394773228
0.392170481967
0.885735060427
1.09977797326
0.840497415557
0.0457598991473
-1.11138899433
-2.2143125676
-2.72522357521
-2.20603232651
-0.543381469209
1.93571393913
4.5321860172
6.41892490057
6.96499863349
5.99779737428
3.88109140851
1.3678918824
-0.709194102817
-1.77139331991
-1.70199134475
-0.841438805712
0.216301439994
0.919141765616
0.9995063013
0.554578030316
-0.0582410628697
-0.439624655174
-0.357842850376
0.157727749698
0.875352146104
1.52200788033
1.94315015234
2.16520478872
2.32816655424
2.53764479225
2.738334054
2.70220850528
2.1572732189
0.993296077718
-0.578658634324
-2.02779508704
-2.7029565457
-2.15598517361
-0.431515214108
1.8416514244
3.64088894835
3.96907503924
2.32589984846
-0.992798061267
-4.93060072632
-8.05711238606
-9.15593903385
-7.75969143842
-4.38797856708
-0.369761573045
2.6837230845
3.53067314207
1.79267736702
0.11514067130443095
-2.2286534350157865
-3.794825953441503
-3.58812619965
-3.42635697429
-1.88537667655
0.00652813713052
1.27408915934
1.40163942705
0.48139421583
-0.933149153485
-2.1638833639
-2.7514175629
-2.63887171703
-2.12676066197
-1.65147301763
-1.523690697
-1.7695073542
-2.14886787737
-2.32433309228
-2.073819766
-1.42441502999
-0.635513699582
-0.0469123270401
0.118168939282
-0.116244582226
-0.485015318615
-0.617178185396
-0.221929921127
0.777474434897
2.23046000247
3.86315006692
5.42864540975
6.80820358611
8.00115490165
9.0132435116
9.72180718481
9.82036225357
8.90723105653
6.70021587499
3.27619906076
-0.801234076475
-4.56627572824
-6.95082106267
-7.19226091645
-5.17329421758
-1.53083104059
2.53541598661
5.69110694105
6.95890220457
6.06706831286
3.50962847026
0.300344547721
-2.4624480947
-4.02432147498
-4.2135773294
-3.40352335064
-2.24278484079
-1.3017455764
-0.810924060327
-0.609344113518
-0.309702511683
0.421081736295
1.61988096663
2.9515489728
3.83818438746
3.72765958997
2.36717620381
-0.0523807582681
-2.94992162977
-5.57778653907
-7.30905692706
-7.85797690257
-7.34203497047
-6.17378014746
-4.84932117439
-3.74071621467
-2.98476952561
-2.50305476508
-2.11960477062
-1.69873230576
-1.22585395476
-0.794774545247
-0.521070152117
-0.442018809925
-0.468060605792
-0.418489007407
-0.12405039846
0.460865876805
1.2021467068
1.82411490112
2.0311547109
1.65725978301
0.77034049287
-0.323362719152
-1.1838945208
-1.40995607252
-0.806329575813
0.524722087427
2.20633483137
3.71439256457
4.55795872614
4.44347934728
3.36454421535
1.59158349277
-0.425598582115
-2.20088864438
-3.34947247847
-3.67870774143
-3.21271605172
-2.15474756017
-0.808652964159
0.511927285371
1.5601329956
2.20008713856
2.41193654084
2.26251026772
1.85602494367
1.28481352752
0.599416609524
-0.03326132255504888
-0.7709787309323133
-1.5810487962205286
-2.3647510647683134
-2.9581966147341348
-3.175624073697918
-2.8834959375882647
-2.07556769432928
-0.9126690658485757
0.29880558385967504
1.1915104770182268
1.4585195390506698
0.9659071677440636
-0.1895102322594937
-1.703560066245302
-3.1633584410340063
-4.1847294979032625
-4.536396479291724
-4.205296879170049
-3.382410904551989
-2.3806834906768586
-1.5217089065763219
-1.0356031602561728
-1.007249579323016
-1.3789394681240026
-1.9960716098332796
-2.66935681984
-3.3226746544
-3.73947484904
-3.85533682853
-3.6596540339
-3.18963993356
-2.52500475315
-1.77903011134
-1.07977493447
-0.540311378281
-0.225924268681
-0.132777847936
-0.191296768602
-0.297561823789
-0.361934702174
-0.353541946666
-0.318611404241
-0.361391296536
-0.593767263708
-1.07513862419
-1.76968969549
-2.54089257459
-3.18648657988
-3.49956555286
-3.33130686937
-2.63261065328
-1.46347980384
0.0265375453857
1.63381321366
3.13820920327
4.33556164414
5.06592871498
5.24152976209
4.87382427452
4.09028897263
3.12534238892
2.27330045836
1.80583282014
1.87651302055
2.45000347651
3.29291213041
4.04367166884
4.34598974596
3.99861679625
3.05923186831
1.85180730299
0.862782302186
0.557803492572
1.18762644364
2.66193029319
4.54724263546
6.19808912292
6.97793847833
6.49013987977
4.73364109296
2.12562807742
-0.618132888375
-2.70385852884
-3.50607913345
-2.75871467767
-0.631661314115
2.32675940754
5.35833118724
7.71884014586
8.88809566492
8.70406610884
7.38370555605
5.42775508221
3.44240610454
1.93742341633
1.1695016647
1.08626668603
1.3918931167
1.70937320717
1.7733767741
1.56927636743
1.34993089495
1.51063134062
2.36712540066
3.93427565826
5.81696701543
7.28773214483
7.54722160353
6.0754981122
2.92485051464
-1.19013585348
-5.07639159255
-7.47595037915
-7.55675753015
-5.27750292298
-1.45944191472
2.48766817659
5.09193690937
5.38976578961
3.30296140323
-0.34064181084
-4.15727587591
-6.78250234041
-7.42680176028
-6.17386435203
-3.89642914713
-1.83307427687
-1.01858015819
-1.82302813757
-3.80248906164
-5.92122084693
-7.03729613592
-6.42713001742
-4.11172992051
-0.842644049659
2.23698326135
4.09439825905
4.24161156743
2.90970412212
0.895211200141
-0.837987955811
-1.60998409736
-1.32139693069
-0.465939611389
0.135829866772
-0.250211925395
-1.90486152501
-4.50028507529
-7.22055076135
-9.09758112613
-9.41055574351
-7.97677726491
-5.21753516193
-1.9839136402
0.772563809003
2.34358350579
2.48846498658
1.4666456686
-0.111704551577
-1.53886782104
-2.26071572518
-2.03726814039
-0.972030127447
0.576433097893
2.14894114091
3.3429065829
3.92212961931
3.85560247783
3.28892852805
2.47073725414
1.66394618115
1.0696318969
0.783048370052
0.789898052617
0.998473669837
1.2921291385
1.57998647986
1.8251310273
2.03984899738
2.25355979871
2.47377283703
2.66543740196
2.76496305778
2.72485744107
2.56354717658
2.38537712259
2.34632678786
2.56948258727
3.04738967789
3.58726091087
3.84537733372
3.45825183555
2.22606816085
0.264773631738
-1.95918846277
-3.75516596959
-4.46668803705
-3.76282879437
-1.83155791676
0.628221899437
2.63823349461
3.31736665823
2.25044930737
-0.313045150094
-3.52791476317
-6.27362751307
-7.59764463236
-7.09432538522
-5.05624309567
-2.33319472831
0.0369089941949
1.26073908143
1.09590424922
-0.0978463097546
-1.5728131526
-2.56298727097
-2.63334719996
-1.85082252145
-0.709453706248
0.139693564817
0.214714169854
-0.572255109881
-1.89130063558
-3.16999895881
-3.87073606907
-3.7311752849
-2.8572843451
-1.6386384244
-0.544788767711
0.0859150981876
0.161710300753
-0.185956879815
-0.729922105617
-1.29175664694
-1.81565487169
-2.33372556929
-2.85451326236
-3.2565331741
-3.26976152822
-2.57865207509
-1.006917198
1.31226971659
3.88387406583
5.96964923827
6.84744559572
6.10558260854
3.83930746855
0.652993876442
-2.54342805486
-4.86250224694
-5.75423946662
-5.17775963334
-3.5656035453
-1.60958078628
0.0279680205331
0.950419769999
1.11958578767
0.787649112324
0.324502373139
0.0348845806237
0.0483033304354
0.315360765085
0.686408311192
1.01308714558
1.21563827148
1.29201354207
1.28534755272
1.2488588926
1.23937093384
1.33989477791
1.6804108257
2.4172321089
3.65431927092
5.3331621797
7.15474453489
8.60112866795
9.0853352282
8.19118208923
5.90359370516
2.71071037334
-0.500035982691
-2.74109935321
-3.3115002331
-2.10649735028
0.297604171957
2.84195964819
4.40034533303
4.24100667379
2.33451042707
-0.632563840195
-3.55070361855
-5.36249786091
-5.5112559098
-4.16512607967
-2.11932780175
-0.424347139935
0.089279389649
-0.824830194485
-2.73559128349
-4.74572012849
-5.90305581597
-5.62116037503
-3.92223240939
-1.40418027127
1.03705882688
2.59090035792
2.844450981
1.89322392041
0.222918860429
-1.55708348469
-2.98686123295
-3.9060565892
-4.42532323858
-4.75898070377
-5.02680462872
-5.14095061689
-4.84120083913
-3.8578621552
-2.11104889888
0.166236175187
2.45594414816
4.13173806556
4.70651878323
4.03532873621
2.37801721349
0.292323479939
-1.59235323362
-2.81612909204
-3.23717527918
-3.02768925012
-2.53135467708
-2.06041839202
-1.73458455881
-1.43826633413
-0.911710006974
0.0743838270892
1.55049906754
3.27144860357
4.7718841913
5.53308747258
5.18959749343
3.68754799875
1.32903720673
-1.31393549056
-3.57957906346
-4.92016127723
-5.05643014019
-4.03518032161
-2.18278596693
0.0157642836574
2.06321496025
3.57430760726
4.3480037865
4.38055513018
3.83058587096
2.95600821081
2.04233558645
1.33711274734
1.00020584525
1.07657868815
1.49599211022
2.10055045034
2.69494354969
3.10683124861
3.23945671582
3.09882585805
2.78511280108
2.45040610336
2.23770571378
2.22372977838
2.38705290087
2.61353535983
2.73676402419
2.59809911897
2.10406269107
1.26058352549
0.172826237717
-0.987992001742
-2.03813731832
-2.83656971024
-3.32387407308
-3.53344909646
-3.57305648606
-3.58421806769
-3.69339106799
-3.97072478636
-4.40923337492
-4.93041972298
-5.41378390989
-5.73985116
-5.83188343753
-5.68193913734
-5.35247451859
-4.95345721505
-4.60382823116
-4.39171091682
-4.34780199274
-4.44087266754
-4.59554876
-4.72417155461
-4.75994235113
-4.67932172752
-4.50696237076
-4.30358996091
-4.14304444689
-4.08708546803
-4.16542326258
-4.36529680386
-4.63181912816
-4.87847226865
-5.00634854922
-4.92978649322
-4.60392753575
-4.04676614299
-3.3464067849
-2.64596799342
-2.10515291279
-1.84750145273
-1.91153502895
-2.22712008356
-2.63191902443
-2.92757002237
-2.95694023933
-2.67099641272
-2.15395358245
-1.59055482879
-1.18448786268
-1.06116714071
-1.199439019
-1.42804721803
-1.49575071926
-1.18975511499
-0.451259688781
0.567354631381
1.53773663073
2.07779474402
1.9150066479
1.02184433885
-0.339294123572
-1.68942201553
-2.50295223257
-2.40992418119
-1.34894831802
0.393713715193
2.27886549443
3.70891743888
4.24770389425
3.78066737275
2.55437022693
1.08205551747
-0.0462655371645
-0.37574968477
0.257943516488
1.68354799762
3.46933956719
5.08425633142
6.08236307938
6.24466395384
5.63269210521
4.54281353536
3.38522758589
2.53519441378
2.20943561892
2.40802445895
2.93712436455
3.49947692826
3.81669499492
3.7371924197
3.2892144706
2.65847870075
2.09829007343
1.80713103494
1.82434876313
1.99125789411
2.00172973701
1.53020878213
0.389732474494
-1.34665103193
-3.32009930721
-4.98039605031
-5.77573383318
-5.3688722135
-3.79203846368
-1.47069352573
0.904050682629
2.612350917
3.16169372268
2.45993517767
0.834615929406
-1.10927207573
-2.7333143577
-3.6092661066
-3.66183195651
-3.1559310534
-2.54275333501
-2.23999636614
-2.447249928
-3.07658226189
-3.82173645821
-4.32427421055
-4.35223671001
-3.90585540575
-3.20449959085
-2.56876451096
-2.26161439783
-2.36870399166
-2.77378028605
-3.234159816
-3.51044558016
-3.4798291345
-3.17539769219
-2.73677743024
-2.30666325989
-1.93678069281
-1.56007066712
-1.04710524351
-0.315032132207
0.575905028738
1.40094199211
1.8490178888
1.67043117983
0.821343264902
-0.473646107428
-1.78400398751
-2.64280352424
-2.74899018417
-2.1061938504
-1.02747105084
0.00235883522727
0.546001196123
0.412283059125
-0.260590703266
-1.07742557902
-1.57932794173
-1.46428558431
-0.728151808321
0.34148959827
1.31330708971
1.82668774761
1.76498949835
1.30161224151
0.797872667368
0.607097151953
0.887010611792
1.51800576751
2.17020992038
2.48503287288
2.27652193388
1.6456674297
0.943868850888
0.598971809203
0.889639825018
1.78405432515
2.93046670588
3.81288819044
4.00163287358
3.37749740438
2.21653060674
1.08701727587
0.600639191993
1.1316832655
2.63602986087
4.65608685882
6.51052052856
7.58079363673
7.5621735614
6.56616793725
5.03422587932
3.5128648544
2.4039146969
1.80988949198
1.54188908308
1.27340053651
0.750604201059
-0.0553447669849
-0.934225446738
-1.56556360686
-1.71771820178
-1.40545793871
-0.913894341303
-0.665715144454
-0.992350618676
-1.92514254778
-3.12040844497
-3.97159198578
-3.87088835746
-2.50590848795
-0.0523085831283
2.83558422001
5.24521410891
6.35067688123
5.73746653306
3.56925248675
0.527013114272
-2.45108497781
-4.51729367218
-5.2055898552
-4.55434662589
-3.02588929914
-1.27564371746
0.118935584058
0.854706011635
0.954941976469
0.678352158449
0.347818368006
0.187563362872
0.240021661465
0.386255489207
0.442158530298
0.271651923407
-0.140512825305
-0.68512321766
-1.18484055185
-1.47397522243
-1.46047560767
-1.14559152399
-0.602638089937
0.0637276178183
0.752107716979
1.37845517111
1.87272180194
2.17302769302
2.23150342518
2.03392917078
1.62086888114
1.09157530533
0.578885909657
0.200406628133
0.00830941048767
-0.0341067050837
-0.0316068617693
-0.0973449598993
-0.282674717549
-0.534467620945
-0.70728154655
-0.630595251646
-0.201221979225
0.545812601495
1.42796535987
2.17907104593
2.56146231625
2.47521194752
2.01183190268
1.42459921939
1.02707033471
1.06558507614
1.62323721425
2.59599111316
3.74524221486
4.79430325089
5.51833619889
5.78717538629
5.55203930558
4.80196174434
3.53342016061
1.76600911113
-0.396861788935
-2.70114252909
-4.72658434674
-5.96448624627
-5.9851267824
-4.63676591244
-2.18417244931
0.696582015671
3.09663747949
4.17823787847
3.49053064459
1.16386457307
-0.05019962458223404
-1.2028640388
-3.47675346447
-4.19589481186
-3.4218872245
-1.76100568157
-0.0860783174966
0.841070524472
0.682858571448
-0.358531159309
-1.66734885653
-2.5184483462
-2.41840084987
-1.33013578114
0.315553469706
1.81981454346
2.53060745287
2.1286627729
0.759375044311
-1.04041331859
-2.57847923113
-3.29458009661
-2.97229108883
-1.79090343416
-0.209986212657
1.24664091887
2.20309888729
2.54844082319
2.42046950578
2.08369057291
1.77422172294
1.59060613398
1.47711056574
1.29455974377
0.930030546025
0.38166309368
-0.226532553322
-0.704747106233
-0.897222440305
-0.767263673144
-0.422281452704
-0.0657358668207
0.0999032464154
-0.028648898803
-0.403249660151
-0.841749626783
-1.10535450898
-0.999293619024
-0.451929898032
0.459793136337
1.54467084076
2.57133633991
3.34775941008
3.77411900206
3.85289032591
3.66043148995
3.29965139299
2.85756139946
2.38463126146
1.89978277777
1.4123240672
0.945464318147
0.547142489829
0.281178536458
0.201564959535
0.321115403846
0.589714078771
0.895615292455
1.09576511981
1.06970971719
0.779703555209
0.311772811992
-0.126652744083
-0.264875891374
0.126223935409
1.11544708954
2.52707463922
3.93744873079
4.77471410005
4.50431758662
2.84192164508
-0.0881100447012
-3.72245836684
-7.18916934116
-9.56933380208
-10.2037789808
-8.93140588284
-6.16384342092
-2.76027736197
0.256040888738
2.03448351811
2.1602158989
0.747953155492
-0.03584396141889101
-1.0842031084421677
-1.754364385397409
-1.6855931977938639
-0.8461700843
-1.14400649631
-1.13188982484
-0.977021876154
-0.695042972905
-0.20390177553
0.553536520243
1.49769580036
2.38304765092
2.87667009767
2.70952209511
1.82296029826
0.430955898292
-1.04176339901
-2.12389695902
-2.49038850499
-2.09434848724
-1.17698071209
-0.152809986491
0.573450420703
0.771673668727
0.45870862859
0.3067061286315891
0.14920070056743384
0.19819430832329488
0.503227015187
0.527249584227
0.533485910302
0.399729990212
0.12328782402
-0.184663222787
-0.374135171212
-0.35334115812
-0.149304930557
0.103672650993
0.240703523609
0.162812742776
-0.104177503212
-0.424513554928
-0.63438550172
-0.643899363793
-0.498074053181
-0.356817235316
-0.399497484589
-0.705026926933
-1.17732693364
-1.56622281209
-1.58382756424
-1.06224860738
-0.0697646567172
1.08299458342
1.96272525843
2.20971198116
1.71751622607
0.704519904059
-0.365642009361
-0.984918885156
-0.832192078644
0.0735770594854
1.37210955375
2.51482664468
3.00172620764
2.59332298532
1.40315779844
-0.16478076005
-1.59615350295
-2.4750925753
-2.62766029754
-2.14614272525
-1.30272410194
-0.412060614792
0.283406424043
0.657857999849
0.677104328397
0.345868035322
0.2985855992895523
-0.04152524026105198
-0.5525424454026222
-1.0044533291120672
-1.0979793348040658
-0.5807307244017039
0.6051276901012272
2.22647392428874
3.7890176665416675
4.712288074834063
4.589878843226288
3.4151482405683566
1.64884670655
-0.469728099772
-1.63543612069
-1.45188359708
-0.11578509351
1.62450955584
2.77991377647
2.57411109162
0.831982017896
-1.88908428671
-4.50569576905
-5.87545292004
-5.31765207425
-2.94519235096
0.354910893336
3.2937266723
4.73967036462
4.20754232019
2.05018765425
-0.734651782953
-2.986602404
-3.92052441445
-3.46166428906
-2.22092893339
-1.13113474366
-0.932476611786
-1.76933506268
-3.10386119574
-3.99221178248
-3.58595128366
-1.60547620394
1.45734404783
4.51797302114
6.38117580871
6.29583877905
4.3130829409
1.27177442257
-1.58370758798
-3.16983226746
-3.04219243416
-1.55845246035
0.345469927158
1.64819848672
1.75762910284
0.794280572609
-0.491730457185
-1.12215069731
-0.406156844994
1.68740409186
4.48389254006
6.90247031479
7.9515649864
7.17838935871
4.85965718374
1.85288893815
-0.805287587985
-2.34960676097
-2.56934702746
-1.80413690594
-0.683318407817
0.233181570282
0.715824461043
0.898089091292
1.08377310758
1.4591749481
1.89292504774
1.9557648632
1.16587796821
-0.669382109814
-3.21341804858
-5.62234352597
-6.85985826427
-6.17870450628
-3.53892007463
0.259121709318
3.82684397248
5.74318868493
5.17837313846
2.30074645524
-1.73420282105
-5.2310651255
-6.65806772964
-5.30529130006
-1.60835575145
3.00880510105
6.70932382517
7.99282487569
6.30185048855
2.23425935977
-2.71675617044
-6.77276865345
-8.5676010899
-7.64687512455
-4.58270255446
-0.68626876513
2.53525156125
3.94201372684
3.12597947567
0.461601066467
0.500254965427672
0.672043383889
-1.86645659684
-3.06089067708
-3.00529467027
-2.11710192755
-0.917591306994
0.159111158168
0.867504637074
1.1555397792
1.10674777064
0.86620394531
0.583143778711
0.378378029516
0.32662401165
0.441963514538
0.665965246973
0.870834512903
0.892188489274
0.593373567377
-0.0579693131775
-0.936763681449
-1.7657694014
-2.19310261114
-1.92245932332
-0.847069815264
0.87126221779
2.81961778574
4.45161920139
5.26665086767
4.98428014829
3.64706348577
1.61213379317
-0.565008101073
-2.31054705202
-3.21062637929
-3.12680576323
-2.21457978813
-0.847562081903
0.518363616472
1.49080840163
1.84968091341
1.59013387693
0.894916323215
0.0530415149378
-0.644927662328
-1.00144716703
-0.968757538624
-0.652589898914
-0.263385534458
-0.0314185750937
-0.114117946671
-0.527971195133
-1.13107104673
-1.66610733525
-1.8519245221
-1.4923779912
-0.562249789044
0.763771983532
2.15286813068
3.21383981194
3.61987828402
3.21096749382
2.04130441629
0.358935359728
-1.47011842858
-3.06330574687
-4.11482300624
-4.45649100343
-4.07811913879
-3.11323963395
-1.8020652431
-0.441401487478
0.673845444773
1.31448955302
1.37803489837
0.929697451672
0.201265880384
-0.46807314154
-0.744917700879
-0.437805951291
0.395610326474
1.423572669
2.1260408116
1.97596692774
0.655021760172
-1.1293181376851322
-3.567912301170267
-5.9128632294303
-7.377818745772274
-7.419508505308315
-5.943260801322211
-3.3476595228785584
-0.3866773161796999
2.09821976734014
3.4707007779716292
3.5035103707440953
2.420166589036185
0.770367085600185
-0.797244881915546
-1.76517104264
-2.53620022122
-2.50796279919
-1.91525981379
-1.04172589149
-0.106208175167
0.776233386445
1.55959669415
2.19987253894
2.61007101047
2.67224243941
2.30203786439
1.52530838427
0.514324390582
-0.449417873863
-1.07846754905
-1.2023152039
-0.847679241663
-0.231379474655
0.336317364374
0.593943491466
0.447705487571
0.00794030919876
-0.475244578687
-0.744614946861
-0.669253147901
-0.310690708495
0.111959270777
0.339595177706
0.212442282323
-0.241240238503
-0.813353135707
-1.21736665013
-1.23123122297
-0.808869894794
-0.103839674347
0.605807332785
1.05185846569
1.10048385401
0.804827659746
0.362398302995
0.00404206996919
-0.124154355118
-0.0236431541089
0.17912828754
0.322857649915
0.314569086053
0.185501992217
0.0676718925029
0.105579638048
0.35608401315
0.737897089916
1.0648828207
1.14880238572
0.91445950487
0.458354899913
0.00969546120535
-0.193350928484
-0.0479749677689
0.33154001473
0.650913942196
0.586257256004
-0.0231116863038
-1.04320227932
-2.05824152939
-2.54243324826
-2.12110899726
-0.795547235436
0.990477205951
2.49696050855
2.9993768519
2.1309892317
0.0931344824686
-2.37903665556
-4.29934026674
-4.84835259148
-3.74272671751
-1.38595621184
1.27572715694
3.13632683372
3.38647690561
1.84299942083
-0.6672378534094747
-3.512391032748198
-5.695084833977958
-6.583022065504082
-6.13058171005116
-4.829540583853586
-3.4302965276821737
-2.577625256615434
-2.535040783864929
-3.11804473115086
-3.848535147383089
-4.235179586823392
-4.030005397982265
-3.334074290602018
-2.509938680905009
-1.960197294878128
-1.8977065286263297
-2.23144710937
-2.88689172759
-3.21919710896
-3.01962503667
-2.38194404178
-1.66253765344
-1.29160353726
-1.53397841703
-2.32681588653
-3.28353393106
-3.86856230892
-3.65914186995
-2.56411901758
-0.889115729808
0.787186651998
1.8678048519
2.00140970882
1.23043644882
-0.0434197206448
-1.25351075947
-1.92385942832
-1.86294543421
-1.20927867666
-0.319820724325
0.430149860377
0.828572022878
0.900451349796
0.847522857194
0.899675819528
1.16796649038
1.58234892908
1.9455363518
2.06712974727
1.89647905997
1.57349936073
1.3631392479
1.5057212965
2.06525633548
2.86318783462
3.54189015082
3.73295870532
3.24682436674
2.18442491385
0.908337865132
-0.118063938887
-0.545917977244
-0.302707154463
0.382336988793
1.10368153995
1.49286215393
1.41065858539
1.01838650001
0.689719580284
0.80654177435
1.54343039423
2.75368623028
4.02015472999
4.85078718274
4.92381812329
4.2588560587
3.22342553138
2.36404729763
2.13800450201
2.67362008589
3.67735247153
4.53922658752
4.59567151888
3.43451873846
1.10551480137
-1.8593634012
-4.62798498443
-6.37735625247
-6.60270481498
-5.30310441333
-2.97590589268
-0.431814753203
1.48935417301
2.19241936598
1.49636602019
-0.344858408961
-2.75724460663
-5.04203394028
-6.58176519642
-6.99899094217
-6.23534763243
-4.54491966211
-2.41433820123
-0.43217095557
0.864069287793
1.13020904487
0.31131175287
0.2601509867981804
-0.13532473826541036
-0.3026276389
-1.48163604164
-1.73793459507
-1.16867497873
-0.138325259033
0.870631351964
1.44614947269
1.39722729828
0.8057569806
-0.0375267548213
-0.778579123935
-1.15760927497
-1.10745596212
-0.753515939459
-0.325383477988
-0.0323418192578
0.031417660883
-0.0934700015201
-0.28909309944
-0.455043263461
-0.581384382422
-0.754900373198
-1.09292055315
-1.6417715449
-2.29973096598
-2.81446780126
-2.86711895603
-2.2091917457
-0.78869375655
1.1959047855
3.34209835246
5.17142313304
6.28371617284
6.47362944692
5.76794397325
4.38205464929
2.62932952039
0.830057949075
-0.746738356697
-1.90401057246
-2.51976931402
-2.5571309263
-2.08865357611
-1.31590402319
-0.549821713404
-0.127845762428
-0.278942492596
-0.989357818545
-1.94367146775
-2.5981623485
-2.3873216527
-0.993320643776
1.44089759436
4.2705002285
6.53137749835
7.29795710608
6.07684015732
3.0621335314
-0.876815371323
-4.49408470865
-6.6424307717
-6.7286099151
-4.95117940306
-2.21271030952
0.259693110952
1.4218565819
0.827281901312
-0.17258498099839414
-1.774556750743784
-2.96673699594605
-3.0316984676101697
-1.82949030049609
0.20043563857669255
2.298906388186481
3.7684307625857656
4.288546042129056
4.021800930309496
3.4779584751013033
3.2237770311343183
3.594855177176555
4.552836287769509
5.74693002133
5.38194380425
4.50772073045
3.11830559706
1.47526764974
-0.055444076482
-1.20075749647
-1.89521130621
-2.25156876413
-2.4158209545
-2.40811974607
-2.06398023738
-1.13279666344
0.506707964655
2.63741462099
4.64292669049
5.67344665178
4.99907209588
2.39818480246
-1.61715922141
-5.88353001372
-8.98565590527
-9.8270260729
-8.12567835091
-4.59965007046
-0.730348189296
1.82249104669
1.91774086492
-0.557765774159
-4.59687311619
-8.45080645614
-10.3295193116
-9.13361663103
-4.91304712259
1.13495423116
7.12000497778
11.1683901777
12.0941963885
9.76814412724
5.06053303734
nan
nan
nan
nan
nan
nan
nan
nan
nan
nan
nan
nan
nan
nan
nan
nan
nan
nan
nan
nan
nan
nan
nan
nan
nan
nan
nan
nan
nan
nan
nan
nan
nan
nan
nan
nan
nan
nan
nan
nan
nan
nan
nan
nan
nan
nan
nan
nan
nan
nan
nan
nan
nan
nan
nan
nan
nan
nan
nan
nan
nan
nan
nan
nan
nan
nan
nan
nan
nan
nan
nan
nan
nan
nan
nan
nan
nan
nan
nan
nan
nan
nan
nan
nan
nan
nan
nan
nan
nan
nan
nan
nan
nan
nan
nan
nan
nan
nan
nan
nan
nan
nan
nan
nan
nan
nan
nan
nan
nan
nan
nan
nan
nan
