2.02026896907
0.641472179266
-0.653309037869
-1.46872739051
-1.69176072203
-1.49668039132
-1.19829668144
-1.04125527315
-1.04490892404
-0.99097185942
-0.562434881755
0.441178102015
1.93123434477
3.50054520472
4.56541343853
4.61879348107
3.47425599631
1.38018525911
-1.05635219188
-3.10605901906
-4.20783219909
-4.18198392625
-3.27308781864
-2.01044230005
-0.958256946542
-0.474399230523
-0.585217690942
-1.02291541047
-1.39313790931
-1.38261478107
-0.906045004536
-0.129462459711
0.62824912245
1.05667733906
0.99596328217
0.496610065036
-0.218804359131
-0.859215667576
-1.17589210711
-1.03049100708
-0.403063038545
0.641153927852
1.98880248004
3.49023021504
4.9446130736
6.08506188186
6.59994381924
6.20966777001
4.78284829812
2.44217317757
-0.400605970734
-3.11948474493
-5.05093392564
-5.71442808159
-4.99032449239
-3.17813055718
-0.903557267961
1.09541316761
2.22260998693
2.22042753435
1.23616581942
-0.261248053133
-1.67420692467
-2.49984218292
-2.50011625794
-1.76336169602
-0.648337200154
0.35505861613
0.790892060119
0.372286972865
-0.3217292631454711
-1.7302595670287388
-3.492372004620279
-5.171301427916205
-6.360742675119766
-6.778323368734391
-6.328716923817424
-5.122903838674432
-3.446345972098797
-1.6797920237445965
-0.1911625599636011
0.7699455916219478
1.139677340762006
1.04406592845
0.103542075656
-0.767647869826
-1.36528051932
-1.61989183571
-1.59068676251
-1.40339261632
-1.16749173575
-0.917123522799
-0.606082636675
-0.157550647111
0.461090287327
1.18265948448
1.8388741708
2.21970483225
2.16653111205
1.65232270826
0.806554645082
-0.130332983319
-0.902404261463
-1.33766277171
-1.40398231852
-1.19738832976
-0.87417809177
-0.567001215778
-0.331073118184
-0.146964922984
0.0279286386163
0.196525009787
0.292347249513
0.207753127628
-0.131405999091
-0.688319318106
-1.28701981366
-1.66321937318
-1.58098839711
-0.961302881295
0.0466223286047
1.09856820545
1.79025055755
1.83707755863
1.2127712657
0.174350377661
-0.846860664468
-1.44217107308
-1.41736435661
-0.884130338418
-0.201860929765
0.206194406308
0.0742015302761
-0.557909815659
-1.34659323826
-1.80189808404
-1.5267330136
-0.422016076673
1.24457032015
2.94329385926
4.11283686835
4.40657996805
3.83655049886
2.74723701958
1.63553625739
0.908838169112
0.70260527161
0.84697435163
0.995003939197
0.842177545138
0.31980857352
-0.341945451384
-0.719074942525
-0.417655102587
0.695166503654
2.3720900454
4.04483675097
5.04164345148
4.86595840671
3.40910738662
1.00097153577
-1.72080625952
-4.05898791981
-5.5081054136
-5.90115721887
-5.40072471578
-4.36065915839
-3.14250343468
-1.98208127892
-0.963585531675
-0.0938472189033
0.586179960362
0.932968571755
0.726192424571
0.5248420089661039
-0.4246312796013001
-1.8789257601611524
-3.3776939016298684
-4.395467719496423
-4.54607309945483
-3.744389370913609
-2.245569718521864
-0.5380729339899801
0.8635890034091886
1.6322755299688225
1.75089791126
0.759985305351
-0.197127240991
-0.769858631352
-0.825538111495
-0.489596577778
-0.057233875904
0.172756556603
0.0557295524332
-0.327780517454
-0.720059811241
-0.825648643895
-0.470547693561
0.297906654829
1.21845038297
1.92564154812
2.10883832464
1.6465267899
0.656917800687
-0.55323665658
-1.61344783103
-2.23011835469
-2.28411478294
-1.85129990478
-1.14852295088
-0.437655382486
0.0685583820544
0.26456111258
0.161607966969
-0.141627212959
-0.506360167171
-0.79884959261
-0.922511973942
-0.835667588947
-0.557729851439
-0.164850283676
0.227470206924
0.497074429916
0.559118895934
0.407739613029
0.135613602462
-0.0850809262522
-0.0625879679947
0.331203297258
1.08748639246
2.03257402653
2.86566968637
3.25587093941
2.96474341377
1.9463974858
0.383027070652
-1.36137776777
-2.8535487164
-3.7276046633
-3.79523463819
-3.09131120802
-1.84401588825
-0.387737642624
0.944311146254
1.90921606192
2.400317277
2.44555258386
2.17087594487
1.74865054187
1.34786643242
1.09476364183
1.04559853166
1.17187355502
1.36145503824
1.44181088964
1.22891322092
0.595504499743
-0.460855594047
-1.77861097557
-3.04797468335
-3.89094640575
-3.98869487351
-3.21463241558
-1.7203308502
0.0685300334736
1.55897799608
2.17362718805
1.54971692285
2.6810082156840878
2.950063199766987
3.02259482362
0.548565721552
-0.795572703217
-0.77981928296
0.400866254852
2.19929227401
3.90938454539
4.91137508056
4.88052508359
3.88384030727
2.33031963101
0.795076236345
-0.21408348359
-0.456010886206
-0.0420072276041
0.627338225375
1.04961004684
0.855166192176
-0.0111715478248
-1.2432262583
-2.28908296882
-2.58753591168
-1.82813980794
-0.121198874855
2.00337135053
3.77891536052
4.49793646776
3.79917787425
1.82249672352
-0.838418952468
-3.36871880081
-5.05188399427
-5.5383511591
-4.94844741537
-3.77057584412
-2.60968377705
-1.90909581845
-1.777771728
-1.99989638798
-2.21087052042
-2.13918460158
-1.78040712971
-1.40588833695
-1.39788003466
-1.99961644817
-3.12229102795
-4.32966839233
-5.03164383813
-4.80330776254
-3.66549559126
-2.16264476047
-1.1619418677
-1.43671499259
-3.21961976968
-5.95255608145
-8.39112120208
-9.06552966421
-6.92633531957
-1.89533730893
4.94256674469
11.629899068
16.0240917379
16.6133153582
13.1204111551
6.63261121798
7.45913888754
1.430776868
-1.77809472341
-1.79824187677
0.528053794445
3.61820949276
5.88728346848
6.41836529528
5.27710448214
3.35569179124
1.84990813322
1.63449233022
2.83484850852
4.78679365404
6.38536931302
6.64078114116
5.16932752638
2.38809739244
-0.670333248786
-2.82649508778
-3.28146768024
-1.96087808558
0.471912536574
2.92315589535
4.34259360186
4.14568641075
2.40568615748
-0.245381551344
-2.9328187414
-4.9101467069
-5.81760193146
-5.73360829013
-5.0322994553
-4.14787066222
-3.37424217265
-2.78965216275
-2.31749825385
-1.8612498363
-1.42000399573
-1.11433926977
-1.11207688954
-1.50476397029
-2.21438293726
-2.99181931338
-3.51583788716
-3.54390182231
-3.03567312749
-2.18252781342
-1.32456964846
-0.794428490899
-0.764245900226
-1.17001199681
-1.74805723355
-2.16313966033
-2.16452057838
-1.69639706388
-0.915051442051
-0.11192464237
0.414908325015
0.479359102565
0.0665275732672
-0.683389775303
-1.54622986716
-2.29928608966
-2.78320352144
-2.92336429475
-2.71826111942
-2.21630544789
-1.4998466584
-0.680568654409
0.10447108785
0.711164081319
1.02636837779
1.01367206659
0.742052239921
0.374171465416
0.108766600684
0.0968740602813
0.370184427135
0.819651045767
1.24120892051
1.43247388229
1.29635564741
0.900023642006
0.456154634746
0.230032390485
0.413145058214
1.02269025046
1.87672586313
2.66048665084
3.05680720889
2.88314123985
2.17397462364
1.17210682909
0.23333021466
-0.312985894799
-0.287322888965
0.282779991641
1.19073026164
2.14587774482
2.89099077849
3.29275430394
3.37204885899
3.26871461189
3.16198361668
3.18229740611
3.34918148551
3.55658587178
3.60883591203
3.29400600411
2.47108833082
1.14359254128
-0.505475569963
-2.13435728205
-3.32248303995
-3.69482895307
-3.05698238586
-1.49482255745
0.605200012116
2.63847613492
3.9549098049
4.0709565667
2.84582819137
0.550391411548
-2.207804076
-4.6850082172
-6.25617890259
-6.6266071327
-5.91620422809
-4.58298706817
-3.21911945247
-2.30655773746
-2.03539757215
-2.25863370625
-2.59538033132
-2.62893982788
-2.10657105088
-1.05197315017
0.253942994179
1.4058164647
2.05150154008
2.03092182174
1.4177767446
0.456754178223
-0.561111774216
-1.41786862927
-2.02711183325
-2.41417355971
-2.64417663427
-2.74923580119
-2.70066214581
-2.44091328528
-1.95191252661
-1.31307829516
-0.706925327931
-0.359602403256
-0.441485839317
-0.977764104561
-1.81691836589
-2.67705600453
-3.25124924915
-3.32410554825
-2.84773757731
-1.94730884007
-0.861565071185
0.147119897543
0.870522880393
1.19261188364
1.0875010275
0.598864024044
-0.174204257853
-1.0757072789
-1.88954762009
-2.36141928687
-2.26367951792
-1.49262508639
-0.155903974485
1.40558071755
2.69821679931
3.24871013585
2.80638191144
1.48156426303
-0.258523782663
-1.75641502132
-2.43560132584
-2.05955036938
-0.85495380912
0.570092090479
1.48867536334
1.38518268423
0.200451740756
-1.62716542945
-3.35049952075
-4.24775999708
-3.94564974953
-2.57756268373
-0.701806219886
0.977853570029
1.94924359322
2.11795862964
1.81090609515
1.55986177933
1.78202230688
2.52970969402
3.44732817868
3.96579029417
3.63714281184
2.4312079594
0.825965334133
-0.377137836311
-0.440441097853
0.904604298806
3.24217341508
5.57397460699
6.71580574461
5.81989814119
2.78377763787
0.33085402534346997
-2.2043563845236633
-3.457522742
-4.57883616312
-3.53841571084
-1.12888487912
1.41177005391
2.93458920476
2.83982343927
1.26697107902
-1.0481634685
-3.15763261316
-4.33267310914
-4.34339676083
-3.47690090031
-2.31738199713
-1.42234730751
-1.0644184715
-1.15696023187
-1.37629814624
-1.39117178826
-1.06329664494
-0.511596867865
-0.0164400601827
0.169069729755
-0.0147794183364
-0.388262922345
-0.631922970322
-0.473407353711
0.14693019426
1.02830585278
1.81022377519
2.16864107909
1.99969368863
1.48724384879
1.0119285845
0.945242150693
1.43628736183
2.3064106752
3.11320745274
3.35808596904
2.73626963896
1.30413892317
-0.521301994702
-2.13293288912
-2.99247344567
-2.85460095981
-1.85318662731
-0.416866032919
0.93565174569
1.81630554414
2.10122787279
1.92594330929
1.564188255
1.26745012716
1.15217092731
1.18460400988
1.25330735729
1.27107923733
1.23807256982
1.22921544217
1.32120707881
1.51494172272
1.71324382404
1.77825587108
1.63871998722
1.37794019223
1.23454262815
1.4934782292
2.31101825007
3.5671682558
4.8404474124
5.5464487794
5.19667145569
3.66135353848
1.30055587392
-1.12228419106
-2.7300549072
-2.90774042577
-1.59360354529
0.658219331093
2.88879555016
4.13746291031
3.86093823426
2.17769562931
-0.178608510805
-2.1818951252
-2.97109156097
-2.23775554623
-0.370048429839
1.71080101683
2.94736458434
2.59966865599
0.558287603027
-2.61273199494
-5.91045373854
-8.29322802159
-9.07155429672
-8.13235767907
-5.92361364508
-3.23368158582
-0.880167189386
0.556347181788
0.859599348039
0.147720626443
-0.3669093043920668
-1.2172081088169193
-2.1011061691545905
-2.804682736749328
-3.1774885057102296
-3.10187519136
-3.40908671029
-3.16912714401
-2.48012111279
-1.56138406561
-0.702902100971
-0.166379194819
-0.081172969243
-0.388488617213
-0.867270500749
-1.23500656496
-1.27753564192
-0.945254490723
-0.368438166159
0.215707843087
0.587617542834
0.659372099469
0.521779116257
0.401907131501
0.552563291765
1.12739117933
2.10015247075
3.26338259663
4.30317885119
4.91316987783
4.89754789384
4.22449877254
3.01871190076
1.5091402885
-0.0378995158216
-1.3743419803
-2.30478712668
-2.70559511604
-2.53985298296
-1.87208334051
-0.873526812389
0.198670826848
1.05894151847
1.47920039138
1.37350857287
0.841696753606
0.14258178734
-0.403301596761
-0.546493636637
-0.219505621805
0.427733820034
1.09016077305
1.44455704501
1.30073015523
0.696207056476
-0.112417525858
-0.760663610733
-0.940164784893
-0.539677148199
0.30267215881
1.25987548634
1.95988162267
2.14448957788
1.76951507372
1.00267979036
0.126245215826
-0.602970737195
-1.06533261716
-1.30856467759
-1.48668315555
-1.74515231325
-2.11652297658
-2.48409725059
-2.63495013174
-2.37673232184
-1.658930801
-0.635507294804
0.366375495933
0.961623452752
0.856330116793
0.46735365537671214
-0.5514686520499481
-1.8623962675826249
-3.072634228432989
-3.8695727354311202
-4.109679676808426
-3.8311721523797786
-3.1969391020410853
-2.4035690455133363
-1.6018448807121501
-0.861452220529273
-0.1864085601561385
0.4380403457554678
0.9992690547707923
1.4394573740452046
1.6757531836857282
1.6469706431703486
1.361691073544364
0.9221212020326988
0.509650931743
-0.377631042903
-0.85302038566
-0.839411167784
-0.387287337423
0.334033805438
1.08282434965
1.61552282005
1.76062930007
1.47323604611
0.851569363895
0.106699901379
-0.509232975042
-0.795602552756
-0.68478254426
-0.279303557043
0.176586482759
0.38866131503
0.138109965211
-0.608518468804
-1.65490890065
-2.62484677314
-3.0975394887
-2.78074725472
-1.65171465072
-0.00229418584922
1.63997825934
2.69209032717
2.72944381684
1.64780460075
1.0946657610978292
0.20806463341028802
-0.412821598915
-1.4194611889
-1.53781440615
-0.918496967044
0.0700575817725
1.01380470692
1.62030217504
1.81118288961
1.7094607193
1.54124521903
1.50819362524
1.69416592077
2.04584870666
2.42638750845
2.7046395885
2.82840981094
2.8436013033
2.85373619102
2.94760658516
3.13918940948
3.35533797213
3.47863037921
3.42086566181
3.18452378029
2.87495643023
2.65235417009
2.64571798964
2.87347831735
3.21488837441
3.45253610682
3.37093230462
2.86683352263
2.01850623166
1.07800420898
0.384810588024
0.234691624082
0.757853906014
1.85661503375
3.22736315801
4.45680243987
5.1539435639
5.06857706783
4.15675506056
2.57764874775
0.632445311379
-1.3261732118
-2.98141012187
-4.11246933586
-4.61791544389
-4.50641369713
-3.86691566777
-2.83181090613
-1.54370959145
-0.132258915747
1.29649475653
2.65898985143
3.88520614025
4.90854629862
5.66215515562
6.08687284868
6.14997740442
5.86642007228
5.30954711301
4.60021728458
3.87262777839
3.22840755049
2.70056460812
2.24876240449
1.79466446668
1.28518666815
0.752689973875
0.335678810837
0.237391755817
0.629064754853
1.53657330248
2.7668541844
3.92198943947
4.5140710359
4.14661760975
2.6904698673
0.373922837959
-2.26390443065
-4.55078083023
-5.92482290203
-6.14388651655
-5.37003312767
-4.08933549255
-2.89907422987
-2.25431988208
-2.28558021375
-2.76812805576
-3.25495374022
-3.31026206134
-2.73398764917
-1.67197330797
-0.559686345578
0.0750529584367
-0.140843822891
-1.24314163755
-2.89651063192
-4.52527547229
-5.54949686107
-5.6208042658
-4.75519839137
-3.30925505715
-1.81752343511
-0.768815146939
-0.420752010387
-0.727722334596
-1.4013839165
-2.06301672509
-2.41112454207
-2.33009377765
-1.9015714494
-1.32925689177
-0.825429768578
-0.517220709978
-0.411273768989
-0.420466898023
-0.425474529457
-0.332459401331
-0.0993480139284
0.272377982897
0.76144399675
1.34058483706
1.96660398998
2.55458536473
2.96135749509
3.00413913582
2.52248061818
1.46419382165
-0.0454516389832
-1.69379202484
-3.05100035424
-3.70506835861
-3.41243074835
-2.20139357115
-0.3801735794
1.56074061571
3.11757569358
3.94813214984
3.98360432999
3.43435747372
2.69033066027
2.15902897437
2.10716156543
2.56721294303
3.34129059537
4.09493317475
4.4997793512
4.36854162337
3.73238182357
2.83447462382
2.04387682201
1.72001593483
2.07285906615
3.06462817408
4.38720830389
5.52869540735
5.91729481912
5.10619729876
2.9452988907
-0.318732303595
-4.05866619758
-7.41174079466
-9.52300798596
-9.81644567937
-8.20269842666
-5.14321326332
-1.53396460951
1.56481149231
3.26660228052
3.14640371991
1.37258302255
-1.36836889635
-4.12808876597
-6.0379242928
-6.60710067441
-5.86657008018
-4.30974227866
-2.66221874752
-1.57895552553
-1.3918937375
-2.00495459995
-2.96895040334
-3.69464834955
-3.70919058802
-2.85003565446
-1.32336352619
0.386256467071
1.7080512192
2.19657069344
1.68099472238
0.303756320881
-1.55208257162
-3.40589075113
-4.83293864586
-5.57522407609
-5.58216601639
-4.98389672644
-4.02168967789
-2.9669180371
-2.0533882709
-1.43497791115
-1.16902651444
-1.2203274169
-1.48048055164
-1.79915924123
-2.02377931041
-2.0409970481
-1.80951349576
-1.37257310412
-0.842973067046
-0.362834022307
-0.0510042266419
0.0424405828281
-0.043650442537
-0.195775634535
-0.27010313
-0.150505957217
0.201458395679
0.723293907773
1.26380471929
1.62717793593
1.63499439686
1.18718601829
0.303740923956
-0.86564894011
-2.06871600523
-3.01011846466
-3.43005898661
-3.18169020016
-2.28386846588
-0.929134638374
0.562158262384
1.83346127108
2.60312745721
2.75715918955
2.38751201895
1.75703704392
1.19995735029
0.994362452049
1.25789180967
1.91110307157
2.72561701985
3.43670168646
3.86925758673
4.01741746071
4.03718433538
4.1516252837
4.51126142248
5.07770541026
5.59264517999
5.65762395236
4.89836254202
3.14453816357
0.54302474898
-2.45258011331
-5.22061457758
-7.18559735071
-8.02040419326
-7.7524351301
-6.73119118288
-5.47492684914
-4.46550451805
-3.97977371857
-4.02462119826
-4.39230337429
-4.7974202808
-5.02311264531
-5.00681267849
-4.83199421784
-4.64247342672
-4.53429936831
-4.48821598364
-4.38017591913
-4.06271088255
-3.46997882492
-2.68511794273
-1.92764106118
-1.46108914733
-1.46483967209
-1.93580135538
-2.67373425983
-3.36344444263
-3.71821216087
-3.61628355883
-3.16297681647
-2.64531413468
-2.39763131743
-2.64014372051
-3.36653433645
-4.33423651646
-5.16300197043
-5.49680088099
-5.15527772458
-4.20722072879
-2.93600398052
-1.71704992288
-0.865943279095
-0.52525422638
-0.635507277868
-0.993706712951
-1.36268317896
-1.57531919996
-1.58701787961
-1.46059949669
-1.30295301444
-1.19416105676
-1.14778611477
-1.11876706272
-1.04658930684
-0.902341767633
-0.708964686334
-0.522940479664
-0.391092344967
-0.312745305749
-0.235175491552
-0.0899138676247
0.149342455466
0.423765711145
0.59436676999
0.503432002907
0.0677274316215
-0.644957858079
-1.40383150376
-1.88804420116
-1.82215025707
-1.1149044477
0.0683034775859
1.34486768972
2.26148604013
2.48958750848
1.98135067602
1.00831243772
0.053800333949
-0.402185795435
-0.112618267596
0.799737716993
1.87024125217
2.48512736031
2.16237107759
0.797642640671
-1.2402391007
-3.21927466913
-4.32564061562
-4.0041023902
-2.21311424379
0.51951640099
3.27332729538
5.0792838596
5.29394908305
3.85141554866
1.28994340595
-1.45706253029
-3.41959995857
-3.95363228193
-2.96437183454
-0.90838497076
1.41444325748
3.18383679443
3.86126531697
3.35377733035
1.98778772006
0.323556067915
-1.0960438848
-1.9511648958
-2.22534964759
-2.14402608928
-2.01862913202
-2.08022877805
-2.38118792452
-2.80230760267
-3.14817630092
-3.27184319569
-3.16030119189
-2.93707257358
-2.78334840013
-2.82156690624
-3.02439803098
-3.19935547774
-3.06183568247
-2.36596261997
-1.034038192
0.77527344397
2.6931422809
4.25320367756
5.04630698561
4.8571386097
3.73253349856
1.96093224173
-0.022688613228
-1.76700594437
-2.92378325844
-3.32226866457
-2.98569996891
-2.09750041456
-0.936446929064
0.198529269858
1.05824861751
1.49776575046
1.50776499063
1.21537890656
0.848855182125
0.667921114111
0.874515508454
1.53154731051
2.52241115774
3.5749347312
4.35049168425
4.5703979581
4.13067049841
3.15469885865
1.95529971419
0.915608500764
0.335870206201
0.312224068361
0.703106964037
1.20148924989
1.48278877643
1.36153602473
0.88311964998
0.30515399535
-0.0256746740538
0.155226499393
0.893051414804
1.97865344959
3.03725085573
3.70259396847
3.79515228744
3.41749678326
2.91658021825
2.72487746338
3.15114807979
4.21849035097
5.62848398436
6.87332061308
7.449062931
7.07494017877
5.81906443266
4.07288476742
2.38582334309
1.23555792987
0.838273559205
1.08338876308
1.61824488573
2.03798579753
2.08748336622
1.77827547457
1.36551103213
1.19760702801
1.51257497984
2.2809894562
3.17440714478
3.6799351657
3.31384904173
1.84096100239
0.660684386263199
-0.9881852217465479
-2.41654909387
-4.2907373334
-4.92526532537
-4.32281131165
-2.83757277752
-1.0261272092
0.556269613471
1.53291668985
1.79486304676
1.48212777741
0.881033920489
0.28989825826
-0.0914652473029
-0.21195058895
-0.152242396007
-0.0604094315053
-0.0731613035241
-0.254195473002
-0.568551892914
-0.896156329676
-1.07521654566
-0.959664131369
-0.47372517128
0.351229240625
1.36863657749
2.34303792002
3.00819283275
3.14437096472
2.65281854673
1.6013958831
0.220715452291
-1.15471905058
-2.18533591197
-2.63264574639
-2.43395161455
-1.71653298412
-0.745041715376
0.177389220911
0.814942096357
1.07026421826
0.99530643214
0.742993354153
0.486195284818
0.342609683178
0.337848985811
0.418060420235
0.498659416041
0.519657925371
0.478210261232
0.424328630782
0.427244474886
0.535588243809
0.755916271605
1.06079213486
1.41770679198
1.81565745854
2.2664488154
2.77367277207
3.2854125811
3.66333399205
3.69953505053
3.19096113829
2.0484595048
0.390512468725
-1.43338111117
-2.92106640951
-3.58446711975
-3.14516584348
-1.67485949741
0.390834495033
2.3886328534
3.67223729974
3.87045429986
3.04835806065
1.69392572768
0.522871217638
0.173300021483
0.914644190516
2.49709633363
4.2148479276
5.16924005185
4.63269286519
2.36762308457
-1.23250375932
-5.24434835501
-8.52610768642
-10.1226105769
-9.60957067414
-7.24631779008
-3.88157319598
-0.652218538146
1.40803650363
1.70438907557
0.243820782535
0.4459487280465737
0.3062731770703522
0.679688856196
-0.939545794014
-1.33007930657
-0.751427041221
0.291141021439
1.26331829841
1.79032125037
1.7540294706
1.27912480508
0.632844764412
0.0907886640439
-0.175216595065
-0.14909498163
0.046877521536
0.220979211877
0.198894302463
-0.105897617033
-0.661272304691
-1.33110088605
-1.92526650227
-2.26481529147
-2.23966965177
-1.84104133001
-1.16007157769
-0.35530796981
0.39861643849
0.962987632484
1.26972305072
1.32723734501
1.19691906834
0.951513964769
0.634582097879
0.240219085179
0.9080176384405689
1.4065716430329473
1.7329943600388305
1.95874202196
1.2811033377
0.812328375055
0.681195757214
0.916929295147
1.4251584447
2.01586140804
2.47560873985
2.65428875526
2.52698225549
2.20068064013
1.86023077095
1.67722057667
1.72518779621
1.94391381702
2.17338942923
2.24381137672
2.07802631075
1.7526615183
1.48053408186
1.51379579123
2.00789542634
2.91088201883
3.93736654359
4.65171250795
4.63527488161
3.67054205556
1.86134044559
-0.36898485647
-2.4089487329
-3.67114560779
-3.80020234791
-2.7919053686
-0.9767590528
1.12056000224
2.98216220441
4.2719329627
4.91467224116
5.05653187154
4.93869339968
4.75299891554
4.55049511184
4.24210263883
3.68177156975
2.78116722778
1.5912663551
0.306017699656
-0.814639308083
-1.56261374402
-1.87940136007
-1.88329582259
-1.81194567257
-1.90920915887
-2.31297040415
-2.99897533667
-3.80611451269
-4.52659846217
-5.01196416733
-5.23946158859
-5.30599536346
-5.35620528984
-5.48656500708
-5.67995100073
-5.80838308092
-5.70442088216
-5.26371321379
-4.52267520749
-3.66637763174
-2.9571626702
-2.61610228696
-2.71554556417
-3.13774361744
-3.62299142377
-3.88655616873
-3.74915786773
-3.21844551754
-2.48256552821
-1.81970615818
-1.46801836845
-1.51850206392
-1.88070858565
-2.33445984985
-2.63899892758
-2.64485480706
-2.35548028199
-1.91321334589
-1.52232087896
-1.35115184566
-1.46168636783
-1.79649520105
-2.22149877336
-2.59531102737
-2.82645620676
-2.89183135935
-2.81501441596
-2.62625488702
-2.33410687953
-1.92785435528
-1.40750065263
-0.818188053411
-0.260915997044
0.135157482649
0.269338636889
0.124939980054
-0.210103576376
-0.574852678336
-0.807842903164
-0.824233224276
-0.655374228251
-0.426329097041
-0.280178814464
-0.288906729476
-0.401437919315
-0.462285017371
-0.296694730242
0.180271520511
0.891132716508
1.60582008811
2.03850538689
1.98825671822
1.45198395703
0.646216363078
-0.0826053101361
-0.421853620391
-0.250340750591
0.293884107818
0.878956595829
1.15480865434
0.956179060493
0.428579744737
0.0030383195389
0.215711652053
1.44587374085
3.69213015865
6.4974714755
9.07085554041
10.5646592491
10.3949422023
8.46951034932
5.22797696224
1.48002347313
-1.4426519262121076
-3.3121903747667005
-3.861731316972268
-3.2444855984522434
-1.8995491293991194
-0.34830340521257597
0.9814896771427328
1.8388000954185202
2.1335432500892466
1.8682805957151771
1.0822455952606447
-0.15023667424094356
-1.672586797369803
-3.19832074191
-4.82161258106
-5.61706987877
-5.30125362788
-3.88595866817
-1.73645483035
0.515858553992
2.18954082654
2.81369135662
2.31749429866
1.05733682425
-0.338695728726
-1.24395519597
-1.30160785113
-0.56573250836
0.548492471376
1.47885610616
1.78986793234
1.37437395273
0.488163200316
-0.39433116121
-0.827173340973
-0.617406458085
0.0852913615064
0.876901857016
1.31848477244
1.17404611999
0.545164417939
-0.1673498408
-0.457799606098
0.0290666251108
1.30748989779
3.01922246762
4.57791896537
5.42114007803
5.25086526574
4.15093375719
2.53083693528
0.928881543968
-0.227149984202
-0.787970593488
-0.905010472778
-0.906067659287
-1.09427008761
-1.5740055985
-2.18956728865
-2.60359399365
-2.47309790359
-1.63479147687
-0.209528211438
1.42334462771
2.76872754695
3.40960324522
3.16619023114
2.15483719297
0.728845484086
-0.665284323809
-1.65110578921
-2.03975008201
-1.86374821815
-1.32798314691
-0.710293234795
-0.256561917824
-0.106907389479
-0.26927887417
-0.636367636576
-1.03002418345
-1.25612528079
-1.15769226931
-0.658755519016
0.207552746665
1.29462597195
2.36896559252
3.16821221601
3.47877537871
3.20876660695
2.4271999093
1.34869353679
0.263065463637
-0.566803545715
-0.999133073603
-1.06003410534
-0.921923326042
-0.821564236943
-0.952245378251
-1.37620264698
-1.99454809953
-2.5867951677
-2.90225734294
-2.76460651699
-2.14745537725
-1.19313970671
-0.171084113096
0.605143870004
0.870912194123
0.484064389444
-0.21183752885372087
-1.375821158620525
-2.7279403508202336
-3.9405685440184612
-4.712398636263359
-4.839450524676167
-4.268652196471336
-3.118898365726565
-1.6581477527314377
-0.23569367848070044
0.815357066836043
1.2755276575053216
1.1011280234912135
0.4256257215636339
-0.5020529526228472
-1.4172065382524721
-2.1337304415702505
-2.5912704573211727
-2.835588269477924
-2.9461664402695362
-2.95320097755
-3.09275041195
-2.9331527223
-2.35933246334
-1.3767810524
-0.172021764387
0.914388195486
1.50496928458
1.34697277078
0.443503236692
-0.914480981343
-2.24165935557
-3.04460725679
-3.02102092617
-2.18159969643
-0.837582145929
0.540627770547
1.52686222276
1.90807611294
1.74001350164
1.26831565899
0.762268008642
0.353233737793
-0.032651191205
-0.607666969847
-1.55421536623
-2.84587966101
-4.16162294093
-4.95576622769
-4.66970596896
-2.99647747076
-0.0741233872674
3.49223497441
6.80594910338
8.98865044236
9.49770283123
8.31816938179
5.94985419421
3.19896176115
0.86701382953
-0.53073733672
-0.905416401349
-0.549373278091
0.0552821451638
0.476469359212
0.511691251249
0.237324461987
-0.0768059874255
-0.131901230536
0.239943008141
0.991188463
1.87777515402
2.56107341407
2.74076568148
2.26305031065
1.16905857085
-0.321924530591
-1.87679007778
-3.13467444037
-3.79339201261
-3.68288102953
-2.81570832285
-1.40214666057
0.184772622372
1.50166130715
2.17189423101
2.02792554857
1.20080191793
0.10418337343
-0.704932768754
-0.752352783176
0.126290102129
1.66141347372
3.20247704052
3.95164086765
3.29823274838
1.11683932782
-2.10850251945
-5.40828386512
-7.67047907848
-8.07419480184
-6.43688289457
-3.3247337533
0.130069056824
2.63963634284
3.23616005798
1.62302585409
0.036524711660604225
-2.272701295051121
-4.1201531342
-6.34039763846
-6.826169635
-5.83208944451
-4.04089778589
-2.24462048821
-1.0331635051
-0.613008305818
-0.809196113178
-1.22084683263
-1.44147284687
-1.24249445291
-0.650372625649
0.0963644305598
0.672463914601
0.810171208198
0.404445180166
-0.451479424508
-1.49917261679
-2.39423373452
-2.80304255104
-2.49332397546
-1.40222534415
0.330313812558
2.3737672376
4.27152204295
5.55244665637
5.86549958935
5.09600429135
3.41794590716
1.25300755174
-0.858671978659
-2.43265770674
-3.19233876161
-3.13729543738
-2.50093726137
-1.6199358243
-0.778484399781
-0.101101330932
0.458036980964
1.03134177095
1.71088790099
2.45202054878
3.0644804778
3.30016145562
2.99251643852
2.17139133068
1.08639158701
0.118158514309
-0.383577119603
-0.255288861047
0.411291927132
1.32308386062
2.13547051653
2.61996724251
2.76134106852
2.73290665709
2.76463735567
2.97851723346
3.28637313124
3.41435950494
3.05009463721
2.03870824611
0.520722857614
-1.07220562648
-2.17751282186
-2.34957430007
-1.47570649421
0.150694744675
1.94446433229
3.28265764548
3.77890526473
3.44557272022
2.664658958
1.98281712845
1.83380928274
2.32804411385
3.21430185252
4.03025334586
4.36092961805
4.06811234298
3.36821588544
2.71486202672
2.54497185621
3.02077758221
3.90594068669
4.64774676549
4.63212516514
3.48767818211
1.28594532285
-1.46624794413
-4.04387364072
-5.82658696701
-6.56950740355
-6.48863977625
-6.11952077332
-6.02088249679
-6.47283914851
-7.32214306244
-8.05370458228
-8.05443527256
-6.93903680094
-4.77560411419
-2.09739829128
0.308504460847
1.73655687923
1.86363311261
0.87507631063
-0.4714655401644876
-1.6286954607713966
-2.075989520326715
-1.6983529961462693
-0.7979423566544455
0.08716328086461544
0.4600760247906237
0.10209943195577864
-0.8387318478804957
-1.9386104588101745
-2.7125874683438127
-2.8428609966089056
-2.3128330826872627
-1.3922323853659435
-0.4932646424143883
0.023762731562030126
0.0012383058388110157
-0.4720299011961373
-1.1302717528594286
-1.66602619818
-2.08681464437
-2.1009762462
-1.78403836
-1.28095533489
-0.726491841089
-0.1990477428
0.276878332717
0.695270221524
1.03287368044
1.24083630181
1.2696762068
1.10963386456
0.817079194135
0.505299807784
0.299608722089
0.279066725694
0.436810111063
0.682169433222
0.885376915494
0.942347554989
0.825865615157
0.59665641824
0.369187248053
0.250809089092
0.28619897903
0.435209783063
0.593917455185
0.646242464099
0.519021540986
0.213874265231
-0.196778685839
-0.603199480143
-0.901519146468
-1.02543363693
-0.955140455112
-0.706514632102
-0.313470094792
0.183118564151
0.734618660203
1.2770828848
1.72779157508
1.99427625721
1.99557563493
1.68676036351
1.07493032823
0.219808534894
-0.778766029072
-1.79725061626
-2.70002422345
-3.34537843523
-3.59453734523
-3.33568871524
-2.52745158316
-1.25020791706
0.261447579616
1.63503890883
2.44023497348
2.31829548405
1.11682168419
0.3018810365986013
-1.0464186435697371
-2.36293527211
-4.45970735213
-5.65247062943
-5.90397566144
-5.45011697878
-4.67114876356
-3.92046222603
-3.39036890347
-3.07278982296
-2.82313117492
-2.48368644306
-1.99579202076
-1.44155816197
-0.999075535464
-0.844868095784
-1.06542027012
-1.62959036624
-2.43156173078
-3.36524903643
-4.36678464443
-5.37994662024
-6.25316352403
-6.63564579485
-5.96621648193
-3.61791577968
0.818608577919
7.22162358196
14.7553388372
21.9524503872
27.0933975318
28.773226134
26.437483005
20.6502136022
12.9506899036
5.32724017029
-0.489813077435
-3.62249843409
-4.27346473656
-3.49514890839
-2.61575972828
-2.59653582506
-3.62426914125
-5.12560656913
-6.17940859737
-6.10275682873
-4.89592369777
-3.30035680001
-2.42138510498
-3.09739780975
-5.34306764036
-8.17735307287
-9.9684270226
-9.17026082543
-5.11571044116
1.52337498667
8.86238895102
14.5017031283
16.5066227728
14.2330411748
8.61779596961
1.79020710178
-3.82854276273
-6.5349346161
-6.0083379802
-3.34019233099
-0.432207604889
0.939944396948
-0.0473059611059
-2.93096133506
-6.25800192902
-8.34984496955
-8.1537037898
-5.76863649272
-2.40033553289
0.221708840191
0.674671803664
-1.0594310839340864
-4.651973302292305
-8.516039823910575
-10.957709527625951
-10.933508758951788
-8.485483078314502
-4.669600065517031
-1.0374311060797936
1.0656416644952884
1.0543658872044261
-0.7298632322159619
-3.281284093832724
-5.4590061344912755
-6.510660337863882
-6.346209486954237
-5.460804943401698
-4.585111341621527
-4.26678980754464
-4.600547787025604
-5.22856480766184
-5.584736168259823
-5.233811818246451
-4.119948878339343
-2.600360605521459
-1.2599450122177558
-0.6159809129622289
-0.8705505273989047
-1.8321309544812863
-3.0319510711043733
-3.95951854343258
-4.28825770643
-4.30557504207
-3.88620703585
-3.3092702193
-2.77008954794
-2.30340933343
-1.82454251529
-1.2469535571
-0.591212424182
-0.0100125128401
0.290645443302
0.186776267868
-0.25794380507
-0.789385479706
-1.07789438305
-0.895154986652
-0.255091019164
0.566948134664
1.16026482447
1.19395559359
0.611105133256
-0.305028638109
-1.03911533102
-1.08380341519
-0.198636319912
1.44069532961
3.28203164145
4.6144853991
4.86728188102
3.85354905925
1.84963121861
-0.521125909385
-2.54074449086
-3.6675775529
-3.70885004132
-2.83310644466
-1.44011619323
0.0318645145679
1.26528680787
2.12586334021
2.62535150295
2.83362786064
2.80618715
2.56952975214
2.16039030297
1.67543208013
1.28020767986
1.15436917919
1.3965164996
1.94713775789
2.58799137132
3.03747850421
3.10402901779
2.81640934273
2.44895832737
2.40700020176
3.01194343027
4.28828140014
5.86978066917
7.09589176244
7.27973027396
6.0382574525
3.53009919407
0.473787507069
-2.08842526041
-3.19891059342
-2.39582005242
0.0561318333812
3.2287598291
5.87627882447
6.92833967166
5.926387159
3.21903331437
-0.168292061207
-2.93786088302
-4.03287380951
-3.05079890831
-0.392586552196
2.90577342918
5.58417773419
6.64349387983
5.71479437842
3.17695885221
-0.00950904091886
-2.67566416493
-3.87561053678
-3.2167319641
-0.977547958643
2.01383605888
4.68199495232
6.07151065235
5.65188768089
3.46469332246
0.0778721288969
-3.62210488706
-6.72010470701
-8.54480437716
-8.83862869065
-7.78057097369
-5.86938642316
-3.72060439745
-1.85558348201
-0.556739798082
0.167446226677
0.508951249981
0.721344494614
0.980916658645
1.30749494536
1.5741568364
1.59357976328
1.23480889615
0.512725217007
-0.392088123711
-1.19115166801
-1.59533588818
-1.42217550383
-0.657210465552
0.551924477071
1.95728002809
3.29313800675
4.34075724509
4.95360040308
5.04756864669
4.5808140006
3.55002288848
2.01374366014
0.128618019967
-1.83305449639
-3.51405198922
-4.55837437538
-4.7278293283
-4.00022309297
-2.59949004365
-0.933652754813
0.542378038463
1.48553054276
1.77812439398
1.54793469586
1.08840284103
0.718008517582
0.64435698077
0.893261638208
1.32908592633
1.74740932299
1.98762609783
2.00775801192
1.88800318217
1.7693841234
1.76761420547
1.91226663451
2.143176496
2.36085494095
2.49577898129
2.55083814767
2.58792188304
2.66413011098
2.75568867176
2.71936066284
2.32429379975
1.34996241115
-0.29208776392
-2.47281802764
-4.84393879518
-6.92937230217
-8.27563516259
-8.59913917073
-7.87064546047
-6.30744206715
-4.28604906331
-2.22074887018
-0.460547563878
0.761978360291
1.32919262771
1.2104405203
0.440352993582
-0.879437498754
-2.56410651485
-4.34268705993
-5.89439978146
-6.92783895563
-7.27640184581
-6.96447459516
-6.20497565335
-5.31947837871
-4.61199017066
-4.25436084879
-4.23866841649
-4.41891612278
-4.61740125122
-4.73566353216
-4.80656750728
-4.95647791959
-5.29826022377
-5.81858604188
-6.33167038294
-6.5387393754
-6.17385654736
-5.16358727099
-3.71092722216
-2.24562580377
-1.25000976094
-1.03770388434
-1.59512936437
-2.57209195877
-3.43681279007
-3.72700313374
-3.27546374969
-2.29572828721
-1.27973315068
-0.753404909081
-1.00976620901
-1.95383437224
-3.13988018284
-3.98548300025
-4.05690313955
-3.28303900911
-1.99057612944
-0.743387020958
-0.0684787914759
-0.207520504517
-1.01780508829
-2.06751818406
-2.86900737255
-3.12367340004
-2.84992041823
-2.33190014332
-1.92548929029
-1.83549018531
-1.99219582504
-2.09830183982
-1.81980808835
-1.01073703924
0.161596969016
1.27183986535
1.85289071473
1.65958146975
0.831491711104
-0.146170404594
-0.677954113872
-0.374092579346
0.72137105311
2.12158932207
3.12706493006
3.18603788638
2.19882803605
0.598857716589
-0.846541984991
-1.42516004176
-0.861307979638
0.515223721832
1.91578350246
2.49568132944
1.81352655868
0.104762160816
-1.7899505537
-2.82884166657
-2.31690499453
-0.32000960696
2.283002767
4.1688612858
4.20767055956
2.07222556145
-1.48529094985
-4.8503259353
-6.18959211921
-4.24884845716
1.0507232642
8.49168072946
15.9795131943
21.3260370906
23.0620268166
20.9385954952
15.9239824368
9.72983154073
4.10136449717
0.188865813638
-1.1502338131774223
-1.0245623011079488
-0.300211774946
-0.309282132709
-0.747979151192
-1.43212072622
-1.92605497311
-1.86488347699
-1.19127446803
-0.190430201954
0.673715696343
1.01290970401
0.713825665321
-0.0205932801417
-0.797029286215
-1.24464932301
-1.19625518961
-0.747645041703
-0.178935039846
0.203816218626
0.213887055582
-0.156136324206
-0.773809816001
-1.46170298041
-2.07988545276
-2.54974009998
-2.82197424738
-2.83416252504
-2.5099108331
-1.81764866078
-0.854657758073
0.11219912469
0.706008375231
0.599717434874
-0.294558355
-1.71808817411
-3.12823939448
-3.93579754982
-3.81694053903
-2.93430753625
-1.92049282859
-1.58422670563
-2.448179832
-4.34127455691
-6.27972761537
-6.75874968685
-4.38345778907
1.4164736949
9.92300202237
19.1739012025
26.560898925
29.7742859029
27.7102050261
20.9472235689
11.5698440782
2.39614665532
-4.07186859356
-6.53506030853
-5.25689392721
-1.77096253082
1.89854542851
4.13157986525
4.32122419509
2.95256795106
1.16890770355
0.0815382916108
0.182168363148
1.14051655701
2.05955835166
2.02651231324
0.655989268127
-1.66072545335
-3.92490045467
-5.02426457181
-4.29438673692
-1.86244011315
1.39495074531
4.25075251396
5.67894706504
5.28756701606
3.43412565686
0.991172972054
-1.09687709466
-2.23267218378
-2.35942432937
-1.85967264453
-1.24783426191
-0.845118877717
-0.618383526995
-0.26018136997
0.553277338684
1.88832648202
3.43089306538
4.59199163346
4.78808784959
3.74293769509
1.6438763898
-0.935270342637
-3.30489757723
-4.97885367095
-5.87188436294
-6.27347778707
-6.62051450699
-7.20245021463
-7.9695870459
-8.5565293252
-8.51079825968
-7.59789701243
-6.00502779604
-4.31514356653
-3.24645859583
-3.28421761536
-4.39949783105
-6.01474421304
-7.25274389365
-7.35749645911
-6.07973597581
-3.82871734011
-1.50364173337
-0.077464298216
-0.13195647646
-1.57102501508
-3.65422688182
-5.33645967472
-5.75103690396
-4.60570719542
-2.30697758262
0.237608855325
2.03527973558
2.43997003432
1.40227609264
-0.56210573391
-2.64556874495
-4.11446119341
-4.59137534436
-4.13860372053
-3.13790549459
-2.06045323371
-1.25825103079
-0.871843783935
-0.867388835297
-1.14032070947
-1.59642852838
-2.15546474457
-2.69123694505
-2.97858915318
-2.72288615751
-1.69485210414
0.0864179842823
2.23571968773
4.05399300132
4.7762766733
3.92903164187
1.6273744233
-1.35847767278
-3.84491871346
-4.71311785266
-3.42086149935
-0.303827605679
3.49916043265
6.49308876985
7.4613743119
6.00175655564
2.70983494805
-1.08524530688
-3.91764161464
-4.83735844035
-3.81043439372
-1.67654717035
0.31391599941
1.15696745763
0.623820534122
-0.600788694088
-1.24432507022
-0.084188389499
3.4074432181
8.72248174523
14.4469569808
18.807212371
20.383519429
18.6694125672
14.2347768202
8.44055353611
2.85857077148
-1.32698010781
-3.67388640804
-4.46595553023
-4.38606939165
-4.07865844559
-3.83268709405
-3.52929802395
-2.84590523006
-1.57294510849
0.150502743865
1.81959422226
2.77520002955
2.52688778959
1.01090313328
-1.35582988883
-3.85356732477
-5.77435107644
-6.70947394209
-6.66659997179
-5.96990200066
-5.0150386108
-4.02651316692
-2.95754498611
-1.58726520606
0.245632246725
2.41578177982
4.4363770735
5.60306512448
5.3027180263
3.33678264334
0.0887444019858
-1.7269653467384103
-2.902785751156557
-2.63683800997
-2.60989056924
-1.28488947151
0.526458817177
1.96336740325
2.48355299911
2.05229527641
1.07681985097
0.137699816603
-0.334003389682
-0.266698910529
0.0549597302248
0.191400048978
-0.170801658765
-1.01480200154
-1.97824499859
-2.53603373706
-2.28404574111
-1.17246107312
0.43724688378
1.92643529589
2.70996989649
2.51786262942
1.52579350609
0.268282666212
-0.622604077821
-0.723224255613
-0.0180546622876
1.10345352234
2.04783520037
2.31402149358
1.73806041113
0.567852161019
-0.664020389184
-1.40161941934
-1.33003248433
-0.514767939934
0.646111619206
1.62558734728
2.02093917016
1.73134027179
0.97779408686
0.165239541954
-0.335265310488
-0.370715630064
-0.0658750497345
0.264972666159
0.301523388758
-0.102869159668
-0.838592138242
-1.59431016499
-2.0167652086
-1.89058763195
-1.24489554733
-0.333926329287
0.494002012343
0.966471384067
1.00381186622
0.720652141879
0.313822120657
-0.097242418279
-0.58065389404
-1.37681771123
-2.74655360085
-4.74892770625
-7.06596400761
-8.9866978682
-9.59944986613
-8.14408879918
-4.38915228642
1.13539178873
7.17876212704
12.1089092391
14.4504236892
13.4253275867
9.28145818294
3.26245622352
-2.79186693887
-7.07880493928
-8.46498026729
-6.87567821247
-3.29003122101
0.655589342461
3.29898548184
3.56945314192
1.35135266721
0.5781526485844779
-0.5024631571984344
-0.54911725405
-1.92750441307
-1.47474632459
0.0996471210628
1.75686016038
2.61112371412
2.29942511991
1.08485340939
-0.33244544294
-1.18979859609
-1.03731398401
0.0601599661892
1.5781256215
2.80335674962
3.17995291143
2.56171140605
1.25565331728
-0.152113883361
-1.09145972255
-1.27398548876
-0.801863489585
-0.0766770245227
0.432858270719
0.437731271804
-0.0370729593904
-0.69349986084
-1.1451165332
-1.13990771991
-0.699337674233
-0.100707859292
0.283512228774
0.198106863583
-0.34905360277
-1.08851513776
-1.63724048227
-1.71114080345
-1.28386154088
-0.602365850768
-0.0487553805934
0.0760385576166
-0.27474379139
-0.864251859972
-1.30791432872
-1.30243329538
-0.81826104364
-0.139228714428
0.286524592093
0.113546121393
-0.66153983766
-1.63249546219
-2.14945096195
-1.65510963581
-0.0255160140413
2.27233528327
4.31651811525
5.12622055108
4.14372037678
1.56514960078
-1.66360633456
-4.21775031802
-4.98274854905
-3.59346922568
-0.659214253983
2.45533398054
4.21789960038
3.62971950497
0.718132216392
-3.41741893474
-7.04490385946
-8.5404651031
-7.10373122512
-3.12762070916
1.94343282845
6.20283465763
8.05571113402
6.83803268022
3.02124655425
-1.309893206689452
-5.319495222451408
-7.807474274174439
-8.365102194568081
-7.384647736608002
-5.719433256706239
-4.196332024825281
-3.2319497688249186
-2.7269896893550367
-2.256595528520876
-1.4209091292900524
-0.1468456941249343
1.2279823454622942
2.1313769033193637
2.0906525677381893
1.037017940742075
-0.5913782631891138
-2.01227110655
-3.16294206771
-2.93393967225
-1.49709430921
0.480070566951
2.14220282107
2.83527021835
2.38816149528
1.15591920404
-0.185095114901
-0.978361176895
-0.892045615382
-0.0425822625852
1.10958215375
2.02255705297
2.35018990904
2.09330536479
1.55896833857
1.16520335511
1.20574490273
1.70152275969
2.41014706257
2.97498879106
3.12152512165
2.7896036123
2.13381365132
1.40328001881
0.781166603161
0.284185424779
-0.216985552724
-0.870818881742
-1.69335617899
-2.49326371698
-2.93372177027
-2.71118171111
-1.75676977892
-0.34132709051
0.992623035252
1.65857365412
1.30921857557
0.0298542741872
-1.66858080708
-3.07051692807
-3.59329087217
-3.07638155275
-1.87217373646
-0.681555936407
-0.205414773085
-0.780713910012
-2.18571686328
-3.72136699206
-4.5406215476
-4.071119162
-2.32322565288
0.0753628470047
2.14703858213
3.01362647018
2.3139762945
0.385487214558
-1.88463598077
-3.47378331779
-3.70885204651
-2.58857729276
-0.78472220918
0.684091435734
0.954750118836
-0.239668090296
-2.40280783128
-4.46672437336
-5.25999909642
-4.04073505754
-0.852381203466
3.45823859524
7.56737267792
10.1979550282
10.6097516267
8.84865585924
5.66300501362
2.14561809711
-0.723695981565
-2.43006861886
-3.02895338466
-2.98717015228
-2.86352940675
-2.99705998577
-3.35167755792
-3.57854738184
-3.24736000862
-2.11869318047
-0.316901978238
1.68166643146
3.23730993699
3.82011110472
3.2384247363
1.71885883939
0.2506989539182456
-0.9786699705311861
-1.5032378202098755
-1.1911688599217314
-0.26141300563078573
0.8463225426140042
1.681062771900102
1.9740479124499757
1.7357804794621927
1.223999849421432
0.8069636888229041
0.7878101335922736
1.2661432230581937
2.0916027238756385
2.9232591315874146
3.3664844465223354
3.131615525439031
2.154393515005296
0.6354315034182747
-1.013739503078071
-2.29854784563
-3.23655299283
-3.18568845749
-2.22492314928
-0.698711647926
0.888591604998
2.03268524886
2.39228138657
1.90021959946
0.782924806626
-0.521355860755
-1.51914065755
-1.83807746806
-1.35848404138
-0.25038522277
1.09843120126
2.23539207618
2.81664874581
2.73193659099
2.13131627296
1.34492947806
0.731565954622
0.521498041066
0.720755710689
1.11686846297
1.38181037313
1.2257618888
0.533725567166
-0.574709213637
-1.78796743948
-2.72812685549
-3.10454470636
-2.8292952109
-2.0460984563
-1.06285686223
-0.219682545242
0.248901585526
0.298370895603
0.071264329275
-0.187711807924
-0.257302157532
-0.0480064028886
0.355814184645
0.738372772715
0.859613729511
0.578264076949
-0.065363084834
-0.845623146859
-1.43137607814
-1.51757467761
-0.953977726972
0.183188720654
1.6073882201
2.92019041536
3.75259401941
3.89287049241
3.35123866523
2.33888907816
1.1746574697
0.161552484343
-0.51484770692
-0.827073776326
-0.875753066477
-0.811154632201
-0.748667244721
-0.719892474517
-0.680385026133
-0.564767384643
-0.354928078574
-0.119779551551
0.000436834468644
-0.137209488382
-0.589306738788
-1.26439205509
-1.92779145582
-2.28262387507
-2.09903681172
-1.33622329791
-0.198537706665
0.908493317434
1.51391860538
1.25866448649
0.042426693976
-1.5701807277287116
-3.4714781949108016
-5.112913159482588
-6.047669159917646
-6.075995764393696
-5.29034445489863
-4.008888335543901
-2.633201343262911
-1.4952593917472399
-0.7579698834993849
-0.40389279326034
-0.30361219593500266
-0.31913301742433475
-0.3853887372897731
-0.5292017580275541
-0.8206990456220211
-1.2889588692680576
-1.85315744061
-2.58168065436
-2.95002980771
-2.7581541341
-1.96980322196
-0.762129662091
0.513436509205
1.44983402623
1.73641451086
1.28119640351
0.250903653482
-0.989730566861
-2.01585085106
-2.50211138969
-2.34032342858
-1.66961726326
-0.809900070815
-0.128093704017
0.108067837128
-0.168540240131
-0.804944842558
-1.4943232548
-1.89889788928
-1.78043463396
-1.08889899807
0.0222012833322
1.25667377695
2.28736025507
2.87559127296
2.95375260245
2.64110109882
2.18838286483
1.87367551383
1.89044180745
2.27200390339
2.88279061062
3.48035829799
3.82309231864
3.77830836831
3.38323881432
2.8294778664
2.37375478081
2.21145891843
2.36931995997
2.6697887451
2.79146211482
2.40789193776
1.34920587646
-0.285151371885
-2.11927408073
-3.61406546029
-4.26373492523
-3.79891897764
-2.31149748644
-0.244492590415
1.75529466309
3.06686856164
3.31637242344
2.50221444551
0.975897633396
-0.709507426448
-2.01731428441
-2.62105799605
-2.49842396305
-1.89579707226
-1.1902371957
-0.716663153195
-0.636481142688
-0.898228043438
-1.29506821278
-1.58056248746
-1.58278153729
-1.26552664411
-0.717248835889
-0.0857292566759
0.499184101745
0.972384501091
1.32945861918
1.58232806321
1.70803977554
1.62713693671
1.23015431318
0.442172458979
-0.708380670595
-2.0565571111
-3.32810735147
-4.22299119922
-4.52286715816
-4.17667147373
-3.32613848468
-2.25846879532
-1.30438803111
-0.722412455214
-0.614624651622
-0.904695606796
-1.38271767186
-1.79539505719
-1.94472068182
-1.75827104094
-1.30770228014
-0.772177381629
-0.362413091653
-0.233015916268
-0.413469466433
-0.782178405019
-1.09553241807
-1.06769666788
-0.479914803753
0.715327458888
2.33482864545
3.98136177894
5.14587266284
5.37307178835
4.43824494662
2.46796194983
-0.0525041739881
-2.40570934941
-3.87127484599
-3.97971753056
-2.6927333091
-0.431485534781
2.06971350309
4.03564379386
4.94309881865
4.71402979584
3.72478882644
2.62277437993
2.02513522805
2.22865173238
3.05964978523
3.93545122937
4.11775869753
3.05293763593
0.652505934412
-2.61126102376
-5.84321803188
-8.04677617426
-8.50097936745
-7.04157917025
-4.13441798795
-0.714867503236
2.13934907792
3.57229811479
3.21441469394
1.25885316818
0.025965297620871297
-1.3497451243002843
-2.141879342703163
-1.92377907827
-2.40062009148
-2.06579113843
-1.33367221505
-0.612657645405
-0.179661159089
-0.126336970061
-0.376097496281
-0.749135195655
-1.04528422561
-1.11851773357
-0.925416669071
-0.537933850992
-0.117399577679
0.145684037531
0.111163127939
-0.237815346936
-0.759725298333
-1.18187160627
-1.19301539775
-0.574952189746
0.678137018173
2.30928593314
3.85301805215
4.78771221208
4.73326225176
3.61341373727
1.70889900403
-0.430379948816
-2.18507740441
-3.09712079493
-3.0330533162
-2.20908496385
-1.06842851123
-0.0689817368399
0.519325758817
0.713739527132
0.771225396448
1.02275370922
1.67548400204
2.68421907023
3.75816473653
4.50031832666
4.60888386261
4.03725955066
3.02847800645
2.00252212198
1.34972825961
1.23287191436
1.49907038266
1.75010866978
1.54164235425
0.6165968169
-0.941416820403
-2.71247139041
-4.10540011904
-4.60955758922
-4.01769211022
-2.51815258454
-0.616545319584
1.07362237602
2.07330280047
2.20505594395
1.61782616708
0.672438306722
-0.245061025442
-0.887966977931
-1.21781592303
-1.35903596953
-1.48006739294
-1.67483436968
-1.91016849302
-2.06214486437
-2.0121008349
-1.74012269048
-1.35729587967
-1.05493887462
-0.998101404365
-1.22420445416
-1.60699571502
-1.91110602483
-1.91236806677
-1.52118328351
-0.841712279918
-0.131754598409
0.319699823723
0.335800831537
-0.0581702610595
-0.645981716518
-1.12840724219
-1.27275672495
-1.02633617872
-0.534397762582
-0.0529767261215
0.197362129379
0.158675815786
-0.0259002933336
-0.0864525482649
0.22183085607
0.966626728211
1.96671114466
2.84240430607
3.16936124724
2.66446439798
1.31525335641
-0.045162579619741905
-1.542031755452257
-2.748533700267174
-3.4144105351569323
-3.5396591810311833
-3.329803608973805
-3.0638619973391172
-2.9463854721090996
-3.017477508257599
-3.159859120577437
-3.1893046669063523
-2.972167034211651
-2.5030499574847056
-1.9013474958712777
-1.332426810788661
-0.9017294203055002
-0.584986398406
-0.858157821791
-0.920313857353
-0.672567813777
-0.17734383778
0.347149545296
0.623587339955
0.459064179343
-0.137291686117
-0.926990198107
-1.52723986518
-1.57505502869
-0.896222086152
0.400500105228
1.9503256592
3.27092447123
3.95124240059
3.80706385229
2.93678556173
1.65835165815
0.362739920595
-0.645226642915
-1.24746526532
-1.51607322288
-1.62953192523
-1.75166280875
-1.93643257417
-2.10348660766
-2.09085297749
-1.75274259939
-1.05045917652
-0.0913061429681
0.901500936741
1.67097547863
2.02077106154
1.88022703777
1.31620773846
0.494521286822
-0.384757661446
-1.14700553491
-1.67592058054
-1.91565573108
-1.85453213179
-1.50886949568
-0.919914875363
-0.164324978554
0.632834027491
1.29755250705
1.62852609522
1.43970489658
0.61183376609
1.3722550033667744
1.606390224564663
1.5560894503983462
1.54238161881
-0.290722281056
-1.47268728995
-1.85319343695
-1.45651270972
-0.489447713334
0.700861282598
1.71775416888
2.23486727997
2.10809887779
1.43581409306
0.534003978827
-0.178019187604
-0.347725119928
0.149349255601
1.12889263806
2.14453694016
2.65804692067
2.2723987587
0.930783956254
-1.01159370342
-2.88888204502
-3.97181352482
-3.76572513677
-2.23387251939
0.155470406497
2.58846515463
4.21338994215
4.47154204838
3.31281340378
1.20480963811
-1.06725390914
-2.72259772632
-3.29040596011
-2.77100373949
-1.59178570963
-0.388905678097
0.279709368337
0.160598207523
-0.623470600496
-1.67387305133
-2.52717377709
-2.87021391
-2.66050669617
-2.10683849954
-1.53543884614
-1.21905593392
-1.2557550508
-1.54991377654
-1.89050576039
-2.07250861862
-1.99113010194
-1.66164590745
-1.16488107043
-0.562313713995
0.159139968161
1.07281820203
2.23310831484
3.57898209072
4.88435320292
5.79860808369
5.97277163333
5.21726064167
3.61348695231
1.51810265264
-0.551393098988
-2.10263128562
-2.84241119472
-2.760235195
-2.08738238823
-1.15919924344
-0.255071123885
0.501955553381
1.13962247045
1.73858862684
2.30774690108
2.71374391778
2.71554588763
2.09435548596
0.810704586389
-0.903232441509
-2.58184812636
-3.69539502618
-3.87942812873
-3.11361245062
-1.75434932353
-0.39186868997
0.411343668919
0.380675094329
-0.33877183417
-1.2492269289
-1.74261045968
-1.40765412553
-0.254839011119
1.25378314929
2.39265990698
2.49742881753
1.2771590341
-0.5959619217074277
-2.8790986644243475
-4.7301547296715825
-5.49997280110945
-4.999092938188852
-3.556348777319471
-1.84729914795642
-0.5772489272791574
-0.16881495147264047
-0.597395488065203
-1.4439718307118028
-2.1299697057844753
-2.21401396387418
-1.605346783525718
-0.5938692704957731
0.31136055258062356
0.6502200295364702
0.25175984555561115
-0.671036944712
-1.98126585822
-2.75985379948
-2.6624756651
-1.71686667444
-0.30986681677
0.991025664822
1.69414033926
1.5968638433
0.858868942752
-0.0923445417352
-0.772204593535
-0.863334939172
-0.349675499718
0.495784954753
1.25509046811
1.5669445154
1.2901983295
0.557759047845
-0.295243684904
-0.887000909919
-0.952405116867
-0.442402155588
0.476265048051
1.50820846026
2.35430474093
2.81624487648
2.84163338746
2.50447663711
1.94600245692
1.31276269466
0.719873056873
0.245545664514
-0.0570571213513
-0.151697560375
-0.0271574565812
0.283072795466
0.687817635009
1.05095542942
1.23522472675
1.16215794338
0.858647417496
0.461675537308
0.170734422544
0.164040323615
0.515825111158
1.15563045409
1.89313501979
2.50111092406
2.81971188802
2.83253406774
2.67604044785
2.57446701546
2.72785779851
3.20420710064
3.88633175274
4.49999861048
4.7133926087
4.26641810853
3.07610752087
1.27646243004
-0.819389081058
-2.81439809925
-4.33949586716
-5.14124598157
-5.12166535877
-4.33084641689
-2.93117101657
-1.15591474503
0.724442360796
2.42952049728
3.70040206098
4.34260527649
4.2750184614
3.56464591892
2.42228228804
1.14549702271
0.0194925226737
-0.788275908737
-1.29204102608
-1.6737699113
-2.18727161437
-3.01628418945
-4.15036307018
-5.3423288234
-6.17949094686
-6.24983614295
-5.3367829464
-3.55534322647
-1.36090970346
0.586198810029
1.65386317236
1.4762141769
0.0971155519802
-2.04302064793
-4.27329895081
-5.942362664
-6.64850913235
-6.35711845337
-5.36437551864
-4.13457219947
-3.09158349708
-2.45937805628
-2.21644098456
-2.1706171048
-2.10311534652
-1.90111876348
-1.61079103693
-1.38869895108
-1.38526034951
-1.62998834345
-1.98655283687
-2.20720224527
-2.06113058543
-1.46893723147
-0.56826933285
0.331156656358
0.887835560046
0.896823404429
0.399748827416
-0.324814772809
-0.893471551391
-1.01229753603
-0.637331391697
-0.0167251742752
0.41500773406
0.247447335888
-0.688580499839
-2.20387861378
-3.79698417108
-4.85053367291
-4.8924245205
-3.8030112589
-1.87254104129
0.317927798875
2.13668809053
3.15158175594
3.27715519191
2.75799362305
2.00801887225
1.39428103639
1.07659343462
0.980306817403
0.906502049352
0.709786096413
0.437389415673
0.343971572673
0.764467854404
1.90743546071
3.68119119811
5.65653032164
7.2045195554
7.75723826549
7.06968594785
5.35012309425
3.18314940327
1.26954142798
0.100703709444
1.7924833425589526
3.863355889746998
5.648273389574783
6.582823411271647
6.52452058208
3.39220173604
0.497064403579
-1.27942291776
-1.40294041646
0.0456346706597
2.37474666952
4.56574111724
5.70825561272
5.38488156155
3.82404064079
1.74999084907
0.00525409484864
-0.867771173552
-0.878464076942
-0.547472791087
-0.595049883417
-1.51832920796
-3.2792890848
-5.27571641416
-6.62774037126
-6.64918020125
-5.26733556023
-3.16307601361
-1.52740335132
-1.51606121591
-3.64248150092
-7.40216967387
-11.3365547247
-13.5539198977
-12.513410642
-7.74307423166
-0.17041350285
8.10348745067
14.5214246027
17.0015447852
14.7082043827
8.35028369406
3.6189719998259733
-0.7488791563489912
-2.68709545734
-4.52142557013
-3.27413504277
-0.277018041196
2.78692501861
4.5905691883
4.62806667328
3.2734570199
1.45767352869
0.151628347313
-0.0920219668378
0.660463052278
1.84148037817
2.7258223987
2.81266035689
2.05848557783
0.862504781813
-0.166140646262
-0.526848641481
-0.068279513212
0.961444913254
2.06597350261
2.76434372189
2.82856408123
2.37882589802
1.79816805636
1.52064689464
1.80686802664
2.6202646037
3.66030235539
4.52643882098
4.92173612015
4.78939519367
4.31489884079
3.79877101792
3.47228871609
3.35671842765
3.24242256886
2.8009076476
1.77330859378
0.138168214227
-1.83015522119
-3.64809263609
-4.81903695471
-5.04945747642
-4.38422941061
-3.19733994716
-2.04080186108
-1.41909842586
-1.58873526061
-2.46850473801
-3.69397331076
-4.78493741142
-5.34726692409
-5.22114312351
-4.51803940091
-3.54234202974
-2.64420351903
-2.07526538832
-1.90914236032
-2.05178659008
-2.32273334741
-2.55812343005
-2.68306061181
-2.72309166395
-2.75898619878
-2.85744655118
-3.01931223973
-3.17347634191
-3.21769050907
-3.08154495075
-2.77543390987
-2.39740859962
-2.09242958654
-1.98351801087
-2.10889145525
-2.39635147114
-2.68793445573
-2.80367256239
-2.6152462415
-2.09680497116
-1.33223402678
-0.479028996136
0.291820330641
0.851986555687
1.14541405261
1.18423625606
1.02084436991
0.715811357849
0.319692446266
-0.124628766172
-0.566505216858
-0.93524542612
-1.14568317618
-1.12517869999
-0.85108121234
-0.377994023671
0.164572059955
0.610897514984
0.822394757851
0.748885748883
0.457859892524
0.113285360549
-0.0922856275899
-0.0255991078344
0.318806264796
0.804067419023
1.20333263828
1.30195293176
1.00754860175
0.417904653207
-0.189408761451
-0.450382852444
-0.059433085389
1.09085907755
2.83422434149
4.75583371322
6.31518426934
7.02395972609
6.61253894709
5.12198919088
2.88736002912
0.42090791223
-1.4716316364890787
-2.7052041921850503
-3.145351870146854
-2.8876088607109693
-2.1727161539114945
-1.2692140551700533
-0.3769384951909558
0.4118065928585679
1.0885715074722668
1.668780201441436
2.1367657166812677
2.429684726645476
2.468985214770754
2.21898071179
1.39064242826
0.477604469174
-0.326734722474
-0.86823564704
-1.1046199962
-1.12492987921
-1.09786326363
-1.16849670479
-1.35431697431
-1.49931676271
-1.32235458967
-0.551327672371
0.911580578587
2.87291780273
4.84676314517
6.19046894661
6.33652511656
5.030221098
2.47014837142
-0.718325730398
-3.67953418173
-5.62423116333
-6.11078613584
-5.19719280952
-3.40124747449
-1.48504128587
-0.152586817221
0.21562095854
-0.31490819555
-1.29681729862
-2.11623749191
-2.26242758155
-1.53709931742
-0.120620320084
1.52246302111
2.84753065404
3.45055991842
3.21329324001
2.32107390619
1.16008183168
0.150186364217
-0.410816411519
-0.431476983652
-0.0188921819511
0.599450770198
1.17719913725
1.52794717562
1.55749212777
1.25441857014
0.663003405811
-0.136839739806
-1.03289765196
-1.8768598104
-2.4932306928
-2.71501518774
-2.44164534517
-1.69479704911
-0.639850752618
0.448358289197
1.27106985738
1.61039859014
1.40743641483
0.77650732403
-0.0526685201351
-0.838005357911
-1.423209551
-1.7827502672
-1.99244320841
-2.14388829406
-2.25245661161
-2.21477270055
-1.84782404574
-0.998664948205
0.327316267828
1.88872974992
3.23286430646
3.82886954083
3.26281475312
1.41371848448
0.7885842488881281
-0.30853740531310336
-1.1848060951587343
-1.24361628652
-2.42338441768
-2.51063475081
-1.83689585121
-0.865792962547
-0.0100879348194
0.497587716671
0.635826584529
0.532082270691
0.353126423537
0.209349281014
0.117200225787
0.0272117248823
-0.111242257531
-0.294128219001
-0.451487741297
-0.486754135111
-0.341134390239
-0.0419312810149
0.297475443505
0.530272126824
0.554578971679
0.374006690597
0.104481097787
-0.0804077650332
-0.0396651572512
0.255779127808
0.697340045174
1.08245082734
1.20759322796
0.964788781132
0.393598690614
-0.336454884392
-1.00251639605
-1.42410463647
-1.53014756587
-1.36712930183
-1.05091648499
-0.694606655659
-0.355166101511
-0.0273321018152
0.317115396723
0.675190396011
0.98389432602
1.14160620032
1.07224161229
0.794407575355
0.44818212091
0.25118289962
0.394853349755
0.930308864836
1.70797599505
2.41515536137
2.70774926152
2.38023064569
1.48973010214
0.363770033331
-0.526373551473
-0.777510475581
-0.254341915429
0.822460328922
1.9517635241
2.56578488993
2.287717075
1.11268503753
-0.576211470446
-2.16832508191
-3.08948171117
-3.04630563979
-2.13688239499
-0.779029660068
0.503485596128
1.32806413343
1.61170500721
1.56700399408
1.54676392275
1.82561335267
2.43681703008
3.14944905873
3.59324952693
3.45781363445
2.65318450974
1.34255107142
-0.167689649121
-1.61077102452
-2.89935475857
-4.12731867369
-5.41912714363
-6.71029775178
-7.60191728952
-7.41369008654
-5.46397460317
-1.47546386724
4.09070036272
9.97395533839
14.4252674998
15.8176894777
13.3235811483
7.35764809933
-0.445784799252
-7.76539101814
-12.4522024311
-13.3696013558
-10.850573491
-6.55544208187
-2.76628982221
-1.40368632431
-3.18374415756
-7.28467273294
-11.678212799
-13.9942572581
-12.5532241596
-7.12475292083
0.91244098166
9.07751125945
14.7448970963
16.1492120016
13.0249539
6.6351271221
1.9678909532105564
-1.437107603220369
-2.04828242384
-2.46020412834
-0.617962635447
1.98950701378
3.91867345802
4.33045830698
3.20767710706
1.1929743607
-0.820761102405
-2.12657088894
-2.46817634415
-2.04573420122
-1.31025140803
-0.686811647186
-0.377326050242
-0.327512521171
-0.343122151973
-0.262355290058
-0.073401524172
0.0885654476751
0.0524228185697
-0.247447577756
-0.693213244133
-1.02365632279
-0.97569369029
-0.448929315706
0.402987518683
1.21400372061
1.56902314943
1.21029467939
0.180824886946
-0.6827834313966861
-1.3687691330578815
-1.448995685180634
-0.7726778722217063
0.4552549003790318
1.7593101671922255
2.6027506595761167
2.623978905790281
1.7927259090374719
0.41937658076687967
-0.9795545811987836
-1.8926733554788484
-2.0059154736755573
-1.2975235532391025
-0.009003160913309216
1.477163796404497
2.7865493601038764
3.662545778267827
4.002358865136458
3.8270378699124166
3.2232595187035002
2.2983003885929776
1.169209875052573
-0.02215729098504937
-1.09617178307
-2.19962397532
-2.8095988677
-2.84382882441
-2.35590237938
-1.52999063119
-0.62181234766
0.130127203206
0.582335502794
0.717605077592
0.618544273632
0.402242860667
0.154017852235
-0.104266245587
-0.398031163668
-0.751687578198
-1.14282976621
-1.49135994564
-1.69391867521
-1.6849553199
-1.48702991589
-1.21619125347
-1.03265228033
-1.05911844501
-1.31045571318
-1.67570802695
-1.96682633784
-2.011746219
-1.74310656099
-1.23358949828
-0.656254663786
-0.18935375721
0.082596017304
0.215027877899
0.367560615131
0.702490770712
1.27292282663
1.9660666151
2.54063875821
2.74637752629
2.46534068434
1.79630643676
1.02794170497
0.503403890105
0.439860202277
0.797871353452
1.27797440387
1.46049769861
1.02900869012
-0.0329006653981
-1.37862170492
-2.4168665013
-2.5696938314
-1.55386645375
0.451723888608
2.84289918783
4.82674258339
5.75567586171
5.4052969262
4.0642078946
2.39130250008
1.10712746253
0.666500582733
1.06900128971
1.8963953861
2.55409635398
2.59277300081
1.94683725846
0.96905858046
0.244131633036
0.276721355402
1.21419200382
2.74757274512
4.24410856592
5.04645900897
4.78763240056
3.56163738897
1.86317499593
0.32857658941
-0.58646535814
-0.823139237545
-0.715393357944
-0.767685079753
-1.33511404116
-2.38374301208
-3.47239586259
-3.98219855473
-3.48393164187
-2.04721719122
-0.308566442091
0.7726018323
0.381093542075
-1.68086440825
-4.7598278983
-7.5085800818
-8.40860070699
-6.45066149226
-1.67130415999
4.71563751648
10.6868610761
14.1514250985
13.7680030023
9.49361827899
2.62671813093
-4.67893891684
-10.2275377691
-12.5829297938
-11.5328214305
-8.04358528005
-3.75771225628
-0.277640954991
1.44521084204
1.36756161203
0.185479042119
-0.2518470136461275
-0.11324664930188533
0.7450847062334276
1.9092618742616736
2.714846692706331
2.6665293701132384
1.74501471648
-0.510106873554
-2.37277642498
-3.18576427989
-2.73584266914
-1.35958382499
0.226559670842
1.28113991977
1.39507190782
0.671688437246
-0.356656692609
-1.02633552386
-0.89784123938
0.01387787779
1.24962222266
2.14749225168
2.18885308721
1.27074980902
-0.23262909793
-1.64696822279
-2.31911223743
-1.91757495277
-0.5629769736
1.26815606192
3.00280320885
4.24706867354
4.92815251624
5.2319830076
5.38424874126
5.41545393406
5.06539015436
3.907405559
1.64518826291
-1.57736714177
-5.04511060331
-7.63862620387
-8.27001577833
-6.40644149747
-2.42584180861
2.40084947786
6.345338539
7.91833596351
6.52543087222
2.77127344531
-1.75885695302
-5.17701029215
-6.14540176593
-4.51753366121
-1.45505102365
1.06654750033
1.1705252837
-1.98861856087
-7.7034549013
-13.8690983269
-17.7887059447
-17.308104573
-11.7978770198
-2.54969280494
7.60539848723
15.3191948178
17.9774199288
14.6699435733
6.49079996438
nan
nan
nan
nan
nan
nan
nan
nan
nan
nan
nan
nan
nan
nan
nan
nan
nan
nan
nan
nan
nan
nan
nan
nan
nan
nan
nan
nan
nan
nan
nan
nan
nan
nan
nan
nan
nan
nan
nan
nan
nan
nan
