nan
nan
nan
nan
-0.354096280221
-0.857198614755
-1.07812213015
-0.949415817589
-0.482686425092
0.17822944747
0.772975067159
1.01651494641
0.729559829378
-0.0569535211274
-1.0816162299
-1.93741752321
-2.23232837728
-1.75799729072
-0.591793558527
0.915061931904
2.26141611357
2.98241444292
2.82306658575
1.83158604702
0.339815142378
-1.15641473062
-2.16766540292
-2.36890262976
-1.69327756235
-0.337964091946
1.30997884554
2.79638532231
3.73084908245
3.88919466352
3.26347737511
2.05080861261
0.587164965017
-0.754872061773
-1.67601827887
-2.03550185069
-1.88389617071
-1.43052572997
-0.954554828048
-0.691246141855
-0.73765355223
-1.01749808258
-1.32236115816
-1.41364214429
-1.1412393837
-0.524704742057
0.242705710356
0.872223210482
1.10631872835
0.835842041443
0.151976199953
1.36939589489
0.756328121566
0.497778908257
0.631993593113
1.01509748575
1.40248160913
1.5754791516
1.44985676357
1.11244823534
0.768989325293
0.631301563549
0.802514683637
1.21949061826
1.68188359476
1.95269506739
1.87868565836
1.4692362991
0.893951542163
0.400941036494
0.19761940316
0.353579976156
0.772049979172
1.24022694294
1.52893112816
1.48936203229
1.10045164203
0.450008920613
-0.330605736835
-1.13549273488
-1.91684298183
-2.6670326462
-3.3693252896
-3.95693360012
-4.31536955309
-4.33492925451
-3.98515800231
-3.36275119945
-2.67285399204
-2.13920615961
-1.8827142391
-1.83532349282
-1.7479205618
-1.30710669562
-0.316081960034
1.14910378875
2.69857859773
3.74677339751
3.7567015966
2.50749592405
0.256208665405
-2.29926159215
-4.26326648523
-4.90070883045
-3.95698575091
-1.79176189831
0.745090120777
2.65274345479
3.19119151889
2.18511620899
0.0840894320098
-2.24806177773
-3.91885153641
-4.39185433322
-3.69602639471
-2.3678932025
-1.16058179876
-0.66298521373
-1.013291083
-1.84405591391
-2.4833031365
-2.31164004045
-1.098875478
0.847910079915
2.8029978984
3.95680550268
3.81011679664
2.4385500356
0.495363386882
-1.058420847
-1.37960488206
-0.132073207039
2.33911001691
5.13184356963
7.1581862017
7.60024575091
6.2508703407
3.59174779075
0.579210478931
-1.7630565068
-2.76308027988
-2.35034286045
-1.03534004133
0.359804798047
1.09011074539
0.819354551893
-0.24917980616
-1.49167351515
-2.16903693967
-1.77568814362
-0.276132623004
1.87039315117
3.90010544306
5.05944414184
4.9052938528
3.46563460438
1.20274256575
-1.19139623769
-3.06931784272
-4.05286355498
-4.12160407535
-3.54512486263
-2.70915421181
-1.92678598459
-1.32268320579
-0.835169609438
-0.321035651652
0.300578840092
0.944148111963
1.34950387249
1.17672959009
0.161143453775
-1.1192789750852228
-3.053118981649945
-5.16949503960592
-6.904231155405725
-7.780281613930654
-7.556909036945058
-6.293919441794941
-4.314292208215122
-2.0887344975194395
-0.09158740590173409
1.3201581888861824
1.9718018151425838
1.8750928804083742
1.189946743388063
0.17023347363173968
-0.8871528058002269
-1.68559829417
-2.68624876989
-3.01114899296
-2.63691392338
-1.70957397921
-0.530481602418
0.516224600715
1.0839967503
0.99321626656
0.314991446464
-0.636229673402
-1.41301682592
-1.61405094606
-1.06080874514
0.107407837767
1.47086194444
2.49437618157
2.75625987313
2.14309655829
0.920703250411
-0.358036321819
-1.0762565294
-0.814487438769
0.46297452289
2.37976629224
4.29157465265
5.54076532609
5.71105598991
4.77361158184
3.06728544991
1.1321295509
-0.51963208431
-1.58794484856
-2.04639194123
-2.06807498793
-1.8716124409
-1.57974021333
-1.1699276607
-0.54101570378
0.348283239998
1.35751951124
2.14360680233
2.27301458513
1.42502621686
-0.413109364726
-2.86654355327
-5.26759403364
-6.89990761848
-7.28881803058
-6.40273192072
-4.66394980234
-2.75365534394
-1.29492235359
-0.561116454638
-0.351923714913
-0.10462339982
0.802733989672
2.69478771868
5.36057591682
8.05788158165
9.77663299306
9.65780752182
7.38777873029
3.39121804423
-1.27154315249
-5.27079045447
-7.49221403751
-7.44444796461
-5.42682573197
-2.3957091167
0.408919160912
1.92221333418
1.61932054875
1.7169332643903203
0.8735610659426953
0.0657245225815
-1.81846179383
-2.31912284078
-1.46239806931
0.293041149471
2.26121370278
3.77752863226
4.40327571701
4.02966038881
2.86753054114
1.34481870553
-0.0461926653051
-0.90533038529
-1.04427265889
-0.540301827888
0.29069983477
0.998273310819
1.15271148438
0.505469067678
-0.901557510187
-2.72479839118
-4.42196401322
-5.4414282202
-5.43076713256
-4.38133224423
-2.64473048756
-0.806703955348
0.535580940753
1.0026062865
0.571609362388
-0.4334638374
-1.49529691214
-2.13047539107
-2.08917686545
-1.44044156361
-0.510898875617
0.286632612215
0.648817594898
0.508989598967
0.0410071999043
-0.452203088519
-0.701490093816
-0.600484327193
-0.238328847821
0.172718062355
0.42807472238
0.444824426195
0.296583486655
0.1532079376
0.163315320893
0.349827336323
0.581616491097
0.641700350112
0.357482737098
-0.278561712824
-1.0678063917
-1.67372039082
-1.77104597142
-1.20261428448
-0.0633866461782
1.33331887237
2.59256042546
3.4095905684
3.69095487103
3.566088489
3.2885647011
3.08424945996
3.03070002995
3.03339040292
2.90955577251
2.52919843425
1.92879386043
1.32607680701
1.01839783054
1.21402798373
1.88878003464
2.75420955002
3.36890100387
3.34791023299
2.56752045936
1.25555567751
-0.0913493728569
-0.936219579268
-0.970870135436
-0.291872669101
0.612591389639
1.07223132871
0.550594699994
-1.07968103954
-3.43675272612
-5.76032642527
-7.22106705374
-7.27116729495
-5.87753871216
-3.53286704413
-1.04260830676
0.811569571293
1.5781702594
1.27857587704
0.334457638512
-0.38615242951610185
-0.6978363515787152
-0.43530182684844476
0.2444783736245455
1.0013986572105154
1.521608520589595
1.682657832973149
1.5933386495372446
1.500089451420024
1.6240027776688493
2.025843503386497
2.575018832360314
3.0359378811325684
3.2171614235176236
3.0929164427595452
2.8225525094617865
2.652372432562345
2.7533520956205138
3.088960220487678
3.3959597706896716
3.302136613504146
2.5289871622357083
1.0754042174235678
-0.7202369326115701
-2.2855776276013984
-3.0489389374844365
-2.6956718964766537
-1.3216220280424409
0.595233919247633
2.3968904056734317
3.5277771201164256
3.763862271772453
3.280374579708777
2.52972543918
1.63731052197
1.23024859595
1.24476104349
1.34750878263
1.1451119798
0.426898275132
-0.689606799782
-1.79124439064
-2.36842137548
-2.08175317052
-0.958869504627
0.583938563503
1.91372589559
2.4667926502
2.00896354928
0.740619822518
-0.807392852671
-2.03651731706
-2.57091932575
-2.42919360197
-1.98964447323
-1.76599252295
-2.10863017113
-2.98838631504
-3.98223422275
-4.47995387196
-4.01607973124
-2.55996202499
-0.606386931847
1.00097268089
1.45151468803
0.385792554826
-1.85161844185
-4.26311734706
-5.55923122394
-4.69314449319
-1.34392977651
3.86653229133
9.53194441685
13.9468339072
15.7299599386
14.3358754297
10.2492153495
4.78728001284
-0.403047535087
-3.94682701798
-5.20212576359
-4.4097998279
-2.49615306182
-0.634489231659
0.239660257556
-0.236973383083
-1.78817721016
-3.69431711932
-5.14022473445
-5.55409981156
-4.8007913604
-3.17228411278
-1.21203103113
0.525260487177
1.66623207919
2.0933558888
1.89823706262
1.26818835779
0.381110565075
-0.17227751418046466
-0.7637149631163567
-1.2793864598638152
-1.5641642047538085
-1.4625708858575592
-0.9120624940427717
-0.03577082576809687
0.8320779676623999
1.2292031343864522
0.743214097982019
-0.785324461192161
-3.1315752633355913
-5.70382746706
-8.07486250182
-9.21625751724
-8.81968388322
-7.08544610904
-4.65972021878
-2.38844901718
-0.988126846033
-0.773364362796
-1.55829493205
-2.7725200118
-3.73665553755
-3.97153934135
-3.40175512987
-2.36464224695
-1.42684228129
-1.09920632103
-1.58615806146
-2.6866400269
-3.89024060553
-4.61936259841
-4.50041055909
-3.53567224321
-2.09724639456
-0.750309226483
0.00641652413343
-0.041713253565
-0.750623196723
-1.71545264877
-2.48669008853
-2.79442020552
-2.66947719011
-2.40328087955
-2.36863222785
-2.792401889
-3.59492795138
-4.37921596916
-4.58165145165
-3.71932526913
-1.62328147427
1.44740011179
4.86277306134
7.82779645156
9.65195660762
9.97523283573
8.86681590255
6.76957898501
4.32543143541
2.15761336718
0.691382505676
0.0674043663173
0.159051157496
0.666275275232
1.23922479069
1.58728967916
1.54645772809
1.09812566889
0.346949224227
-0.528491680046
-1.33737417574
-1.93552506812
-2.2654977178
-2.36313498928
-2.32375600425
-2.23658550354
-2.11410268517
-1.85355319202
-1.26137877804
-0.145555327757
1.55528364288
3.66587195438
5.75495412512
7.23640931411
7.57079650713
6.49281291152
4.16349753333
1.16542129897
-1.6783968759
-3.6010875235
-4.18338717591
-3.51121268106
-2.12319192054
-0.764605285097
-0.0546322579593
-0.217883857322
-1.00488382181
-1.83889399969
-2.11843414149
-1.52837960772
-0.206463273036
1.31847586721
2.38757502305
2.54303774129
1.76254979993
0.47654838709
-0.643643177714
-1.02171859092
-0.465271572317
0.742847307124
2.00207870341
2.72299468297
2.65685110435
2.04809006824
1.5179828857
1.72612449431
2.97798264193
4.98709360074
6.93437595419
7.82244851943
6.96943869963
4.40233136006
0.941338291776
-2.0949585964
-3.45175619342
-2.51725690516
0.355442485484
3.95108234792
6.6944674438
7.33842578869
5.5290009341
1.98631291741
-1.79041352419
-4.16922604034
-4.09712144851
-1.55923280129
2.4185722828
6.22116710735
8.34326543499
8.0221737055
5.52712130961
1.98979571895
-1.12980038153
-2.68815378425
-2.32124106879
-0.529719554033
1.62787590579
3.06839017342
3.18377311054
2.07822519458
0.449853818637
-0.803400468258
-1.04752862877
-0.217489717458
1.17739722453
2.33752234422
2.59618224378
1.76878096307
0.256643031797
-1.14309402084
-1.62704101763
-0.785390379739
1.18016468347
3.52490019234
5.28530071385
5.70994853337
4.60032001973
2.40797263719
0.0465135949043
-1.49525587705
-1.56653394212
-0.11449083507
2.31611275074
4.83370964875
6.5826469863
7.08682954206
6.40768721257
5.05774143748
3.72158436034
2.91992577992
2.77326259409
2.9718836041
2.96169747841
2.25463458004
0.71329941746
-1.33096868979
-3.19260057406
-4.13684735758
-3.74016552673
-2.13544317143
-0.0133429604211
1.64453269418
2.00127302525
0.781746145588
-1.52562016843
-3.79932403876
-4.72415161817
-3.3734147302
0.312702161221
5.37678479045
10.1212904269
12.7332933228
12.0185782795
7.94089521691
1.72446804106
-4.55080680598
-8.72039097713
-9.36986349718
-6.39260123759
-1.03603989271
4.58816346894
8.33053970373
8.82601783633
5.97564554634
0.900678898371
-4.58982326157
-8.77055838262
-10.6704027764
-10.3612971342
-8.76779289016
-7.11906089555
-6.32050073106
-6.54352266038
-7.2137442315
-7.37952013432
-6.26056126737
-3.69666982507
-0.274687388436
2.92401518241
4.8250232383
4.86094810506
3.22516463779
0.759965967259
-1.45826059399
-2.62671750562
-2.56560614751
-1.74211822887
-0.967327530162
-0.927980319022
-1.79580140132
-3.11537423112
-4.02981325627
-3.73266367786
-1.91965386939
0.988514004653
3.9707636398
5.8277684716
5.70801281007
3.49427026295
-0.126701746916
-3.93999573024
-6.69468833876
-7.59036975786
-6.54958507896
-4.17571887609
-1.44255257428
0.724005136343
1.78078325535
1.68792550825
0.798842603419
-0.388234865485
-1.4744046659
-2.28355416117
-2.83025963751
-3.18614730476
-3.34752677017
-3.19331544521
-2.55860589395
-1.37462055648
0.216974690278
1.8551077913
3.07612416907
3.50462747136
3.02201462949
1.82428195708
0.336807782507
-0.972318970063
-1.78710558024
-2.05116882104
-1.94056286908
-1.72628981334
-1.60756582361
-1.60846264021
-1.59159403862
-1.37507798289
-0.880275797693
-0.219970852257
0.330482464803
0.470698837897
0.0501386409095
-0.816729217121
-1.76561140667
-2.33289832812
-2.17541011678
-1.25386428558
0.112344233332
1.35183917961
1.86575430154
1.27089685546
1.4360667845473358
0.840817018731741
0.07556610888552484
-0.26032545386034656
0.240297368366
-0.385590944826
-0.232302157715
0.364158381583
1.03931856702
1.50854418157
1.61406872178
1.31841940519
0.674730160804
-0.197775094905
-1.12587569831
-1.89707173706
-2.29827883006
-2.18431811362
-1.55420435904
-0.592495179328
0.363561462344
0.939098572495
0.881779820125
0.195650754995
-0.823798063643
-1.68760658974
-1.91615646329
-1.26225355368
0.150017955222
1.84466871072
3.17551589094
3.59717119343
2.90563509336
1.33732918406
-0.522784647882
-1.98639586007
-2.55188424069
-2.11005327356
-0.975902390468
0.262614232878
1.00492316333
0.88724437768
0.8991196036943734
0.3858320710274654
-0.16433072984523278
-0.324454372274
-0.841570820275
-0.817089337184
-0.480776125957
-0.0919534199412
0.187854636108
0.342368428452
0.456922401161
0.622963018246
0.854091885477
1.06414235434
1.11742809919
0.917611915367
0.47930314705
-0.0627057301064
-0.514810369952
-0.723414913925
-0.655663527527
-0.415772475622
-0.186257072229
-0.125407614286
-0.277418227137
-0.54557754259
-0.744965519299
-0.707610242365
-0.383737597257
0.11636764979
0.564571732889
0.721544911644
0.454014728216
0.2451785792124781
-0.14841055764566136
-0.4611366053275674
-0.4816359043007168
-0.14338081925170343
0.45744350773072995
1.1210149620424517
1.6457049906417325
1.91956770067749
1.95777115636173
1.8733585453489354
1.8038798200874027
1.83681624732246
1.972554982852941
2.1390781556674057
2.2425737019506897
2.219989245959269
2.062659107703098
1.8013696250457372
1.4689857117184033
1.0711615425384338
0.5898732015578503
0.0219333813367
-0.895473223545
-1.68637041767
-2.13613926751
-2.04559727109
-1.3296669121
-0.0875456390648
1.39652109962
2.7323746596
3.55520986572
3.65457046134
3.04570703383
1.95355880818
0.719126597909
-0.328261469298
-0.977591674435
-1.18137598135
-1.03136731046
-0.688961431819
-0.310574749261
-0.00192454962318
0.187483720721
0.242774754655
0.160301538151
-0.0580300263513
-0.391212580765
-0.782371558098
-1.13974383054
-1.36514198757
-1.39935469839
-1.25812086396
-1.03252207748
-0.845831757232
-0.785435702622
-0.847314933907
-0.928700751696
-0.880269839147
-0.594655698851
-0.0828461666804
0.509411781767
0.963887964084
1.10541931412
0.91036919014
0.543244611525
0.289119718329
0.40458680342
0.959238209759
1.75494830031
2.3792378579
2.38374780328
1.51111355526
-0.140681084248
-2.10692637913
-3.71923231033
-4.37899095465
-3.81818849603
-2.2235910066
-0.161078601408
1.66864459522
2.72991115319
2.86676039122
2.33317333629
1.63054910578
1.23902779211
1.3801048036
1.92873369076
2.5136691422
2.7462648197
2.45157144787
1.77609393752
1.11374000264
0.889914541189
1.32110715741
2.28206438122
3.35605884999
4.04526950563
4.0302900352
3.338097302
2.32391590039
1.47139124354
1.11531644309
1.23785937767
1.45571112803
1.21690327636
0.112696058227
-1.85798805122
-4.21852570439
-6.19154867369
-7.04882931493
-6.46602153661
-4.70291216746
-2.51000608419
-0.795658453543
-0.20812631533
-0.832771133789
-2.15187463017
-3.28839692256
-3.41791211425
-2.15291992872
0.280066642889
3.14714922842
5.53652105514
6.74704896985
6.55349409694
5.23714759702
3.39200638267
1.62433181483
0.303570689431
-0.521276283854
-1.02530651098
-1.41546397755
-1.77054191825
-2.00955519682
-1.99788961542
-1.71111722387
-1.33694044483
-1.23042626122
-1.72771518438
-2.91700326502
-4.50678123186
-5.89165709208
-6.41224553863
-5.69220471402
-3.87649191424
-1.62836436738
0.141951452156
0.702999102376
-0.124014346293
-1.83995650192
-3.47439872366
-4.04250788863
-3.03710780791
-0.709746258856
2.01249570713
3.95209122348
4.25282136331
2.82047193909
0.407782066947
-1.71412579498
-2.35424839379
-0.989573613871
1.94170610798
5.19117970984
7.23590404834
6.95628807538
4.14513779833
-0.384407939488
-5.13692795681
-8.55832656507
-9.65919476645
-8.36387615618
-5.44972815935
-2.13543749739
0.467532186833
1.78192063983
1.8924288171
1.35505909533
0.822265703211
0.691626301459
0.949258262916
1.26017930842
1.22382969032
0.634666493258
-0.398068397501
-1.52508553136
-2.36516611682
-2.7129205882
-2.62064701797
-2.31004096806
-1.97532232108
-1.60798132081
-0.964513093632
0.284183414934
2.29384110786
4.82628893123
7.21090936668
8.54458200333
8.06022823197
5.49517469588
1.27402092909
-0.09530256172172358
-0.9053507575102913
-0.203463942325
-1.21608777705
-0.741599544448
0.386018539832
1.27765066025
1.3960593673
0.760948058834
-0.134308889936
-0.636143018667
-0.305193457462
0.840780144457
2.33383553919
3.49986341077
3.8066273407
3.13395826505
1.82949521261
0.526789737927
-0.175720104119
-0.00872163297372
0.847951836491
1.87299952369
2.47560815588
2.28802452409
1.33139187147
-0.0208562179881
-1.25077412217
-1.95800640062
-2.03856019835
-1.69445815986
-1.28257863482
-1.09587555321
-1.20121669776
-1.42084316458
-1.46139369729
-1.11187731589
-0.394721509432
0.418590253937
0.939700622837
0.873036082663
0.188264068213
-0.84110030944
-1.75898709674
-2.14874080165
-1.84211623152
-1.0069233779
-0.066992948022
0.50582545447
0.422884416323
-0.282193627102
-1.273650052
-2.07881459646
-2.31276183155
-1.85103681372
-0.870567939824
0.251102730705
1.11743511032
1.47958563764
1.3092339171
0.755053790008
0.023878139846
-0.736470184249
-1.48537758154
-2.24870696466
-3.02558036839
-3.71174239242
-4.0987290594
-3.96158704505
-3.19165716359
-1.89776337806
-0.409306970155
0.8355945127
1.47093137239
1.36508575856
0.680826499061
-0.201820046652
-0.865234101424
-1.04827758166
-0.757804601218
-0.242092354437
0.158469703999
0.204593419479
-0.106456849251
-0.534704246145
-0.724416998735
-0.397932889096
0.485694341575
1.69183764821
2.81391918516
3.46777740009
3.47677708127
2.95086875889
2.21632817785
1.62966491656
1.37004334561
1.31829648185
1.08977841417
0.212867010947
0.1933997113307555
-0.7567816111661898
-2.2089960021766615
-3.4663950687545366
-3.81548871193
-4.52655543975
-3.83702055879
-2.15304675996
-0.164114570726
1.40932507159
2.06436316721
1.66883919744
0.472777160084
-1.01100512619
-2.20103287681
-2.64258739732
-2.14246246012
-0.810919832711
0.988326474345
2.75478609842
3.99748401087
4.37268703739
3.78002100899
2.392865696
0.612044478958
-1.04986916372
-2.12482275365
-2.33933640647
-1.70630975139
-0.52077140329
0.745811528234
1.61832180512
1.79350768163
1.24868748738
0.238909478564
-0.816272369523
-1.50810185013
-1.60104587536
-1.11414209144
-0.290508088497
0.525145437503
1.04128304855
1.13620535922
0.888636371588
0.517425691428
0.267437244036
0.299123301447
0.630090806453
1.1456082247
1.65975773365
1.98854346705
1.99972827068
1.62638841146
0.856665838065
-0.275341547408
-1.68047568757
-3.19223763062
-4.55698547777
-5.46569790758
-5.63709611923
-4.92892455952
-3.42685710303
-1.4575938568
0.499141418447
1.97679721445
2.69946884798
2.68892894223
2.2455707732
1.80508372886
1.73410450908
2.16157974917
2.92868181637
3.68317246691
4.07145489809
3.93033700101
3.37845454662
2.75742771016
2.45074299919
2.67392596259
3.34759401901
4.1241467185
4.55878605416
4.33763149317
3.44182066048
2.15672594673
0.916268339199
0.0624247915894
-0.348943412116
-0.582668799892
-1.06711639543
-2.11765411914
-3.68627027074
-5.28319594413
-6.13844220035
-5.55026043882
-3.26366538854
0.309794646885
4.1586068682
7.02225648541
7.88736003729
6.41200285368
3.08372506753
-0.967930699472
-4.42753888165
-6.31898893523
-6.36906351219
-5.05446345193
-3.3240035048
-2.13549186168
-2.02606703142
-2.90961030948
-4.18005583966
-5.05235577903
-4.96475307864
-3.84701036888
-2.13460532288
-0.537896008732
0.307289228598
0.131929872588
-0.867300866912
-2.15499149828
-3.12921265764
-3.39318765482
-2.89319915378
-1.8689949004
-0.664663402644
0.482141918455
1.55179022677
2.69689167717
4.07331773133
5.65354113216
7.13973998323
8.04052074144
7.88496129169
6.46928243235
4.00691800169
1.09588578792
-1.49338129584
-3.11675140276
-3.50414804231
-2.84227937965
-1.65772407493
-0.561116854898
0.0230187184861
0.0147658134631
-0.340591200271
-0.646577131715
-0.586916396691
-0.0946962242711
0.62226886738
1.20463888155
1.34262449914
0.947813957923
0.207668988407
-0.502960423692
-0.806332354998
-0.509165538447
0.298523677038
1.27820281381
1.99083070936
2.08602334682
1.44630166803
0.227501553205
-1.21212695709
-2.45283266721
-3.15945604119
-3.17688577896
-2.5508475771
-1.48498245612
-0.265712247184
0.813992387587
1.51553017555
1.69913895511
1.35539449113
0.619768012948
-0.244261548277
-0.908837144377
-1.09124349469
-0.68022287441
0.174487956084
1.06536524201
1.45003826785
0.868146264652
-0.827075588985
-3.32707710435
-5.8993307884
-7.60918837129
-7.66516690396
-5.75548153622
-2.2312362981
1.95674624923
5.56291118857
7.48641509682
7.17525222328
4.832766048
1.34078339128
-2.07238711994
-4.28789674346
-4.69693023982
-3.39294300725
-1.09054602461
1.18322116601
2.49284519742
2.33290791588
0.778452810702
-1.59240153806
-3.95216309915
-5.54118946596
-5.92508309458
-5.10700491564
-3.4747308923
-1.62491467605
-0.143510568915
0.577421489809
0.433644378204
-0.399896515159
-1.55887802732
-2.61994930321
-3.22887281608
-3.19350956533
-2.52333271281
-1.41152824065
-0.168076471215
0.877443580831
1.47675319054
1.53792052076
1.14996883257
0.546625287262
0.019245162925
-0.191426267172
0.015200803332
0.563532983497
1.23439692036
1.75442631373
1.90749221122
1.62457797891
1.01750457902
0.344620699556
-0.0770746453354
0.0200246075042
0.763913650031
2.0987915512
3.79696486909
5.5187098943
6.90009683803
7.64510976111
7.60076882234
6.79888350588
5.45361184366
3.91089211632
2.55593944977
1.69847823077
1.46841432689
1.76014054854
2.25488161393
2.52594546582
2.19830391962
1.1054827683
-0.621613406546
-2.57930932147
-4.23063591631
-5.11048162272
-5.01314041667
-4.07972761936
-2.74192933239
-1.54087247025
-0.897817718371
-0.938929038371
-1.45521718803
-2.01829217606
-2.19977075248
-1.79153231885
-0.920879729625
-0.00238063557387
0.454605155725
0.0935027923995
-0.6265808167293443
-1.8346452536395503
-2.953885360154601
-3.4294724153211007
-2.970293570726014
-1.6696361392458527
0.05076709702709081
1.644064315228988
2.6890300370499034
3.0664566970690856
2.977374974079524
2.798523275981367
2.8520041086311068
3.2094719365353654
3.634669174350023
3.6993093601704743
3.0197292116291408
1.4984536292824089
-0.55265913692
-3.16483045322
-4.88940164808
-5.16603501921
-3.87980372674
-1.43056135643
1.40510589888
3.76130876274
4.99789954904
4.91314912244
3.77311176331
2.15858035288
0.707039308919
-0.135372599742
-0.251982640917
0.159270712514
0.727019779167
1.09686509922
1.08295040754
0.721577143543
0.218661170718
-0.169822702923
-0.262191350563
-0.0258962069469
0.42104082985
0.870511661807
1.11169267663
1.00675354168
0.529992197338
-0.23416512681
-1.12299331546
-1.94041290306
-2.50208249914
-2.67444138262
-2.40522286926
-1.74169917781
-0.829725246096
0.113168337929
0.850536390141
1.19372907701
1.06018915716
0.499146421513
1.2334679820282446
1.909682496272083
2.70730616897
2.36767596061
2.21631649342
2.15481829341
2.07254000482
1.91101736273
1.6957133999
1.52029855717
1.49334759291
1.67648060093
2.04657833146
2.5011176966
2.90248032199
3.13694020593
3.15771061231
2.99189735663
2.71206032421
2.39223531151
2.07485433105
1.76564419664
1.45436307809
1.14218476285
0.85253159828
0.614237289088
0.427046558146
0.236191832756
-0.0568734576868
-0.539510285299
-1.21000301845
-1.92088990278
-2.3882571705
-2.28508033665
-1.39294291787
0.252720247771
2.30070845774
4.15591045546
5.17823604233
4.93890236649
3.42638160504
1.10321044625
-1.2286263232
-2.71438624732
-2.77562688854
-1.34634976019
1.08560889467
3.65406404754
5.43763777388
5.79924089633
4.60548502674
2.24348865503
-0.559751402253
-3.02867979352
-4.61499482475
-5.14970976195
-4.82678200587
-4.05063590504
-3.23409702439
-2.6418024306
-2.33779281537
-2.23707268599
-2.2108226107
-2.17769643627
-2.13423495078
-2.12062382044
-2.15774781238
-2.20554650577
-2.17468215921
-1.98581520357
-1.63685344736
-1.22945333096
-0.928248958909
-0.867651368199
-1.05745333092
-1.34726134663
-1.48299434992
-1.23848735838
-0.558292417838
0.368715707743
1.15871885927
1.39941552299
0.863762053107
-0.333225483576
-1.72283060006
-2.64160162999
-2.50476758946
-1.07696879375
1.38559363801
4.19650424622
6.48954720119
7.55694196614
7.13095240527
5.486237079
3.31818757893
1.45102446736
0.503384308536
0.654950825545
1.6091333224
2.75753915225
3.46383805919
3.33744291987
2.38055726543
0.956141520691
-0.39314948238
-1.18287324383
-1.1742422348
-0.438292625642
0.712808083847
1.87747803505
2.72141189388
3.07351416375
2.93648921478
2.43267193694
1.73102930046
0.996384279342
0.374291158291
-0.00557151968114
-0.0381007172463
0.31792861022
0.981188189925
1.70863360704
2.12037888973
1.80869749008
0.506320062906
-1.75294977509
-4.56273361348
-7.21706269331
-8.92413679904
-9.09074059411
-7.56558037768
-4.73560713139
-1.4238293104
1.3818367562
2.86714908529
2.66584134588
0.963791226742
-1.60206178736
-4.20103201909
-6.11274338162
-6.95707532336
-6.76936935291
-5.91123266021
-4.87553788115
-4.0798805401
-3.73317633151
-3.8146093679
-4.14802123862
-4.51577705854
-4.75061396223
-4.76994790925
-4.55667551065
-4.12042876338
-3.47769715643
-2.66795602882
-1.79066114016
-1.02566864623
-0.602465179843
-0.711995801653
-1.39380632305
-2.4579331156
-3.49747420318
-4.01126504989
-3.60181324519
-2.16826540698
-0.00261374247997
2.27029480469
3.90318889198
4.31179506494
3.31847810278
1.24606006867
-1.1879473842
-3.14231001726
-3.98060684886
-3.52076008831
-2.09887435602
-0.417947368458
0.756284268313
0.92388680115
0.063712119498
-1.36034701458
-2.60276488955
-2.96269546209
-2.09385600945
-0.165615302607
2.19383745021
4.14910274843
4.99880053032
4.46389685511
2.80303100413
0.706878587842
-0.985094230304
-1.6294449033
-1.04444169355
0.411473443091
1.98078265194
2.81199717852
2.30828350177
0.382298930765
-2.48310655383
-5.39324546504
-7.35982036601
-7.65936924115
-6.09796507138
-3.08457430107
0.512135741089
3.66817758701
5.5559813207
5.81471723525
4.64377473642
2.69219171907
0.793622361365
-0.34740623182
-0.397709649293
0.522016080161
1.93693631824
3.24980921834
4.00316566732
4.06121045096
3.63719203194
3.15916965224
3.03722560067
3.43877857613
4.1767935897
4.76810379682
4.64489287797
3.43269908589
1.17332612518
-1.61270835224
-4.06683485144
-5.29441727146
-4.71508185705
-2.32111700894
1.26651303537
4.97842259758
7.65406640085
8.44485736167
7.11111404707
4.10012745074
0.376712409666
-2.92730701794
-4.91023858505
-5.19566471421
-4.02105433715
-2.09848368335
-0.313953668218
0.610728915464
0.363715609101
-0.888048089233
-2.61644315869
-4.17288587587
-5.0469682813
-5.04138978363
-4.30499512767
-3.22792109013
-2.25682092917
-1.71289260987
-1.68414160281
-2.02471022252
-2.44722437176
-2.65909394765
-2.4832103029
-1.91828002687
-1.12427824194
-0.349461426094
0.165532686058
0.269135150413
-0.0589615361609
-0.710996322158
-1.48992918485
-2.16624136584
-2.53570765301
-2.46637176669
-1.92846591895
-1.00420127988
0.124394775379
1.20981963792
1.99193257992
2.25961497
1.90616602506
0.962078690193
-0.406158198198
-1.93233028619
-3.31147465181
-4.2676105063
-4.60991509225
-4.26558473208
-3.28717768818
-1.83956252078
-0.173241083825
1.41271029958
2.61926114724
3.2087501912
3.07285468465
2.28932469266
1.14050751122
0.068825350017
-0.437887016291
-0.00868143145361
1.45254169255
3.67915481571
6.07633321214
7.88935630662
8.46189273432
7.49412777164
5.19600497512
2.25982640971
-0.357702880339
-1.77570813342
-1.52592385315
0.249112725947
2.82448752888
5.14836275242
6.2318112039
5.5216805679
3.10767841417
2.4497425453565995
1.79467239857
-0.776210421996
-1.85917105409
-1.5025305903
-0.260887680164
1.08075629167
1.85487763758
1.77846461881
1.02853619095
0.105139034814
-0.443325168602
-0.29886235847
0.472856210303
1.4612348264
2.11639205324
2.01953154299
1.088604915
-0.376371398626
-1.82653407366
-2.71037032786
-2.71661494182
-1.90262801557
-0.653801038004
0.500289852397
1.12216791847
1.04446764752
0.411966799478
-0.421914302129
-1.08431347293
-1.3606968132
-1.2755389752
-1.04297519674
-0.921108830154
-1.05090148144
-1.36566352387
-1.61873072658
-1.51514732209
-0.879393965134
0.227834476793
1.50599084587
2.53047252225
2.93509354252
2.57535704431
1.59542769391
0.367581500888
-0.666893074523
-1.18112866865
-1.08728512988
-0.549709703055
0.11192251964
0.577319561134
0.662709773159
0.379040836092
0.21815427031711465
0.0683727734731292
0.07698230159023467
0.2613270925727136
0.5244176599262005
0.7334055954983967
0.8124991707191214
0.7966556117568757
0.8160738882693153
1.0206859529658345
1.4872988344312574
2.1620106476865146
2.8719056568519363
3.402885832847687
3.604625625
3.23751808828
2.67353808099
2.13877329978
1.83689046726
1.85540679108
2.13380513232
2.50967607049
2.81779003245
2.98826124859
3.08922142043
3.28782890078
3.74693406684
4.51093946426
5.44400779058
6.260531715
6.64211846707
6.38959159693
5.53598677187
4.3598211547
3.28229954594
2.68729412588
2.74256884701
3.30510164863
3.9590638491
4.17687791836
3.53813319881
1.9135777846
-0.465200265834
-3.08124847334
-5.32177584381
-6.70280892429
-7.03713034216
-6.48033316623
-5.44315521505
-4.4140343532
-3.76987721563
-3.65197609503
-3.95059811687
-4.39269881915
-4.68478660248
-4.64484083768
-4.26894118665
-3.71196284649
-3.20061025
-2.92390897311
-2.95085705514
-3.20785539757
-3.51967422585
-3.69076464321
-3.58973657068
-3.20278212146
-2.63800908965
-2.08349758182
-1.738485943
-1.7439613766
-2.13555968789
-2.83149648954
-3.656167401
-4.39007792525
-4.83085938859
-4.84848566586
-4.41985607015
-3.63311085207
-2.65986876856
-1.70285516078
-0.934777773959
-0.448599712628
-0.236844551367
-0.207800413739
-0.232340105508
-0.202157627911
-0.0745999262648
0.115590476816
0.282753587175
0.342313445073
0.262891922053
0.092128662177
-0.0582053360979
-0.0624098358293
0.157138646181
0.586873468118
1.120514785
1.60192334555
1.89286270886
1.93290142383
1.76162622254
1.49178312737
1.24709302737
1.09751839415
1.02737030452
0.95550520297
0.799313806847
0.549051731026
0.309802212284
0.281178551446
0.674950905513
1.60402535523
2.99579797428
4.57765119752
5.95267351825
6.74215508589
6.73733858952
5.99323989685
4.81835124063
3.65771667552
2.9141721187
2.7819258654
3.16410474328
3.71163795865
3.9695388997
3.57077884221
2.39765675838
0.644490882482
-1.24302748077
-2.72593948391
-3.3639775177
-2.96805349976
-1.66035934434
0.171405498756
1.99905072472
3.30740294622
3.7249687551
3.09933486182
1.51103671709
-0.760369000795
-3.29794457761
-5.62239099553
-7.27541196646
-7.9096551116
-7.37646764108
-5.78962501785
-3.5344972555
-1.19824159423
0.579124683809
1.29801319733
0.772749611282
-0.785617189795
-2.82317898871
-4.62898731607
-5.59135430783
-5.42625168757
-4.28221851927
-2.67198419193
-1.25305884503
-0.547037291589
-0.718864325198
-1.51565913982
-2.39631651973
-2.79674575876
-2.41036931061
-1.35106802741
-0.11498136179
0.651135082878
0.474450758771
-0.677804444012
-2.32421032351
-3.63870954779
-3.80399549938
-2.39819584446
0.362009593903
3.64470969929
6.30158906903
7.32693493519
6.28304770722
3.50380209965
-0.0212306983242
-3.04165302303
-4.55510756044
-4.21093228435
-2.43211734508
-0.201906817355
1.38952426335
1.63473405251
0.514240393707
-1.32028544935
-2.87537160227
-3.30378623257
-2.32238391925
-0.361067277506
1.63257385697
2.64760409585
2.11346911846
0.214373781522
-2.14280231962
-3.70720034601
-3.44815611499
-1.05254665006
2.87459188602
7.00814085125
9.82477191653
10.2276597685
8.00433499838
3.9192487351
-0.597807341415
-4.03016193021
-5.36867250973
-4.47009957961
-2.03770875276
0.747779207307
2.76702493124
3.42498213725
2.83920249026
1.68943554076
0.821889228947
0.808751357233
1.67315333494
2.90122228743
3.72146676852
3.50578301928
2.09438251986
-0.109546718404
-2.31496670403
-3.69864207782
-3.77060864527
-2.58110397634
-0.681856640408
1.12746590028
2.1400236559
2.011180665
0.843574301755
-0.04872980729270182
-1.0218426310262458
-1.693712528458022
-1.9420827660494524
-1.8655388322042938
-1.63385522558
-2.33959779295
-2.88661080496
-3.078553157
-2.75027733637
-1.91359243816
-0.812374169941
0.156325314312
0.62312955739
0.436754925687
-0.240433464324
-0.991857386183
-1.34243819261
-0.998971637228
-0.0149464322652
1.2084173333
2.09500267024
2.16456942269
1.27449461859
-0.284588843972
-1.88951831762
-2.84030514999
-2.65705555807
-1.28565499439
0.877238070287
3.14637443409
4.82092630046
5.44774342772
4.96692120151
3.6916033541
2.14960624
0.869486093931
0.204742155396
0.257151161951
0.905321045554
1.89746729825
2.9503869032
3.81315686246
4.28898798708
4.23816343485
3.59115531744
2.38201030741
0.782672642325
-0.899019291353
-2.28607151474
-3.0579879751
-3.08840789691
-2.52541197807
-1.75928422316
-1.27145856546
-1.41987175531
-2.25755763659
-3.47766874005
-4.52562158844
-4.83998791742
-4.11652344731
-2.46988105158
-0.408881110565
1.3729320408
2.29972262605
2.16771492249
1.22828679077
0.0558011333545
0.06263343842164204
0.7841427286812603
2.1120189476016265
3.5362045508153557
4.393199804676868
4.201531787441297
2.9231406312085255
1.022112384362174
-0.7125608174762732
-1.50140611868
-1.60620254121
-0.435066864454
1.42492236843
3.15826634383
4.06433790682
3.83069622882
2.61997173262
0.946697165926
-0.580870957844
-1.52239987582
-1.7499742028
-1.42383531452
-0.836943052997
-0.228882699528
0.32455326973
0.891203187643
1.55570470723
2.27267520686
2.79933410668
2.76295985184
1.84151259501
-0.0327262790379
-2.55903669466
-5.11884603628
-6.98662524374
-7.61480494513
-6.86409613991
-5.07031009869
-2.91204325328
-1.13520540782
-0.256006764296
-0.372312735442
-1.16110489053
-2.05328529788
-2.49813256393
-2.19514197896
-1.19473218137
0.163259987137
1.4279754109
2.23895821223
2.45688382463
2.17432390189
1.62044428464
1.02273222649
0.50120313317
0.0436560930685
-0.437910777445
-1.0125995868
-1.65626647837
-2.2391183541
-2.57912226657
-2.52874393891
-2.04693147651
-1.21996027178
-0.224928099157
0.739854361755
1.5193989814
2.0320589907
2.25975461003
2.21711922713
1.92768199714
1.42524650893
0.776677805933
0.103116107278
-0.426788926511
-0.642449974731
-0.440745403178
0.155909252526
0.989037515677
1.81637935768
2.40939037117
2.651662644
2.5891635117
2.40468330707
2.32650620655
2.51536561374
2.98561117565
3.59912381274
4.13266617019
4.38131288165
4.24312820329
3.74302280904
2.98961854442
2.09767728676
1.12787852595
0.0838068605239
-1.03094275553
-2.13349013932
-3.01830807581
-3.39327564456
-2.99483326464
-1.73206243066
0.217524710511
2.42347396372
4.34005623258
5.51227663411
5.7537620831
5.20531506289
4.23781037561
3.24240394108
2.41402524164
1.64549814837
0.598871355239
-1.07045933315
-3.44736568578
-6.19391681768
-8.59622908426
-9.82881482913
-9.33117347276
-7.121558336
-3.88503578483
-0.76728216069
1.05897234824
0.875191024346
0.36687138251015483
-1.2795141388096738
-2.79848614512
-4.64737902451
-4.54034106563
-2.64335280204
0.175152462419
2.73395768441
4.0402595359
3.68062349624
1.93922672804
-0.388755309499
-2.38271008838
-3.39392886438
-3.27787586749
-2.37592702916
-1.28487687837
-0.547230375623
-0.417574449453
-0.805175952314
-1.39410756006
-1.85293187997
-2.01094272398
-1.91083747243
-1.72578669669
-1.60693779464
-1.56271709093
-1.44645231388
-1.06019236174
-0.310394998377
0.683118979117
1.6000528145
2.06087658234
1.82740110506
0.953845180007
-0.200869673491
-1.11857655092
-1.3598709954
-0.776796814106
0.409343742682
1.70802309982
2.58956185851
2.73018546114
2.14924482128
1.17231079993
0.245249119134
-0.297757142056
-0.386680391431
-0.208314036116
-0.0481025711973
-0.0753467057316
-0.200333919004
-0.0950608632125
0.6209879553
2.12445860336
4.20464613847
6.26917077254
7.56193779775
7.50375128863
5.9925431676
3.50713214382
0.946518274515
-0.735467529586
-0.936430441136
0.337436751447
2.48620957415
4.59661510288
5.85335343963
5.88405653516
4.8754109759
3.41359009582
2.14068378807
1.41018088136
1.12198353205
0.821664113481
0.008237800038
-1.51822314621
-3.46406571519
-5.12345170178
-5.71075759777
-4.78511647037
-2.54855942361
0.15056907473
2.13828690901
2.42800786126
0.690699217177
-2.54558249864
-6.07602661091
-8.51337540457
-8.8814810094
-7.04243908436
-3.7639258623
-0.39567791004
1.69956273333
1.70707681522
1.8637363920999093
0.8053445553238276
-0.244693407025
-2.41003084809
-2.96311561425
-2.08943456163
-0.497912156142
0.970202854111
1.74175786661
1.73376451736
1.30984072593
1.01870582892
1.26488759305
2.08411928592
3.13187560436
3.87937845447
3.90613232486
3.13330857239
1.87752827246
0.698938174332
0.121848522772
0.368645764997
1.23897774599
2.19312755203
2.59891871035
2.02450822091
0.440964645199
-1.75529957111
-3.90441893335
-5.3505031466
-5.69398834768
-4.92390783674
-3.38626196424
-1.61927971215
-0.13903215498
0.731877056061
0.932651847446
0.623743735502
0.0783496941831
-0.434003539481
-0.724467999794
-0.707073989805
-0.381517829753
0.194631857124
0.923247357796
1.67119710986
2.27927144113
2.59089883674
2.50227774755
2.01480150732
1.25876057797
0.464407009707
-0.118697830583
-0.323311655517
-0.139008929385
0.281378056059
0.693427864484
0.88090295633
0.765529433208
0.449104521698
0.161590834739
0.136920823003
0.478615008088
1.08773123698
1.69803180219
2.0090846456
1.85380924291
1.3114786701
0.696545429273
0.412059273884
0.727365322553
1.58786412956
2.56292129088
2.98218195147
2.22281549266
0.0305602767911
-3.27457542925
-6.82146977275
-9.46071173948
-10.1964227027
-8.60604537141
-5.06687445602
-0.677596238032
3.1137023437
5.03822993283
4.4825605469
1.71708780425
-2.21997726276
-5.93797320811
-8.23811503127
-8.56228896612
-7.1634705047
-4.9351994858
-2.98448733594
-2.14172887914
-2.62425221814
-3.99657128621
-5.43296315589
-6.14869802818
-5.78887899408
-4.58494534258
-3.20038895153
-2.3389057175
-2.30950605782
-2.77509819685
-2.83422259621
-1.43069268086
2.07800057249
7.45819994357
13.4852867591
18.2789806283
19.99148295
17.5791038034
11.3244962576
2.85849139374
-5.36912152866
-10.9838404463
-12.5900794535
-10.3052157778
-5.68618025003
-1.06203062292
1.45824873802
0.885547942227
-2.23007168848
-6.04932175145
-8.26433146721
-7.1402971191
-2.32513750245
4.93208496762
12.2594712493
17.1381724514
17.9552864473
14.6746808923
8.83092240817
2.84811463342
-1.01626519194
-1.63568963633
0.539216068286
3.74757772502
5.77382625716
5.00304146356
1.19726126287
-4.36026017544
-9.42036318613
-11.7738616492
-10.2546527831
-5.28724429438
1.26890709511
6.90910502772
9.55348955059
8.42025052041
4.3172949572
-0.767177998965
-4.57879407904
-5.59657010719
-3.66898174901
-0.0117441085364
3.41203893605
4.82886402887
3.47182916535
-0.0931943257604
-4.26846832983
-7.19713339658
-7.63952214143
-5.54644392216
-2.0725925682
0.962856457748
1.90817406667
0.0172563627771
-0.4786480857619466
-1.8819545139593856
-2.412002850823427
-0.728062701496
-0.572642417573
1.50983967181
4.20423158268
6.16750291314
6.59381993166
5.46958298299
3.43724234903
1.38023820985
-0.0355568242366
-0.631900481513
-0.687590073775
-0.663192332615
-0.863848330998
-1.24369118562
-1.46320535991
-1.15871235373
-0.255500446931
0.876122208131
1.53965501176
1.06847714444
-0.762949566837
-3.50747342918
-6.15359388223
-7.56397063252
-7.05264721079
-4.81209240581
-1.94609369394
-0.0402910614533
-0.42947153327
-3.48905360819
-8.2992610615
-12.8834618347
-14.9671385349
-12.9564946634
-6.71329829257
2.2314695172
11.1510178598
17.1123740597
18.0825914395
13.6951017984
5.36192723961
0.22308722239382917
-3.451099899737855
-3.70124188592
-4.29584473926
-1.92228347716
1.57962775896
4.33735857965
5.19330195855
4.04810690073
1.70565042993
-0.645274674489
-2.03187812767
-2.09768592391
-1.14781135079
0.127941113247
1.07030190703
1.37544099115
1.17467276135
0.859236677373
0.777384296808
0.989698762603
1.22339916466
1.04696416924
0.159815298464
-1.37368588892
-3.0871175831
-4.30551972949
-4.47619276493
-3.46462505705
-1.6552426616
0.206168045758
1.35891051792
1.39366955572
0.454833660351
-0.826391616071
-1.6403729385
-1.40054710694
-0.0417676126666
1.93173180641
3.67432023381
4.39429024
3.727074245
1.90839245094
-0.333513062763
-2.11288251034
-2.78849233557
-2.24443629356
-0.92289277341
0.398535534327
0.973653453818
0.425219600337
-0.37568999899581
-1.5689320348694622
-2.4151607779570696
-2.3572257011663424
-1.262500546741407
0.5302034939374209
2.3665055615845745
3.554900263525269
3.6435035163257083
2.5847567542723056
0.736229605160517
-1.2829752871232074
-2.80906945257
-3.98227724322
-3.94665279428
-2.81236901961
-0.957321448111
1.08364337125
2.75309896337
3.60324352191
3.40470107058
2.21001619242
0.349574938345
-1.65318654768
-3.23724896462
-3.9888574825
-3.79058316931
-2.8698026967
-1.71381536584
-0.873430829842
-0.730403433328
-1.32904783527
-2.35202878147
-3.25933227075
-3.53395312539
-2.92406443091
-1.56767983869
0.0627565344977
1.37411778462
1.92587390058
1.63273542483
0.798075766904
-0.039574173477
-0.373284732535
0.0226417652154
0.983634843796
2.04161991728
2.66620375407
2.54170848405
1.74231683135
0.716505105774
0.0850884372326
0.348593381505
1.64413150047
3.66771715588
5.79751433264
7.3570359345
7.89247083833
7.33619295443
5.98843812605
4.33962076094
2.83098020014
1.67445485802
0.814497889625
0.0368907816898
-0.846398067558
-1.84287801901
-2.74089373367
-3.20674699188
-2.96425394446
-1.96015968642
-0.42721559478
1.18932946632
2.40607751505
2.89161067933
2.58321122789
1.68194461027
0.540325943704
-0.492910476489
-1.19359738605
-1.49962387664
-1.46733705786
-1.19267867366
-0.754888226061
-0.21613484451
0.33382196222
0.734672259551
0.765268555513
0.225350036489
-0.941229386392
-2.55030305691
-4.17768532276
-5.28387476951
-5.42611048742
-4.46665155146
-2.67433745581
-0.657669613166
0.855334204078
1.29991651547
0.494603560419
-0.13001847767635866
-1.1754751657847464
-2.0149782782133343
-2.2213703514474332
-1.7080749119441236
-0.6971801295678688
0.45445045863567657
1.4704161945738292
2.29521046002
1.77323592541
1.46032037965
1.4899659829
1.77011366711
2.00379324959
1.84571452669
1.11110958812
-0.0819775239631
-1.32573253735
-2.09865724115
-2.02272032997
-1.06988847723
0.394608034678
1.76440237407
2.47024209541
2.2461478681
1.2467453946
-0.0472113828998
-1.08861081952
-1.55410846615
-1.50998355391
-1.36110652574
-1.60421894614
-2.51391345257
-3.93297434445
-5.29219311637
-5.86870483055
-5.16402260218
-3.20983497136
-0.632450504593
1.58101163142
2.52280263828
1.80779358031
-0.199307923107
-2.49947435136
-3.88468858332
-3.48910282715
-1.21352367419
2.17952300219
5.35567988913
6.96260965075
6.20404649763
3.1793305492
1.6745760672623504
0.25595890171
-2.40840644936
-3.06431360209
-1.89257813338
0.252825633471
2.27090250069
3.302980676
3.06598616327
1.89769073708
0.522853013953
-0.325407077874
-0.241872390949
0.705296924759
2.06407837817
3.25273301923
3.83899209768
3.7098100889
3.06688719473
2.27666243643
1.67179850795
1.41230803387
1.46829365626
1.71225523716
2.04877774086
2.49457684553
3.15759697402
4.12786257532
5.3484397151
6.55125553544
7.31071384435
7.20518932857
6.01611710144
3.86849300532
1.23899447282
-1.1824005727
-2.72412050202
-2.96271168247
-1.85771798881
0.256893462893
2.81016794913
5.19400694161
6.94121902164
7.81869702468
7.81861316803
7.0770807343
5.77513436407
4.07221024416
2.09433532905
-0.0348020573164
-2.15396698198
-4.05064994265
-5.49045307319
-6.28109423986
-6.34315397588
-5.75495655134
-4.7492119947
-3.65779044747
-2.81956404521
-2.47824782477
-2.70050051049
-3.34034309346
-4.06608160039
-4.45136662265
-4.11355074472
-2.86292985575
-0.812268582479
1.603872625
3.72932391816
4.89430521652
4.67101671493
3.08147613696
0.661319255928
-1.67411262505
-2.93901518583
-2.4587561438
-0.172976310038
3.27814315336
6.74598918407
8.99125128183
9.17070489282
7.19200561401
3.77675816126
0.188108603061
-2.27704940698
-2.82290475924
-1.48699024014
0.879540310675
2.98290533677
3.65333047394
2.3619803976
-0.539201177887
-3.96216460295
-6.54986060779
-7.26068994685
-5.81350346155
-2.79951865619
0.583282171741
3.05043977817
3.77348087421
2.70838492104
0.57549290239
-1.48553914634
-2.42058573759
-1.69882361708
0.500924310445
3.41721104252
6.06585898951
7.65583581213
7.87501356996
6.93592043735
5.39165727241
3.83657068729
2.6469364043
1.87943627396
1.35390314614
0.850566723059
0.29907276387
-0.149291390206
-0.204504084455
0.373356688708
1.58756358597
3.12942423726
4.46632659796
5.06067288081
4.61799994934
3.2434437166
1.42603371103
-0.149792306743
-0.885289509189
-0.51763144722
0.770465910656
2.42823441554
3.76555097771
4.23304818572
3.63597016882
2.19753470459
0.454499122012
-0.963085329776
-1.57382683842
-1.2145863776
-0.0812254380391
1.36078462747
2.54904230587
3.01031872083
2.49705492877
1.03953915376
-1.08658968586
-3.45183864714
-5.58732347133
-7.09030373518
-7.70076004206
-7.34105259273
-6.11866339391
-4.29589425677
-2.23282324516
-0.313194866149
1.13275661893
1.89168064332
1.9013785249
1.24787930752
0.12824134776
-1.2074923781
-2.51626708098
-3.60685424262
-4.36056226088
-4.72914604793
-4.71910869904
-4.37392751473
-3.76243553356
-2.97518622842
-2.12469540695
-1.34270366649
-0.768769837004
-0.528465143544
-0.70422853
-1.30588815486
-2.25005874012
-3.3577243894
-4.37694599336
-5.03231176287
-5.09451533419
-4.45384918156
-3.17396775343
-1.50161263502
0.182497731257
1.46720614264
2.04132467687
1.8060298996
0.922658884154
-0.232127285284
-1.19728931555
-1.60037283885
-1.30476927232
-0.467037831959
0.527127385726
1.22901171969
1.32868494309
0.804801563178
-0.0484191929418
-0.737259361873
-0.78429229842
0.0474415942244
1.62246196906
3.45757766256
4.90062062118
5.39162488627
4.69584559101
3.00757243179
0.878686911695
-0.997902040489
-2.05683634457
-2.06662965423
-1.18945479912
0.123053037753
1.3429792122
2.08849209195
2.25802479054
2.02556032538
1.71340343556
1.61384825809
1.8486874399
2.32930557746
2.8254473345
3.09618861001
3.00934400572
2.58780126246
1.96479192919
1.28087369164
0.586412502149
-0.191376366381
-1.19511918467
-2.5256180946
-4.13483635708
-5.78793436458
-7.12495076186
-7.80079668904
-7.63908727211
-6.72382365759
-5.37997966541
-4.04685762054
-3.10048333921
-2.70694271209
-2.77424693488
-3.02283040411
-3.13755858363
-2.92549574205
-2.4026994709
-1.77018344827
-1.29524849424
-1.16149182921
-1.3655089924
-1.71354195554
-1.91986952575
-1.7566506464
-1.17843268706
-0.356850588198
0.394131877569
0.767290321672
0.612994779538
0.0179110758175
-0.727347390474
-1.25660575447
-1.2915177446
-0.763268766525
0.162298899825
1.1633559264
1.90238066796
2.15923433419
1.89663901047
1.23567935902
0.366005028735
-0.553109828514
-1.44484161966
-2.29498603427
-3.07973793637
-3.69407465524
-3.93697907721
-3.57947586299
-2.49259086077
-0.770846547596
1.22339514754
2.93955589391
3.82876076515
3.57088514683
2.23567466772
0.292970563311
-1.55094364051
-2.63414261306
-2.61985100737
-1.64958185911
-0.28947556163
0.72012118076
0.810642446389
-0.125305079531
-1.63799027921
-2.87624389452
-2.94314305144
-1.3070189559
1.91044534466
5.90356890498
9.43917912059
11.3078785186
10.7912411921
7.95389935281
3.63831916004
-0.838552245328
-4.16533907798
-5.50071078076
-4.74040647342
-2.49097977181
0.222243486512
2.37866799156
3.33789754095
3.02093957891
1.84427654024
0.463242990732
-0.542788242721
-0.899825670771
-0.694081620546
-0.253176000062
0.0639851680843
0.0518645149298
-0.273567241096
-0.744846598113
-1.19710160144
-1.60906115953
-2.14457086367
-3.06573132388
-4.56206454872
-6.59014816683
-8.81803899589
-10.7176341242
-11.7716331076
-11.6993789409
-10.5905231133
-8.87659328397
-7.14870878157
-5.90598275412
-5.35469693964
-5.35417253208
-5.53245215581
-5.50954724621
-5.11134211888
-4.46177303117
-3.90347630103
-3.78684394131
-4.23877174207
-5.03797742019
-5.67373916773
-5.57265977478
-4.38929407592
-2.21661603821
0.396492031137
2.64420548597
3.79765667165
3.52309526589
2.03541243582
0.0117248402908
-1.69920811937
-2.44053254545
-2.01884491441
-0.762929643529
0.65053156013
1.51622169185
1.41234011508
0.363495460421
-1.2107416378
-2.72191829238
-3.693130584
-3.95563443066
-3.67442009822
-3.20691576648
-2.88298706274
-2.82856923762
-2.92405704284
-2.91071305604
-2.57642781763
-1.90998011467
-1.13250003973
-0.584907486267
-0.532360086405
-0.996196304996
-1.71284278752
-2.25233286209
-2.24140878198
-1.57475026707
-0.497026925348
0.49882486076
0.916292661427
0.523329936281
-0.495740973944
-1.59193501615
-2.09452791619
-1.53473724473
0.106303108114
2.35061830085
4.40817908859
5.51188390377
5.24727502646
3.72309268497
1.50560544866
-0.646212708255
-2.11291594191
-2.6542211538
-2.44756291931
-1.92147664248
-1.48343409696
-1.29196785249
-1.19447072345
-0.860317425388
-0.0319607096371
1.2495546959
2.57845120234
3.32946896506
2.95418206547
1.28310254137
-1.32436432366
-4.07176770841
-6.03221042777
-6.53522421567
-5.45531666367
-3.26584846249
-0.830923612435
0.969025139876
1.60508221519
1.09405591516
-0.0628661640348
-1.15670872457
-1.62263724279
-1.29776750943
-0.468091265975
0.305581189031
0.485869876573
-0.170596418803
-1.50065258966
-3.02634979001
-4.19463836731
-4.63911888732
-4.33437488506
-3.57417862488
-2.79642436355
-2.35252425294
-2.3404357968
-2.58055776374
-2.73608352451
-2.50573985214
-1.78470208099
-0.713074701088
0.404758665742
1.25806819653
1.67633437252
1.68850691273
1.47187806923
1.22974959258
1.07414468691
0.982022124613
0.846499927396
0.586017413247
0.23804041182
-0.0287943887762
-0.00247803895137
0.428075394184
1.15632732607
1.84769267803
2.06235916183
1.46576075108
0.0262404634213
-1.90648584914
-3.69844567842
-4.67671824128
-4.4190334875
-2.95390174771
-0.771820090584
1.36745959539
2.75149282982
3.01543012448
2.29067469656
1.13471469176
0.274633595626
0.281064369298
1.31885110086
3.08257013946
4.93868191753
6.20298005717
6.42546647469
5.55916825657
3.94933870178
2.16379660505
0.753161376571
0.0512203820134
0.0946964510814
0.677795564753
1.4937135951
2.28292111617
2.91865271542
3.40320122834
3.79863322399
4.14582353659
4.42265840468
4.56132270469
4.50583675624
4.26719568335
3.93733620844
3.6508903628
3.51776849672
3.56924747362
3.75334603274
3.98541259939
4.22429656362
4.52449099497
5.02339521569
5.85759518342
7.04494020196
8.39644908884
9.51683452638
9.9142643072
9.18604763975
7.20389306209
4.21300922134
0.790704657619
-2.33048219357
-4.5096615962
-5.41580087907
-5.12854525087
-4.08202800926
-2.87815815425
-2.04935673163
-1.86829620686
-2.27750335636
-2.9574929685
-3.49360361135
-3.56441115084
-3.07281272531
-2.17218003835
-1.18777205448
-0.475877934052
-0.282895557749
-0.658591988467
-1.44953815099
-2.36495865351
-3.08244315058
-3.35295210757
-3.07245631835
-2.30426093814
-1.2530685234
-0.203528366042
0.558698615496
0.82444245568
0.519396456847
-0.271449865782
-1.3221857091
-2.32582559893
-2.9811256532
-3.08032579962
-2.5679667385
-1.54894984353
-0.242694519647
1.09752758389
2.2655890284
3.14916676434
3.72407419103
4.00479853734
3.98324997579
3.5955721743
2.74353930886
1.36768764759
-0.462029052957
-2.48914464818
-4.2901008106
-5.38135065503
-5.38334868172
-4.17822702501
-1.99175552333
0.644624877571
3.04869234326
4.60714333316
4.97876371952
4.2037852881
2.67820922558
1.00463675791
-0.221758683303
-0.611334465264
-0.0920158963747
1.09784195966
2.52235853289
3.71662742236
4.34675676269
4.30854450395
3.73990405402
2.95373907207
2.32127576669
2.14520511984
2.55856839892
3.47442497969
4.59822323293
5.50190950136
5.74593186089
5.02200786723
3.27798320458
0.781728877179
-1.90992502206
-4.08608806717
-5.09297608638
-4.55863281075
-2.55075913322
0.400948565812
3.44408749138
5.67051795855
6.42267722372
5.52644753362
3.35727149149
0.705738470433
-1.51340505096
-2.60050039437
-2.32707346227
-1.00728930829
0.644320413818
1.81206072582
1.91460944507
0.841437229065
-1.00473014615
-2.87497539393
-3.98135742816
-3.81909689046
-2.37468661904
-0.138990014909
2.07626202931
3.44268184272
3.41967041231
1.94331846155
1.0920135745664084
-0.05624246021595525
-0.719147369427
-2.14454804232
-2.34809473307
-1.55534009267
-0.263208193905
0.970005719875
1.72950072173
1.86829667275
1.51390855668
0.969000016618
0.557193353028
0.481168677068
0.74847603498
1.18807691636
1.5420008851
1.58748426199
1.23645254708
0.57314148856
-0.180353015561
-0.749995442954
-0.907319438734
-0.538581961856
0.336481816636
1.59205238896
3.04421815165
4.48850281469
5.70885722506
6.46438863377
6.48185111585
5.48722376825
3.29236355319
-0.0813694919247
-4.29488793345
-8.66543447115
-12.2714086914
-14.187002714
-13.783660358
-10.9892058062
-6.39081085478
-1.11440891712
3.50275920219
6.34130151367
6.87206610359
5.32307361519
2.56695109703
-0.233320730399
-2.08039299812
-2.51380439035
-1.74279723669
-0.487988722748
0.394107868345
0.33339732493
-0.676580758046
-2.07376658958
-2.99885990084
-2.71976786211
-1.01400294963
1.66986947217
4.35219109596
5.90788311621
5.53049051219
3.07132342558
2.8388252711283
2.171118114925193
2.21088514175
0.000288584531816
-0.535230180789
0.194538934712
1.44595345384
2.50163327995
2.96413020027
2.85815526357
2.51711887661
2.33451975445
2.51883205452
2.9765271406
3.37298756808
3.32622390487
2.62240654555
1.33727421362
-0.197029447248
-1.55579094915
-2.42445586483
-2.73218112885
-2.65023916451
-2.46538006368
-2.4062562557
-2.52397126076
-2.69369924677
-2.73244622802
-2.558605775
-2.2913411752
-2.21888715152
-2.63926063666
-3.65450879958
-5.03677609939
-6.25753697171
-6.69058728434
-5.90503051462
-3.90656896385
-1.19755664381
1.3929370282
3.04587115222
3.30528193152
2.28034223091
0.594865526248
-0.898533841079
-1.50801893317
-1.01141442758
0.263333123012
1.62380412821
2.37244805688
2.16144054668
1.16679356574
-0.00483812476703
-0.629612245293
-0.242184949434
1.11680400818
2.90855564555
4.35816352672
4.84068003282
4.19613480814
2.81154216068
1.42371475442
0.737986888762
1.05384546464
2.08978754431
3.10398169005
3.26061080484
2.06644951623
-0.338852439795
-3.19009346233
-5.41140002633
-6.09911915189
-4.94832742634
-2.4202870234
0.432997746234
2.41142204754
2.67656578815
1.09818722359
-0.9530822645874366
-3.1871022331999654
-4.581144066447706
-4.581500192855273
-3.311723181069823
-1.4688487054640404
0.02896601414626332
0.47134893217921103
-0.3348778288328589
-2.004968233862897
-3.7722885086906928
-4.8336424566051335
-4.67948668891664
-3.267941315112438
-0.9869686993863382
1.5493785121059034
3.7568055134353244
5.26927489439
5.32657977192
4.70231456557
3.57953514268
2.12128775317
0.454797259521
-1.2729692538
-2.82524809114
-3.85860938044
-3.99539887303
-2.96670855438
-0.760313158061
2.30419932428
5.62131653089
8.45883062566
10.1697065486
10.3727810733
9.03591867184
6.44245283973
3.07315658484
-0.534458700671
-3.89267260581
-6.61171432842
-8.40425699446
-9.08285839383
-8.58012388063
-6.99202147067
-4.61310095536
-1.92036222483
0.519295387072
2.20254817344
2.84809144142
2.4884616786
1.44546175784
0.190971338287
-0.848950293825
-1.45788214315
-1.68464336399
-1.76675516655
-1.96425834608
-2.39277273016
-2.94583664185
-3.3501697296
-3.32638906881
-2.76876300949
-1.8427500326
-0.938195115014
-0.490789297006
-0.756710787926
-1.65678284538
-2.77828425334
-3.54639518851
-3.49037483129
-2.47643017001
-0.788869354264
0.988456721145
2.24039456234
2.61126739507
2.17461807107
1.39317075781
0.881511223137
1.08277350199
2.01780100137
3.23582302038
4.00175775589
3.64088105607
1.88184387906
-0.966706840515
-4.09790451924
-6.52068053494
-7.47133809314
-6.74002250276
-4.76474536719
-2.44820844953
-0.775553403695
-0.39858192715
-1.36523639651
-3.10780888057
-4.69032816637
-5.20579409159
-4.15473321467
-1.65087210332
1.62258284187
4.67808637369
6.59623364524
6.85739460384
5.51115261617
3.13308737546
0.600849248891
-1.21734702555
-1.74840106953
-0.882391168464
1.01974422239
3.26643481911
5.06813052344
5.78613696683
5.12394782148
3.20836835411
0.540043268174
-1.5710704542557181
-3.033797828649057
-3.4012917036189805
-2.6157695970665884
-1.022243383799136
0.7599926858483741
2.067977312379327
2.446208322253483
1.8230457773386632
0.5407595830194083
-0.777311087472
-2.10615292541
-2.3815546037
-1.56882915297
-0.0369415603344
1.59853992074
2.72815992521
2.98791860128
2.38435449752
1.25766665527
0.108625023974
-0.625628722732
-0.74399041513
-0.330080631458
0.331491511722
0.916409203201
1.21197295696
1.18431073469
0.937916240961
0.604133880235
0.232772112904
-0.243870629446
-0.949687236774
-1.94084210021
-3.09567193642
-4.09455221411
-4.52148162192
-4.05244891966
-2.64168532889
-0.60585175429
1.45274413288
2.86724539513
3.18140748102
2.35441699009
0.79566297202
-0.79582485848
-1.72255864916
-1.58305787291
-0.437827735165
1.22781776388
2.7263205698
3.47364954182
3.23938631054
2.23015407882
0.974122989236
0.0661219026951
-0.105429586417
0.475025895952
1.46084045828
2.31680630097
2.56764120449
2.00397758921
0.755637944391
-0.790450271128
-2.17667371388
-3.0701058071
-3.37574776754
-3.22418905955
-2.85515901871
-2.46770123689
-2.11802441124
-1.71482375242
-1.10722987649
-0.211446998692
0.896737730096
1.97675706691
2.71187826332
2.84900815029
2.3204020648
1.2865353686
0.0779471444122
-0.937407550962
-1.49991997501
-1.55120855218
-1.23476522043
-0.808947259071
-0.516661754534
-0.473413052187
-0.623595446384
-0.781267434259
-0.732874454016
-0.353203231294
0.317235893825
1.06590209033
1.57418408026
1.52778940086
0.728467347448
0.8504883317071261
0.3996821378123627
-0.28724138671323374
-0.8211145697516429
-0.866509124925372
-0.22790192577
-0.542557557575
-0.319163956905
0.170777485622
0.632152311491
0.837682874149
0.693004109254
0.25406220658
-0.308973342972
-0.787943503917
-1.02390605463
-0.970692560185
-0.708812171881
-0.404115900492
-0.229686116263
-0.286233321404
-0.557423056682
-0.92055024427
-1.20675439185
-1.28102091574
-1.10259033364
-0.736436809195
-0.31162177481
0.0500440848262
0.295938340111
0.461085146605
0.632757664867
0.881088093712
1.19603763715
1.46998795741
1.54185605267
1.2844850664
0.690266339696
-0.0941393336015
-0.810436856931
-1.1958944171
-1.10637073703
-0.593346755527
0.108397148489
0.683239782219
0.882077641377
0.64367059277
0.128286803928
-0.35672507754
-0.506046906789
-0.167689509939
0.579649958846
1.46404426572
2.15589056042
2.43375883506
2.29483293346
1.95017026176
1.70314715723
1.77102622179
2.14277898568
2.55259200958
2.59271815017
1.91819945535
0.445235654104
-1.55850136844
-3.54551650009
-4.8987778972
-5.18814589035
-4.35415757569
-2.73147737516
-0.899128235546
0.572678836043
1.35931023948
1.49025798771
1.28063462862
1.12438421085
1.25708920973
1.61218723959
1.84831477236
1.53918787815
0.433117135447
-1.3510059237
-3.2994562472
-4.67965431535
-4.84786321483
-3.5523301887
-1.09031956823
1.7615041844
4.0241386613
4.88890850322
4.03077510329
1.73288726029
-1.22543926923
-3.86527987269
-5.36376600275
-5.32727202498
-3.8850633934
-1.58760264497
0.826852436635
2.69045774387
3.5894459464
3.42219188191
2.34211311252
0.640412280817
-1.0327603385103572
-2.7355413637640993
-4.2489703388480535
-5.402009191376607
-6.070388641307645
-6.197776866746935
-5.8273892754431245
-5.1148137570506975
-4.296948624544001
-3.6159761904284835
-3.2269225989736015
-3.1339645984
-3.47459960344
-3.74618198043
-3.76533614581
-3.48159133778
-3.00536048131
-2.54983794537
-2.31380732162
-2.36582339609
-2.59316701927
-2.74795382524
-2.57248744851
-1.94218685444
-0.950865477518
0.11134586745
0.88391293389
1.10768981906
0.757381663885
0.0649427066019
-0.583622865867
-0.83192875729
-0.528336058326
0.195722435441
0.986799223642
1.44343298801
1.31863165156
0.649238124516
-0.255574749241
-0.965077824112
-1.14455120071
-0.730625131498
0.0271863159781
0.685904939489
0.836025060419
0.325738942494
-0.63150884254
-1.52708308111
-1.78044267329
-1.01473551773
0.745990172019
3.0557617189
5.21845213911
6.57768147595
6.79271301709
5.97278329055
4.60763230059
3.32751249408
2.60628258427
2.54790720034
2.85681322312
3.00490698836
2.51427946653
1.21929925708
-0.618847028528
-2.40260190262
-3.45426132884
-3.32060517194
-1.98543863885
0.108193816673
2.23708844941
3.69794602049
4.0949020929
3.48936126385
2.35137585277
1.34118781046
1.0225445936
1.63386352834
3.01074792468
4.68163985523
6.08214428399
6.78718099641
6.66196135464
5.87780175944
4.80267246514
3.82847611731
3.21523571919
3.01267696132
3.07634776807
3.15207299872
2.97964877833
2.371685007
1.24856156177
-0.361707972545
-2.3356778622
-4.46146095096
-6.44243291831
-7.91728688952
-8.51822375996
-7.97117873926
-6.21249293624
-3.47254167549
-0.275057991952
2.67262902292
4.67740786331
5.28081316903
4.41635581526
2.43494643273
-0.0204055351627
-2.2468866846
-3.73032591066
-4.30964457558
-4.19148310779
-3.8130193918
-3.61635131221
-3.83547477568
-4.38988481462
-4.93030496603
-5.013836777
-4.32841579683
-2.86515279155
-0.960722155571
0.810839869197
1.85250934524
1.77585181962
0.555153454937
-1.45654720248
-3.65268841802
-5.3870063196
-6.19185737257
-5.92080387652
-4.76978836081
-3.17992672438
-1.66738477392
-0.646562369836
-0.30706359193
-0.578756479651
-1.18533936443
-1.75835175075
-1.96888882111
-1.63506470251
-0.775738444838
0.400943997745
1.56752740685
2.38441183121
2.61351015043
2.20493541389
1.32831786992
0.333786744976
-0.352151202981
-0.368439072224
0.445126574731
1.96685033221
3.80121528815
5.38289433061
6.14953020695
5.72867504638
4.07475439432
1.50551177425
-1.37960136859
-3.87578818569
-5.38709768402
-5.60763230077
-4.60986133956
-2.81162014645
-0.833943498148
0.702629069552
1.37677809753
1.09664735219
0.12080467507
-1.03631642923
-1.78488905463
-1.66948860058
-0.540880659564
1.36869644386
3.4981706246
5.1304021463
5.63631209681
4.71171738476
2.5213232158
-0.313089328508
-2.89418387371
-4.35254897083
-4.17190718077
-2.41480224516
0.248646886644
2.74065754534
3.94963847062
3.14892573282
0.301251337091
0.7887156593266127
1.18930570634
-1.97198444978
-2.93989934475
-1.53485215834
1.57801352762
5.12309040027
7.68211451683
8.21681689091
6.44438962038
2.92205781454
-1.18641941944
-4.56303229302
-6.22344043604
-5.8502369311
-3.85186846059
-1.14379852082
1.24016512031
2.53864884244
2.50187965432
1.40250288445
-0.156430357631
-1.52962345662
-2.28079609915
-2.29895359969
-1.75590642219
-0.956695442882
-0.175513216245
0.439853919027
0.862126511176
1.10542094371
1.14040018692
0.868727304489
0.18099960396
-0.933161584324
-2.29286007737
-3.52085428151
-4.15345284609
-3.83116592705
-2.48572350574
-0.428317558078
1.71883277371
3.23573534687
3.58113723092
2.61510797638
0.667751457254
-1.58176014807
-3.36902840462
-4.14096220488
-3.75993044868
-2.53112507178
-1.0464797659
0.0819664976335
0.48071954148
0.154844505947
-0.544919046967
-1.10414729578
-1.08799231094
-0.335830041482
0.974826450601
2.41475513617
3.49211067776
3.8548941342
3.41865253555
2.37159505554
1.06771835984
2.5242925300232457
4.31368220381
3.97580702795
3.90737959046
3.95017063203
3.99472349946
4.03141051438
4.13085698262
4.37220392679
4.76515410206
5.21364560535
5.54524617886
5.59380665551
5.29258828072
4.72665123358
4.11137901176
3.70003038241
3.65963448542
3.97342760948
4.41963072165
4.64381499338
4.299966535
3.20287606945
1.42665716943
-0.695043846065
-2.67115475587
-4.01914834044
-4.4303106457
-3.87092337438
-2.58329839257
-0.991620428563
0.445629357135
1.37757005768
1.64626066607
1.29295631557
0.497341909406
-0.513037001544
-1.5404178685
-2.45335305465
-3.17950597863
-3.67504330408
-3.89993152177
-3.81985031295
-3.43499175969
-2.81561144844
-2.11562907646
-1.54431992779
-1.29831459568
-1.48024531394
-2.04312221494
-2.79270816296
-3.45537669798
-3.78736333756
-3.67857535766
-3.20252984209
-2.58604614723
-2.10879393457
-1.97663962966
-2.22716087968
-2.71260539669
-3.17003601167
-3.34682893409
-3.12218804624
-2.56590185934
-1.90487383647
-1.41248198409
-1.27404650204
-1.49450837539
-1.89478739672
-2.2001011497
-2.17771680398
-1.75601353902
-1.06469172769
-0.374318461165
0.0363958520393
0.0201529747077
-0.362835164829
-0.871919770905
-1.20459642464
-1.14831052699
-0.689133870581
-0.0213125058132
0.548994656444
0.758657426454
0.523155908349
-0.0168854334074
-0.563622835296
-0.811458794193
-0.602418393806
-0.00714884555286
0.711916637172
1.23827336717
1.36962241863
1.12806357056
0.751012251505
0.562301788259
0.786530751393
1.40331305857
2.1229148847
2.50639952711
2.17983949542
1.04032664158
-0.651193264077
-2.34521461478
-3.42213915355
-3.45780876155
-2.41315496863
-0.657094700543
1.1913390033
2.53050820416
3.03001587768
2.75400585276
2.09933661532
1.58219109534
1.57797511711
2.13941026659
2.9773690458
3.60868025145
3.5946361556
2.75255352571
1.23983900872
-0.524316447552
-2.0540207512
-3.00806263545
-3.31441176996
-3.15380846718
-2.82282288837
-2.55756946256
-2.415437925
-2.27640686551
-1.95759952761
-1.37122434361
-0.630914824029
-0.0384419181527
0.05204226648
-0.574009763447
-1.84553980555
-3.39065065275
-4.67338833695
-5.22577406277
-4.86586001032
-3.79361712636
-2.51223954208
-1.60637105889
-1.47940523926
-2.17386368068
-3.36027072397
-4.49925109322
-5.09818369142
-4.93860892128
-4.16586637107
-3.20048565383
-2.518045779
-2.40769036872
-2.82834767275
-3.43218884131
-3.74191648245
-3.39316635917
-2.32238776899
-0.808502755944
0.651145805381
1.56951256603
1.69263770346
1.11071576306
0.20723387355
-0.525808444068
-0.716007110793
-0.2740136288
0.581066161824
1.43975687569
1.90164812277
1.75913451432
1.08120549536
0.164930063243
-0.613627139409
-0.972333609799
-0.83744327461
-0.351157969734
0.22167995403
0.634362582816
0.775142137952
0.706508852337
0.615541824944
0.708084735334
1.10382140943
1.78352577272
2.60918009355
3.39949230891
4.01722873987
4.42282014885
4.66999111058
4.85119088436
5.02635495771
5.17533961579
5.1999827975
4.97470115614
4.41918770652
3.55574487508
2.52182602061
1.53055124244
0.796811260564
0.462040125875
0.550069035994
0.97099077537
1.56777665376
2.18204198593
2.70879147196
3.11720538744
3.43135128208
3.68318490683
3.86241381578
3.88905729668
3.62487380759
2.92342458188
1.70178864944
0.0060646852679
-1.9581217563
-3.8490341167
-5.26718231787
-5.86927131038
-5.48258955562
-4.17978106444
-2.28319526489
-0.289815218561
1.26460942071
1.96018863771
1.61471317175
0.330548537589
-0.37277082300899167
-1.2064070470391641
-1.7298780148729236
-1.65159091737
-2.18002173302
-2.12745342164
-1.70902663028
-1.15366548087
-0.630555127088
-0.223115415674
0.0519121346002
0.204502790805
0.240836598704
0.16076946883
-0.0200624591583
-0.245457218691
-0.416970533713
-0.427268358421
-0.216506720323
0.179882698475
0.625898840207
0.93708910389
0.973164303843
0.726583600819
0.356018500408
0.13502035751
0.327622090799
1.04390331044
2.14730222331
3.26887399356
3.93647589692
3.77034108011
2.65885086664
0.830328150103
-1.21959836036
-2.91913521891
-3.84675438478
-3.89036434066
-3.26645549585
-2.39228681045
-1.67445018708
-1.31708509898
-1.24226612933
-1.15845638656
-0.738505889122
0.186030869505
1.51464647339
2.90800240963
3.94204515297
4.30606663392
3.94308703717
3.06266905642
2.02444547974
1.1589084133
0.623647030326
0.37086312894
0.237433298495
0.0973117890412
-0.022129016732
0.0600078637923
0.549060249538
1.48427489759
2.60321371849
3.36303416785
3.14463427011
1.56405826696
-1.2583655825
-4.62347313542
-7.44767855615
-8.67417093471
-7.73383690606
-4.84515056641
-0.997872419589
2.3992870904
4.07229513293
3.40160082999
0.677730165448
-2.59137219873611
-5.440632818102813
-6.731888614661699
-6.044368321669083
-3.801867076010552
-1.0249912320842611
1.165179210990857
2.055041279181509
1.623511275338629
0.4822412353637304
-0.48371287608127034
-0.588620268192372
0.3016645824820188
1.70573231750528
2.773786998234982
2.7171457651806747
1.2065901998681738
-1.4525266606198954
-4.446825086039539
-6.81391309290791
-7.856267370088801
-7.41442831762
-6.20770178704
-4.62336169458
-3.34670131446
-2.74465747847
-2.76668128154
-3.06246427988
-3.23074306073
-3.05377563402
-2.59246166361
-2.10259503401
-1.83493095142
-1.84503035099
-1.93001344313
-1.73471082229
-0.970996982055
0.374210446569
1.96676854986
3.24391846123
3.67600727652
3.0424701541
1.57757798621
-0.0985497847169
-1.24200244652
-1.32017862848
-0.259948294977
1.51159769401
3.25469724189
4.24383848688
4.07982478405
2.84371451315
1.02953334869
-0.699568876977
-1.80595895386
-2.08189877128
-1.67751469761
-0.959971703527
-0.294283290611
0.133719744349
0.36667343781
0.589056338577
0.972268682657
1.55178511796
2.21024514002
2.77173582824
3.14232609694
3.4012073647
3.77415411263
4.49181721691
5.60944982632
6.89840042505
7.89052144913
8.07664479909
7.17113033191
5.30575663007
3.03839720093
1.1486665602
0.302193219149
0.740595598914
2.15339676165
3.80654945711
4.877503294
4.84078089217
3.71608037817
2.05263880712
0.651465215279
0.158723937351
0.73243822423
1.95377715404
3.0357937517
3.23349420445
2.25356281058
0.45428401157
-1.27694705295
-1.92484442565
-0.842638366858
1.89385615569
5.45161729864
8.55466609349
10.0118523268
9.22028507184
6.41588573549
2.55964884509
-1.08305838405
-3.47310743378
-4.19639439059
-3.55893354086
-2.35496107491
-1.4389674495
-1.31825687982
-1.96053522029
-2.89526928679
-3.53761839869
-3.55439055807
-3.07579750976
-2.64048944097
-2.90087767203
-4.24060324686
-6.50393510058
-8.9844164201
-10.6935079506
-10.7917550089
-8.98272160389
-5.68334440948
-1.88655879891
1.22635949244
2.75263135289
2.40981706631
0.609376459457
-1.757577683
-3.71449529634
-4.59325760197
-4.26003339095
-3.09243113465
-1.74393273211
-0.822418827263
-0.634837644685
-1.10349507441
-1.86894483821
-2.50636856721
-2.73799134808
-2.54041087927
-2.10901490317
-1.71663326775
-1.55227650167
-1.62650065591
-1.78654788045
-1.82267123987
-1.59999578627
-1.14108234712
-0.615297678549
-0.243642424463
-0.173240967094
-0.390742871541
-0.721790154499
-0.917312067844
-0.7816058256
-0.275652299908
0.457633444359
1.15912809898
1.57680596866
1.5846315449
1.23821040332
0.741003029283
0.340009022571
0.204602628164
0.34953019228
0.639840769726
0.873741264255
0.899950083048
0.708449769881
0.446129606877
0.345475885076
0.597578323126
1.22975266908
2.04924728888
2.6869680395
2.73113207898
1.89974366684
0.180786107962
-2.12119173278
-4.4577943329
-6.20764982433
-6.88510148259
-6.31034543859
-4.67776760505
-2.49621221225
-0.421554554402
0.959156009284
1.31569323583
0.669215134597
-0.637949900267
-2.08341575877
-3.16300948142
-3.57230766447
-3.30446408097
-2.62903388195
-1.96160310634
-1.67602837355
-1.93410943116
-2.60224883605
-3.29215209686
-3.51441990724
-2.88810330274
-1.32395826453
0.894878157431
3.17468478488
4.80146681513
5.19485495746
4.13262583121
1.85952339735
-0.966015429264
-3.47481512816
-4.87147040503
-4.70081823574
-3.00165958772
-0.292633332333
2.60513266614
4.84612371928
5.84184003623
5.44815561178
3.99576069519
2.1566398269
0.696573918481
0.202014759241
0.876639855647
2.47693340014
4.40694956735
5.93719593003
6.47007515145
5.75867308531
4.00193044068
1.78185410221
-0.136868389109
-1.07615231035
-0.688695740525
0.909949834986
3.17067976341
5.29460442459
6.50914060452
6.33980279316
4.78053149195
2.30009049821
-0.31969795686
-2.25723978952
-2.93839712165
-2.23469190125
-0.502102538599
1.55143634845
3.11938968441
3.57773814128
2.69349789935
0.690202708635
-1.84559575026
-4.17527087973
-5.6562094348
-5.93992688921
-5.05821294112
-3.38011217738
-1.46841019671
0.105732150933
0.926016124443
0.825536158162
0.05639171162098933
-1.2550780224127465
-2.731562581595
-4.01502113581887
-4.852950044190621
-5.14498588809073
-4.945992744361618
-4.43083514542738
-3.832050467301599
-3.3660353470323088
-3.1665617600493476
-3.24483270418
-3.66423150994
-4.06261016665
-4.24847878517
-4.10444954562
-3.63582264568
-2.96741985244
-2.28679385021
-1.75686083209
-1.43794063818
-1.25845705958
-1.05310543234
-0.654963552455
0.00119735885646
0.817937813016
1.55467026851
1.92901427509
1.75928484668
1.08086568435
0.17335126237
-0.528440734903
-0.612654423918
0.115917326795
1.51642142735
3.13116674558
4.34928927833
4.65405500346
3.84925038752
2.16160628034
0.165460807453
-1.44691266764
-2.15481220827
-1.83217357529
-0.802061433147
0.307949163628
0.851652504325
0.467903558188
-0.733623584408
-2.1921538212
-3.11990456017
-2.83912601724
-1.0888590181
1.83159932667
5.147245432
7.88803933049
9.25103820446
8.89619512322
7.05803206003
4.43424665482
1.90484015532
0.201649246907
-0.338705223925
0.151841801793
1.18643290691
2.16073906987
2.60740323683
2.36515532479
1.60622258389
0.729104781379
0.175888384981
0.253700285115
1.0249675211
2.29335434
3.6722114383
4.69784317664
4.94756879996
4.13654669086
2.18451116256
-0.747767048129
-4.25560490149
-7.7327027001
-10.4719401782
-11.8246277491
-11.3909492256
-9.18553124205
-5.70934480037
-1.87581658162
1.21460577699
2.59660777188
1.75509368972
2.80453647742209
2.511514089248166
2.02927992501
-1.82571482533
-3.86033364406
-3.85174341045
-2.21493377568
0.190474630669
2.3971133757
3.67541273415
3.75592162523
2.85335267634
1.50219868644
0.289611086468
-0.393896864561
-0.484203639302
-0.213179471554
0.0486893994221
-0.00937130345498
-0.49482943654
-1.28387917032
-2.10996859816
-2.1010494032761216
-1.7513669888312648
-1.1318587906098827
-0.4513918285271501
0.06366397160230974
0.29249355842900115
0.28146428635
-0.107710824222
-0.33511507956
-0.269816715108
0.0570424523141
0.46269714676
0.704143827156
0.604272358779
0.148505677751
-0.497929238623
-1.06252293672
-1.29341466263
-1.08046511284
-0.510036058481
0.1738243739
0.683492914536
0.822203491381
0.573997738017
0.10613551153
-0.316489903246
-0.46275866773
-0.248460962498
0.223598506843
0.715430393981
0.971729204281
0.845972889941
0.373343232517
-0.244675758774
-0.736001803123
-0.88700040498
-0.642129801497
-0.12635916237
0.419325356875
0.756444208724
0.762596802353
0.484241360582
0.103599247066
-0.162259039829
-0.177975180978
0.038079084204
0.324177644696
0.463947687062
0.308589424275
-0.131239498791
-0.674775185591
-1.05311765657
-1.0479259032
-0.619251827901
0.0446208751756
0.588444272511
0.642849600828
0.00266181486454
-0.8502285443735502
-1.9559466291766654
-2.799677685188499
-2.92709950486244
-2.148104980992912
-0.640642588081846
1.0961949149465937
2.4263727136987825
2.824782592490834
2.0861805148804677
0.40811964498865905
-1.6857771161258484
-3.5481648629116194
-4.649856578393823
-4.761404204092642
-4.004302415761472
-2.76059067389
-1.8073798777
-1.17719803494
-0.9940770293
-1.15724330036
-1.44167986926
-1.63871925143
-1.66345381462
-1.57859386163
-1.53047858955
-1.63863882696
-1.90299932418
-2.18184788851
-2.25537178306
-1.94367431961
-1.21808379998
-0.245544654217
0.662340293722
1.17709360495
1.10051739991
0.462155110442
-0.480352663968
-1.34082815371
-1.76070274264
-1.55276373726
-0.770261147972
0.325536150146
1.37975431366
2.08535660053
2.28866037934
2.01775001672
1.43207453081
0.728509273721
0.0556953996433
-0.522354527536
-1.00334537217
-1.38830485209
-1.63025091491
-1.62651592991
-1.26446553895
-0.497482704707
0.592697233046
1.78817132251
2.79638628981
3.35978034222
3.36497535231
2.89883293345
2.22084549544
1.6595221332
1.47621990407
1.75584485481
2.37224682892
3.04260461996
3.44571750705
3.35231212661
2.7130147958
1.67125113422
0.502461508237
-0.488874706644
-1.0699741464
-1.14169190064
-0.747137082555
-0.0360547107045
0.791982510202
1.54258992908
2.06693553976
2.28602312612
2.2025863635
1.90141329835
1.53298474328
1.27409938531
1.2674299216
1.55719575432
2.05093216217
2.53662463396
2.76495390881
2.57361243718
2.0002347744
1.32095502052
0.974007984301
1.37768204522
2.70871353801
4.74236384681
6.84643010116
8.16471810165
7.94123399341
5.86166355674
2.26129146624
-1.91208315426
-5.39580004623
-7.07223608076
-6.41159243556
-3.71016966744
-0.0111929061026
3.27560062892
4.91020069074
4.29739021963
1.70388267215
-1.87309339576
-5.12917481324
-6.98765449639
-7.01936059848
-5.57417154959
-3.57850820464
-2.09859403583
-1.86761554678
-2.98337449412
-4.90003531607
-6.70284877933
-7.53033446467
-6.94984189962
-5.12341120101
-2.70346852695
-0.522193548725
0.773273060939
0.973652417129
0.34481628823
-0.548332965521
-1.13206258209
-1.0846995297
-0.450920129173
0.428758180255
1.12065585781
1.32182918581
0.994149772707
0.351540035449
-0.278837778951
-0.639110184268
-0.668972298702
-0.516985907788
-0.437395156402
-0.635193235013
-1.14657782299
-1.81930594379
-2.40121767059
-2.68575175041
-2.63201310255
-2.39014051454
-2.2134240361
-2.30049404623
-2.65174663761
-3.02225783411
-3.00847547454
-2.23932071529
-0.586537032332
1.70793483379
4.05844138067
5.72036716867
6.06589443123
4.83934014504
2.28430449039
-0.914735261384
-3.85837044819
-5.7397398083
-6.11550368107
-5.03875927606
-3.0091146221
-0.767559447332
0.978117240568
1.79039269745
1.61661657941
0.750028296949
-0.331842897475
-1.17531731931
-1.51787520546
-1.35199334522
-0.871226250411
-0.33508826968
0.0784465811295
0.362870064857
0.674837631069
1.23347998138
2.17661552721
3.44465680911
4.75284523704
5.67429208943
5.80603496233
4.94972526631
3.22622056876
1.06639248425
-0.33233788147813925
-1.0185968895147255
-0.7116915063669325
0.48343401097081085
2.1088024993780863
3.528182980913428
4.175028515341793
3.7723309191712673
2.434308096732039
0.6103312681013904
-1.1007016130746337
-2.182591209302174
-2.3807633845
-2.41249555497
-1.91559426483
-1.24861241968
-0.667450621681
-0.238869837796
0.131889059026
0.586721809954
1.18515047101
1.83655189697
2.33470480227
2.47666015326
2.19831916148
1.64557153085
1.13101875531
0.987151332003
1.38582305664
2.21900066383
3.11157869718
3.57343871125
3.22609953984
1.99632375468
0.178730382919
-1.67059162391
-2.96570522128
-3.34105376673
-2.80214235061
-1.70550422418
-0.579778937487
0.122632927019
0.22096273732
-0.144993934136
-0.629755409757
-0.893799874514
-0.796045490256
-0.463518627073
-0.20191590411
-0.297939229012
-0.824954717429
-1.5645825421
-2.09624189964
-2.01538417979
-1.16747092333
0.230828721985
1.65842231594
2.52314946727
2.45010143169
1.47779423901
0.0555025493962
-1.16661751724
-1.65595504123
-1.26562712146
-0.313494250225
0.574522529475
0.783890373311
0.0351241764067
-1.45353692923
-3.05177408385
-4.01413112473
-3.8432064074
-2.53806322904
-0.602497104069
1.19217314417
2.17156877253
2.06802210206
1.122860165
-0.0643593054549
-0.855352867444
-0.892103977337
-0.250426013958
0.645617627963
1.29251992613
1.40472427588
1.07170033716
0.684762958912
0.674222433983
1.2086505533
2.03736238974
2.58471735292
2.26575759218
0.860697361969
-1.26517156577
-3.24528412324
-4.09516523123
-3.22519869902
-0.822422666285
2.11894036756
4.17842946235
4.15570691762
1.6866454379
-2.47895830393
-6.70545196193
-9.13912389897
-8.53338560439
-4.85674706447
0.608625068994
5.74564443672
8.4624916297
7.55952485403
3.22018861463
1.3789956716057645
-0.3173340080980296
0.00980806087411
-1.38924760562
-0.185271512601
2.33101119666
4.57641710403
5.40069377497
4.53580797431
2.58866943798
0.625424324172
-0.414472369421
-0.174386217643
1.00429916501
2.33254109308
3.02885833232
2.72757775445
1.63181953792
0.350957012816
-0.467597537505
-0.500112356933
0.09449593432
0.79445166471
1.03372612693
0.533183636017
-0.542681811989
-1.68787296437
-2.35314798545
-2.26770389018
-1.59934126686
-0.859999604537
-0.608298537651
-1.11773730187
-2.20253596955
-3.307959087
-3.82364298097
-3.44850336788
-2.3978886901
-1.32268320969
-0.966941257966
-1.74143953398
-3.45085658977
-5.34340115891
-6.48378574906
-6.26948373081
-4.81435904136
-2.97112147487
-1.93946162071
-2.62576551882
-5.07014878006
-8.25346908736
-10.4314989199
-9.88907969897
-5.78685134942
1.30051804422
9.43798445398
15.9978218838
18.6787795853
16.4412428217
9.94698409561
1.30567476457
-1.6846042143842226
-1.83556800642
-2.98283032686
-0.8485390603
2.87130435776
6.15221894203
7.50939450983
6.53626366955
3.91516568918
0.956482668038
-1.07075881359
-1.48847777498
-0.40597195656
1.47457281866
3.28932992618
4.432550367
4.75782517876
4.49668515859
3.9907116452
3.42461421112
2.72584300657
1.68101560634
0.18076890432
-1.57710802345
-3.07497206832
-3.68972808098
-3.03217704655
-1.22307294494
1.06439952952
2.84968389235
3.27711642674
2.02607190647
-0.512702376866
-3.39625579618
-5.5576932911
-6.29763384364
-5.59602551847
-4.08880177787
-2.7226281357
-2.26504867307
-2.92159065026
-4.25617603543
-5.4536469895
-5.78404010841
-5.02048956142
-3.58354106038
-2.32546387737
-2.05771448819
-3.06537473121
-4.86996037433
-6.38424328529
-6.40658493283
-4.22577519815
-0.0403867573574
5.02462707019
9.33319225281
11.4077805674
10.5518917876
7.14263500702
2.4632501717
-1.84248899883
-4.44228694808
-4.81407254937
-3.36445378504
-1.14387725545
0.680346335449
1.33492646961
0.708096724421
-0.717947596944
-2.19400050543
-3.09927045559
-3.20383181182
-2.68755582445
-1.94304854571
-1.3006489908
-0.840860881436
-0.394962559282
0.281604102423
1.28004131971
2.40158247525
3.20734860005
3.23969895871
2.29771308532
0.610493223203
-1.20107812378
-2.37456677524
-2.35513424617
-1.07277750562
0.993794496006
3.00564452341
4.11992848922
3.84776008212
2.24833357906
-0.123821949579
-2.48110995096
-4.13982782767
-4.77045777875
-4.45464940891
-3.54668800985
-2.43549267969
-1.34480129465
-0.275307297477
0.895214217771
2.22971296076
3.58927381
4.6270812648
4.93524712466
4.26933938795
2.72421883412
0.753201447689
-0.99764136464
-1.96885047077
-1.94371548283
-1.1486774736
-0.139964669176
0.474047620379
0.339790984106
-0.458919427598
-1.43739745637
-1.95243700652
-1.53426849067
-0.145667753259
1.7603634933
3.41578459734
4.06484307966
3.29079964798
1.19191451254
0.6292913060612477
0.0861109901574224
0.243253287993
-0.984096249696
-1.26524783071
-0.989904603313
-0.620492438017
-0.469975656152
-0.590940182624
-0.813258233572
-0.889975016698
-0.661855762237
-0.152560363072
0.447041669111
0.883991244316
0.971880797073
0.672959841032
0.0979955548283
-0.561941918015
-1.12206796413
-1.45739761377
-1.50204951405
-1.21448558949
-0.553696021895
0.49718540579
1.86115172771
3.29638188521
4.3889138429
4.65235496883
3.72140275698
1.56274805196
-1.40589650041
-4.37564329458
-6.39774046675
-6.74445210798
-5.23000783621
-2.33968233306
0.913441568703
3.36685717432
4.17436613856
3.16128021958
0.909261640456
-1.47607834956
-2.82319299168
-2.38551998311
-0.155939669155
3.12838033169
6.28916396849
8.1844637947
8.1561043799
6.26377699116
3.22191930953
0.0856280838329
-2.16689636522
-2.97834724643
-2.35517924678
-0.780808626623
1.03037951732
2.41344768336
2.952291993
2.54184779778
1.33007038528
-0.39472711909
-2.30196494171
-4.06822571029
-5.39075360197
-6.00530068601
-5.74010505788
-4.60007932159
-2.83433270228
-0.925444412774
0.534485626783
1.05759560084
0.480750967451
-0.915742264658
-2.4702915716
-3.38529278161
-3.06767874062
-1.4186095923
1.06708970028
3.45620178885
4.73912243638
4.25211109659
1.9765792508
-0.8287424863532209
-3.6561273546828943
-5.405291129781176
-5.416865025653394
-3.729108238722773
-1.043809468829437
1.5788427896458046
3.160104990144575
3.1871686335894793
1.7838030888560326
-0.3913876167834758
-2.456877608035498
-3.681722179285657
-3.7570522488288987
-2.860631823434389
-1.5102346356081995
-0.2952102421052416
0.38028936447969386
0.4305260703564926
0.05708365584777653
-0.4050427342424143
-0.6700302697018827
-0.618114672935
-0.866898153868
-0.979282078101
-1.04903421963
-1.06566197991
-0.934605749537
-0.568480454255
0.0122662301569
0.638749255602
1.04901348468
1.01876198511
0.49876981218
-0.321692245804
-1.07324188083
-1.3719138945
-1.0169839666
-0.120700421668
0.905476539181
1.51750085416
1.29154136386
0.147820948598
-1.56482060306
-3.17538957063
-3.95341856341
-3.41868709806
-1.56218949081
1.12249437618
3.8166019655
5.68995887686
6.21884558378
5.37459117749
3.60720520051
1.63807111114
0.156722279927
-0.446737579179
-0.204428194747
0.491713785162
1.09588707096
1.15813183611
0.508062634364
-0.698012449953
-2.07071696067
-3.16469904909
-3.65309769763
-3.4269110061
-2.59173585478
-1.38552524325
-0.0727722720752
1.13054177673
2.07613164601
2.65995275682
2.79426030928
2.41119667936
1.50706893834
0.201678416797
-1.23393189125
-2.42060128335
-2.98980934855
-2.73814585728
-1.74716607584
-0.401181224977
0.725394686571
1.08019825987
0.361977191034
-0.8674034804233912
-2.5905835153517387
-4.108474854604623
-4.777549869286588
-4.269138348614874
-2.706998404550916
-0.6231179368907505
1.2510502374293395
2.2704800736464676
2.1204001112074167
0.9194945225538902
-0.8531427575243384
-2.5667817508425514
-3.6880849283566164
-3.96475646643691
-3.475016594438088
-2.5384851893014684
-1.5448469262253326
-0.7862395663732258
-0.3664517313167721
-0.2144304990711703
-0.17602862965483723
-0.1232286968195524
-0.01986176443162435
0.08574250565402508
0.126515670174
-0.353042191917
-0.820559436289
-1.1248904673
-1.13071549649
-0.805172390649
-0.25785070423
0.294066241454
0.622818296995
0.60090344048
0.266861127578
-0.191609111345
-0.532163214772
-0.583168290837
-0.334721572947
0.0541359419578
0.338803554262
0.321952219178
-0.0333278855114
-0.571668038301
-1.01604310145
-1.10875738044
-0.751905390358
-0.0730082894046
0.623345514036
1.00001222675
0.859695619958
0.259186483999
-0.49558729705
-0.978097769115
-0.83695265857
0.0323641444647
1.42202831995
2.88603905471
3.92191644714
4.1775904195
3.59031151832
2.39777536623
1.02233313045
-0.112723267271
-0.748144395638
-0.863212507589
-0.636175170736
-0.323212302376
-0.124429307367
-0.104332464194
-0.199138272226
-0.294315851544
-0.31940609092
-0.302027537343
-0.350304374892
-0.576444006215
-1.00922072648
-1.55021792644
-2.00406976111
-2.17048252968
-1.9493324686
-1.4003179306
-0.721590787557
-0.155466563552
0.13010510597
0.120816795898
-0.0475156555667
-0.17410118417
-0.113338693068
0.137563670681
0.434942330202
0.57464163667
0.421931546921
0.0112542837573
-0.446804863765
-0.666304329906
-0.449623385943
0.170949427276
0.895817674342
1.25948478267
0.835331049754
nan
nan
nan
nan
nan
nan
nan
nan
nan
nan
nan
nan
nan
nan
nan
nan
nan
nan
nan
nan
nan
nan
nan
nan
nan
nan
nan
nan
nan
nan
nan
nan
nan
nan
nan
nan
nan
nan
nan
nan
nan
nan
nan
nan
nan
nan
nan
nan
nan
nan
nan
nan
nan
nan
nan
nan
nan
nan
nan
nan
nan
nan
nan
nan
nan
nan
nan
nan
nan
nan
nan
nan
nan
nan
nan
nan
nan
nan
nan
nan
nan
nan
nan
nan
nan
nan
nan
nan
nan
nan
nan
nan
nan
nan
nan
nan
nan
nan
nan
nan
nan
nan
nan
nan
nan
nan
nan
nan
nan
nan
nan
nan
nan
nan
nan
nan
