nan
nan
nan
nan
nan
nan
nan
nan
nan
nan
nan
nan
nan
nan
nan
nan
nan
nan
nan
nan
1.86526152448
1.85346174638
2.08757943174
2.31320208218
2.26893150694
1.85516749414
1.21132059671
0.659686491247
0.544414860097
1.04883962066
2.0864298518
3.32398794615
4.32901480971
4.76988639563
4.56941867246
3.93386606717
3.24022179399
2.83518296267
2.84464925399
3.09041754688
3.1610975528
2.61041653414
1.19306025255
-0.973773116244
-3.40476758904
-5.40943255998
-6.35956193279
-5.9478737503
-4.32503887839
-2.05277365889
0.111059905209
1.50751384174
1.82948164867
1.22769513152
0.226589215464
-0.51380625891
-0.489963965373
0.421065215572
1.89919884494
3.30728497076
3.95447565819
3.38879301772
1.59724998967
-0.97191594864
-3.57838383379
-5.48436671103
-6.25403782375
-5.93029692341
-5.00766594022
-4.20323083545
-4.11517934939
-4.91400758968
-6.20872548004
-7.16555431927
-6.85199408192
-4.67636452794
-0.737003706973
4.08460588971
8.35765067228
10.5983173659
9.84420852472
6.07202860829
0.271438722118
-5.87900623465
-10.621689053
-12.7751548217
-12.1636931507
-9.63690956094
-6.66682767549
-4.69435532187
-4.51085928854
-5.9491567676
-8.02149040652
-9.43819289989
-9.26201801468
-7.38424459163
-4.58645659967
-2.14540034943
-1.16012973726
-1.92581233022
-3.67378042171
-4.83756858386
-3.75857815857
0.474031215766
7.44076793736
15.3637374499
21.6911353346
24.0740235694
21.3256543429
13.9440999634
3.95942071917
-4.336395605864212
-9.972541219670859
-11.695022070520707
-9.839385315051928
-6.022118708033361
-2.321002432271598
-0.3304086515325224
-0.5166447517499932
-2.142217121365533
-3.7536551230597723
-3.9666108303425034
-2.1566950799258677
1.2699063862043118
5.132976320328154
8.10689106464
7.55045258538
5.39750178217
2.53719617815
0.148687430698
-0.93307492159
-0.645969460704
0.298802726016
0.840144169934
0.185769126221
-1.70870950349
-4.06717129514
-5.68388697632
-5.58904393531
-3.64426889
-0.741036009564
1.53731295383
1.66042089693
-1.04376084409
-5.92365119668
-11.1371864636
-14.3663852839
-13.8169129869
-9.05764496309
-1.31173578152
6.95036843394
12.9537799516
14.6956790174
11.695851292
5.11158090296
5.3076480052088755
6.56899646039
2.43378449708
1.35251752515
2.48075426647
4.33992435009
5.56930006819
5.50601856378
4.35179991425
2.90325047515
2.03136986091
2.19590694211
3.2320807681
4.48673985709
5.19698222368
4.89072136471
3.5976772725
1.77699190091
0.0254296852769
-1.25723531174
-2.05818971307
-2.70045550523
-3.59316390634
-4.93549286172
-6.5486090792
-7.93497310257
-8.53561913014
-8.044846336
-6.60855496386
-4.79440960403
-3.34456616898
-2.83796936694
-3.43646698804
-4.84239101324
-6.48096783878
-7.8014544871
-8.53102618801
-8.74704991177
-8.73827421008
-8.74539191993
-8.73988786808
-8.37873518237
-7.17243436121
-4.78001291066
-1.2660168918
2.83334914494
6.68874779586
9.52091715673
10.9330906664
11.0544384576
10.4117545794
9.59182521039
8.87438553282
8.03976147542
6.46874237221
3.49693643324
4.894038945523306
4.979385364274066
4.722547960568647
5.31823419502
1.89312802744
0.40505513881
0.254276233947
0.363635345178
-0.262911137397
-2.00972935705
-4.42128835187
-6.40711872452
-6.79408557828
-4.95905542586
-1.22368464644
3.19821823343
6.69226553733
7.9461301059
6.52588429722
3.04662273787
-1.14328642969
-4.60421501445
-6.45233603642
-6.69162976099
-6.07464901318
-5.57968822338
-5.79081255167
-6.5177666281
-6.8671556955
-5.73746689854
-2.48136472003
2.62050685462
8.3440378357
13.0030560031
15.2061007737
14.5127596859
11.6489842503
8.153739457
5.61616720566
4.87810913597
5.60826469971
6.47906901059
5.8778291855
2.80778817659
-2.47680819816
-8.44292503097
-12.9085949968
-14.0532592064
-11.3291640153
-5.82139365214
0.146164459362
4.00530031171
4.09240849312
0.419902711613
-5.29665465021
-10.3817244042
-12.3830874001
-10.1614043793
-4.39635064077
2.71067670351
8.39040217841
10.4771055022
8.27486000973
2.75292827148
-1.2953914615773954
-4.267943272188916
-4.6582398462730765
-2.25707139271
-0.524663482534
1.46602539319
2.39527403935
1.76472423646
0.0214534900942
-1.79366059684
-2.65355562977
-2.0841688734
-0.372700781567
1.63148723363
2.99013466577
3.16248701484
2.25579284193
0.927193940886
0.00851598557966
0.0618323629071
1.09647725916
2.58291608252
3.74086566603
3.9419584762
3.01905928834
1.333867743
-0.4153085661
-1.53330252413
-1.63851854751
-0.796622254807
0.56853569925
1.91686673084
2.84744698977
3.23724289876
3.20980774186
2.97853772821
2.67357098228
2.25939355296
1.58696930039
0.538752450218
-0.832753431639
-2.26924880658
-3.40850926021
-3.97401505189
-3.94357422923
-3.59011574256
-3.35232244987
-3.58668574479
-4.32534556728
-5.17473200411
-5.42924975464
-4.37007187792
-1.62301743213
2.58970599911
7.43010440926
11.6833886805
14.1669659492
14.1458029379
11.5884972829
7.16835367929
2.02126285152
-2.63250861662
-5.85305089065
-7.20609226918
-6.79446230153
-5.12334005939
-2.88199951827
-0.733930507537
0.823785483585
1.51811742512
1.29722009299
0.299396546256
-1.18742399696
-2.77759094203
-4.06214594245
-4.70665325561
-4.55066417415
-3.66905912136
-2.35828650087
-1.03800263618
-0.098926538664
0.240997681847
0.00722779090886
-0.568021850788
-1.17265971422
-1.5692982459
-1.69985328903
-1.68748562966
-1.73697272787
-1.989557362
-2.41489257666
-2.80519988373
-2.88250685037
-2.46632425136
-1.610260969
-0.624409321942
0.0454208208893
0.035981480991
-0.720416305246
-1.89985178133
-2.87200895164
-2.94747125507
-1.68735310986
0.862627416361
4.12678733615
7.17726316778
9.07138005669
9.21223583646
7.58203225898
4.74934581911
1.64639347209
-0.79123264925
-1.97368671517
-1.85359665138
-0.895547614817
0.160815783677
0.639096133139
0.222711824108
-0.911870877809
-2.17678594074
-2.83238700694
-2.31685033753
-0.511146056534
2.16878753245
4.89309826105
6.71027531104
6.9023145818
5.26863844118
2.22851866903
-1.30290566229
-4.22626376863
-5.64672772706
-5.19658632253
-3.16845966644
-0.404222409651
2.02272707592
3.21227626495
2.77201458735
0.947974845959
-1.50166361812
-3.63803164878
-4.73922926243
-4.59489015262
-3.57078978117
-2.41630703606
-1.90210632649
-2.45335863364
-3.94792118154
-5.77451576577
-7.12515865352
-7.38441567882
-6.42904844496
-4.69096331843
-2.94808763068
-1.94008279245
-1.99478364762
-2.85177867822
-3.77819482243
-3.93021847372
-2.79017548005
-0.464802214449
2.30971494964
4.47223833178
5.11614552809
3.91930206077
1.31701760096
-1.67127485154
-3.88675288234
-4.54167549027
-3.55669587548
-1.56787378722
0.395862336845
1.40659841169
1.06429490886
-0.345518839381
-2.03099545965
-3.11217671593
-3.06509576338
-1.97086228665
-0.45091889242
0.670590617734
0.799847021165
-0.120553746452
-1.58630295852
-2.79503194365
-3.05926067557
-2.15469582001
-0.426569441748
1.39563520428
2.57287709165
2.72155121658
1.97801031351
0.880779306759
0.0406751912038
-0.216302488925
-0.0326535834862
0.0781008417442
-0.436127849568
-1.77847599033
-3.5814279503
-4.99455554469
-5.06603415475
-3.24174530879
0.271497469419
4.48163719644
7.97074647307
9.49269790677
8.53662164159
5.58578745437
1.9363767679
-0.854397318756
-1.64469350909
-0.200630353922
2.71987087928
5.72730642933
7.43510623952
7.07566091855
4.82095148621
1.67480351003
-0.996052962017
-2.06488790185
-1.10800353421
1.46351992738
4.63049607288
7.21539321685
8.33620702641
7.67318816439
5.47108020168
2.33357661012
-1.04903256082
-4.10051662872
-6.4250105439
-7.77281119421
-7.99653413438
-7.07366193594
-5.19840477235
-2.865357276
-0.837157987046
0.0632825268098
-0.711288434927
-3.11990997775
-6.42936939597
-9.43163711994
-10.9407078535
-10.3640715083
-8.064636999
-5.2904625001
-3.64026392628
-4.2690754983
-7.20222375094
-11.1222601931
-13.803842766
-13.0703733197
-7.87255197905
1.01802834164
11.0782813622
18.9201563842
21.6689210796
18.2498111376
9.99456372002
0.246719709554
-6.9236966676
-8.38049094502
-3.25030592949
6.66631688204
17.6023106016
25.3652331905
27.0600687158
22.2585766602
13.1210903271
3.43453457677
-3.00008619391
-3.92582622958
0.527237159612
8.04161077491
15.2158369482
19.0468255931
18.1298205429
13.0791874561
6.05023567762
-0.349717398674
-4.2215340877
-5.07800609902
-3.81741751136
-2.05629308197
-1.20571816156
-1.76679947858
-3.17665980712
-4.23980618216
-3.88325141236
-1.8226877249
1.21077929437
3.79777974689
4.53974477095
2.78518205509
-0.997372906729
-5.3908948143
-8.66545241593
-9.56948710745
-7.89529236703
-4.55132248163
-1.11556258164
0.907056288366
0.764879405765
-1.24065237345
-3.96231902117
-6.00267846143
-6.39871932972
-5.06568817364
-2.79809029304
-0.845196372013
-0.280700997095
-1.47566324505
-3.9227428066
-6.4837862251
-7.93074049489
-7.51837055446
-5.32447935654
-2.21332394477
0.542766611377
1.79717792285
0.976411798651
1.1122776848060596
0.13944513907087241
-0.9021372524759812
-1.124306491296295
-0.0631620483679
-0.919500357081
-0.859549370856
-0.343525537748
0.256629875504
0.741121746662
1.05109597753
1.18108896337
1.1109664849
0.802957852801
0.25559374962
-0.436281629066
-1.0724186848
-1.41350696327
-1.29728287289
-0.741823404338
0.0273074879951
0.65229854436
0.792225827216
0.275764358466
0.3807910228408673
0.2055192449802803
0.1360678569698308
0.485099800111
0.276367578182
0.5172302426
0.980998163301
1.42885417466
1.71373377628
1.81369443621
1.78874121987
1.69940972708
1.54458981973
1.25991689889
0.776994535565
0.102660287387
-0.638538625342
-1.23601291344
-1.49168244269
-1.33422397429
-0.881287866027
-0.404834171176
-0.206653649727
-0.46405469714
-1.12899340927
-1.94173233439
-2.5612735903
-2.74951730476
-2.51041737161
-2.10163252161
-1.89957558997
-2.17838679554
-2.91711662429
-3.74611971389
-4.08048748951
-3.39406435387
-1.50930656682
1.24225622213
4.08246915409
6.06321797987
6.44441505235
5.005853666
2.14940927136
0.8382458981379415
-0.04316002456285162
0.21756664538047232
1.81433187724
2.5078606609
3.55528464731
4.32879133948
4.50029281997
4.14365087926
3.62465702152
3.35242489685
3.53160680546
4.04713293957
4.53804913055
4.61471315166
4.09745273054
3.14383702539
2.19091663468
1.73687167838
2.07241028585
3.10151403302
4.34859232496
5.15646240807
4.98391124691
3.66119951842
1.48167834273
-0.912982360764
-2.7979169138
-3.65575268837
-3.36192105651
-2.19060931084
-0.656458408289
0.717434942898
1.58956448847
1.86705755078
1.6411842558
1.05294488617
0.181050678362
-0.97852901783
-2.43408645034
-4.0780098474
-5.61281330083
-6.59009964889
-6.56702375865
-5.31513438566
-2.97760103859
-0.0854368853515
2.59385123559
4.32146204894
4.65529511647
3.60460913058
1.60548495639
-0.667704206874
-2.56733757635
-3.69758883912
-4.00934892109
-3.74128549796
-3.25525240889
-2.8565517379
-2.68385484412
-2.70692085837
-2.80996824101
-2.89706698129
-2.95347637386
-3.03151268631
-3.1793329103
-3.3667943137
-3.46415629031
-3.29657488909
-2.7494516962
-1.86466196923
-0.866372435324
-0.089713192081
0.161974793697
-0.23630529922
-1.15626897515
-2.25640651924
-3.12401189135
-3.45424276681
-3.18091935518
-2.49609342799
-1.74959215707
-1.27850926893
-1.25032849225
-1.59519904781
-2.05735908722
-2.33615729982
-2.24359489426
-1.7992102521
-1.21660002275
-0.791172725868
-0.747703509524
-1.12476575194
-1.75298524817
-2.33656992806
-2.59702970085
-2.40914666734
-1.86501675438
-1.23780692459
-0.864029350403
-0.998798307681
-1.70712107657
-2.83428683239
-4.06178285039
-5.02007291006
-5.41107043149
-5.09647551505
-4.12785160175
-2.71874068032
-1.1772502589
0.175796049243
1.08123064112
1.3940347055
1.10647890928
0.339364109624
-0.696504038369
-1.75996771747
-2.64399210206
-3.22392202649
-3.47171889036
-3.431434689
-3.16979113051
-2.73037318789
-2.12071545633
-1.34461848782
-0.463652282693
0.353126195279
0.837399901406
0.711244905789
-0.162182512909
-1.63178239241
-3.19990594286
-4.11424787856
-3.61117712669
-1.23526814859
2.89482955728
8.00565348529
12.8437991806
16.0733506638
16.7600876661
14.7526490581
10.7952470781
6.30525457162
2.88344482788
1.73770664972
3.24246230558
6.80574456641
11.0939767666
14.5225764916
15.8186954169
14.4424090474
10.7196003512
5.66115449609
0.564921064072
-3.43112865762
-5.67869931284
-6.13346796065
-5.25122139617
-3.7436056985
-2.30588269517
-1.41276292017
-1.2295499828
-1.6335181945
-2.30798378178
-2.86589671248
-2.97164469616
-2.44289782039
-1.31780991691
0.131681759295
1.46042018622
2.18891442614
1.99170850231
0.869172318488
-0.780880663927
-2.25366468132
-2.78975445936
-1.90910201063
0.312452240261
3.16539571801
5.50100438363
6.15566030383
4.44840620919
0.538914976953
-4.53024540463
-9.16025278112
-11.7849250914
-11.490034612
-8.40161456226
-3.66786325605
0.972077933847
3.86102966484
4.05972269851
1.68108253808
-1.6161067109474772
-4.895122063525079
-6.801633874646512
-6.687988748178455
-4.808139696020717
-2.117946479191943
0.20297539053403568
1.2765266755142477
0.8633648179652766
-0.6195086637562355
-2.375576006643243
-3.6411317113427515
-4.025286821723384
-3.6234904804068577
-2.87414521015
-2.80975687337
-3.10874049932
-3.62580148166
-3.93090572307
-3.56005886638
-2.28459364462
-0.254312979369
2.05923206041
4.08646000469
5.43135817389
6.04956916727
6.24274994618
6.47532378512
7.11076790338
8.2040192762
9.45572837431
10.3504182811
10.4077773822
9.42126700835
7.56738832314
5.33563963649
3.3181605748
1.96427006368
1.4167142141
1.5002077317
1.85454008524
2.13468554676
2.1733431326
2.02831040436
1.9015537567
1.98420676657
2.31763555619
2.74828372843
3.00156926232
2.83585378772
2.19451399978
1.27363473032
0.464150128021
0.189113310045
0.708612925909
1.98203883589
3.65268920984
5.16572136247
5.9725711608
5.73888761483
4.47316084063
2.52730606409
0.472158159361
-1.1018815028
-1.78385724515
-1.47037164373
-0.381765409969
1.03320101347
2.26557208287
2.92601095814
2.87349767604
2.24929940577
1.40570580073
0.75595996439
0.600960918979
0.999373373753
1.73506350731
2.40117476657
2.57425908022
2.01173539637
0.789180228742
-0.688993261622
-1.8239527317
-2.05888380024
-1.12512986131
0.807606579526
3.15026872019
5.0881893864
5.87973462951
5.14062203161
2.99535864803
0.0303491628915
-2.93306639993
-5.15008451274
-6.21727215829
-6.18250586267
-5.46282986858
-4.61929507671
-4.0990421611
-4.06290156794
-4.36916245176
-4.70530679397
-4.78854099065
-4.52734295708
-4.06273565597
-3.67455656852
-3.60969644605
-3.92924896144
-4.45970145365
-4.87658641339
-4.87745076855
-4.35215759985
-3.45805547242
-2.55590680811
-2.03474765813
-2.11265844802
-2.71519392136
-3.49597871263
-3.99342537275
-3.84940056345
-2.98436223402
-1.64457295026
-0.299439096002
0.560827514097
0.631091228584
-0.0932418575664
-1.33767434968
-2.6861394464
-3.7608429939
-4.35765050588
-4.48102595141
-4.27844651986
-3.92471696753
-3.52577479041
-3.09159516836
-2.58230380724
-1.98742150148
-1.38021884229
-0.906795724007
-0.711653194634
-0.843228826603
-1.19940471808
-1.55386944997
-1.65922614333
-1.37682131319
-0.762812512877
-0.0581016733523
0.421468280556
0.444090403976
-0.0105996678918
-0.724993732234
-1.33816806293
-1.51979571729
-1.13815044343
-0.336179864683
0.526925336244
1.04452014494
0.961091915119
0.302966511251
-0.624948023625
-1.37736029955
-1.57641036364
-1.08934600081
-0.0908970796434
1.01860624815
1.79856990276
1.96729792529
1.52101528368
0.720034187828
-0.0452618634704
-0.439151117927
-0.325820595042
0.191068050088
0.845660466872
1.35762744332
1.57224453668
1.52332862324
1.39202695737
1.38810154019
1.61803623907
2.00826970964
2.32200646699
2.26089425779
1.60230989299
0.308136373662
-1.44303891338
-3.31147432611
-4.91205088676
-5.94019958689
-6.25970344661
-5.9259616399
-5.14720300128
-4.20800636102
-3.38635570045
-2.8883492605
-2.81124818919
-3.13447486318
-3.73392154312
-4.41592136646
-4.96814424332
-5.2210893571
-5.1060108879
-4.68834528069
-4.15700183473
-3.76286138139
-3.72126247907
-4.11353601571
-4.83042992873
-5.58882912888
-6.02495717504
-5.8337217463
-4.90048485641
-3.37013492979
-1.62095702033
-0.148260723697
0.601193783716
0.383793714093
-0.752092388438
-2.47152701897
-4.24636532605
-5.50180312317
-5.76926392276
-4.80443130365
-2.64613735405
0.389601010214
3.77289691735
6.86666356796
9.05937579959
9.90231534507
9.22344185744
7.18609206185
4.26591346387
1.13812511352
-1.50337279306
-3.14398857525
-3.5972388077
-3.04785797731
-1.9678537709
-0.932457071529
-0.404142249043
-0.567892445714
-1.28122628718
-2.15540372849
-2.7299512375
-2.6652724711
-1.87411278238
-0.54296899982
0.955757737153
2.21435910529
2.93530502697
3.01442496255
2.53924684861
1.71980551876
0.794840798143
-0.0426054900419
-0.676319118074
-1.0584142623
-1.18381126401
-1.07161446614
-0.763245492602
-0.329042178583
0.134302814053
0.527253745611
0.786735328284
0.919870022735
1.00743188747
1.16614119675
1.48316556321
1.95631328999
2.47573883636
2.86348666244
2.95503377722
2.6802797238
2.09713764877
1.35433925653
0.600455406511
-0.108872911989
-0.845724401249
-1.75468736491
-2.92716617525
-4.27271911556
-5.47045714805
-6.05250293923
-5.60465479775
-3.99923943241
-1.54045440423
1.07239147878
2.97862765437
3.50280233267
2.46124302056
0.276663974752
-2.17346832887
-3.92649489626
-4.36382480764
-3.50055998868
-1.98962954343
-0.822897077661
-0.856469994608
-2.37856204061
-4.92830707927
-7.46289373411
-8.80793762926
-8.18897113504
-5.59746831638
-1.81704297051
1.90767680336
4.40936458444
5.09540693424
4.17576468372
2.52077147952
1.22367034324
1.08063307935
2.2352780319
4.14973915399
5.90287458786
6.65802743304
6.06520679825
4.4023775558
2.39602289962
0.823419501078
0.106814010329
0.109745752319
0.239386606096
-0.19946565072
-1.58307734033
-3.70082197573
-5.78589065633
-6.84087580916
-6.10612264765
-3.44495970004
0.54303318695
4.74038285413
7.96381750205
9.44301633921
9.10990901757
7.57561035016
5.8199985142
4.74916509818
4.82720623447
5.94042628859
7.53240589719
8.9190334256
9.61643039294
9.52508316392
8.89929960753
8.144595125
7.5681796831
7.21987564123
6.90105861306
6.32288245766
5.31437998602
3.95764415893
2.57120656079
1.54843068222
1.13866116252
1.29217100753
1.65854321483
1.74882963999
1.18592707452
-0.0807915794754
-1.7069466889
-3.07243015585
-3.54067238671
-2.74333705719
-0.763384260528
1.86438684601
4.33489000905
5.85830508596
5.93228032364
4.49723310317
1.92732953104
-1.12066947621
-3.92717808094
-5.9111811247
-6.75044025847
-6.40229017707
-5.04819831836
-3.00573350751
-0.646933189607
1.65871766095
3.58016230965
4.85327248238
5.31148808444
4.91545790923
3.76795510814
2.09974209532
0.222274634666
-1.5419885692
-2.93022910087
-3.78898515236
-4.09064903093
-3.91818445151
-3.42976699713
-2.81722565441
-2.26714952213
-1.92665592669
-1.87295774292
-2.08926121507
-2.45609186866
-2.77039979058
-2.79927657391
-2.36060157623
-1.40568625527
-0.0689506760359
1.34504670267
2.44523720639
2.8860748307
2.50051275279
1.37933331051
-0.141190146775
-1.58631179531
-2.50841225343
-2.64892964326
-2.03312529541
-0.959085979963
0.116625453624
0.753939653484
0.698700468638
-0.0173509748317
-1.08358299811
-2.02241799097
-2.36624461062
-1.8363821442
-0.460379335498
1.41530045144
3.22506327951
4.36609033032
4.40266820337
3.22244423307
1.08667238791
-1.44955090319
-3.72522587601
-5.20532246935
-5.67016525197
-5.28573096931
-4.52061870773
-3.93688115232
-3.93815428625
-4.58376988988
-5.55634747681
-6.3068836412
-6.32042574139
-5.38352579663
-3.72365394923
-1.94141543144
-0.750506494824
-0.636141729633
-1.59314571964
-3.08062917751
-4.23601168629
-4.2672439341
-2.84714458175
-0.317401041495
2.41320831874
4.25183071978
4.42242073032
2.8519072034
0.248503139229
-2.18487438483
-3.28679431441
-2.48138240288
-0.0722620192626
2.86405275357
4.95063802136
5.13781892044
3.19428616322
-0.173179139615
-3.63446797585
-5.84189639697
-6.04162817448
-4.39909692499
-1.88197841033
0.242223998517
1.04828406606
0.418637987178
-0.900432674161
-1.68462687294
-0.873514825572
1.84764401233
5.81842611777
9.65010269792
11.8411498657
11.4718267485
8.64581303049
4.46569112046
0.551687372593
-1.66897634554
-1.56775477505
0.463480507624
3.26429866229
5.49182938222
6.24590480537
5.4305658461
3.69118220756
1.98423226714
1.0201594157
0.877052087266
0.987079903122
0.499140006471
-1.1779331341
-3.94518399275
-6.93662145243
-8.85779901155
-8.58913090853
-5.76270156686
-1.02455877603
4.15914845295
8.07610426254
9.46356203355
8.00971433206
4.43792345377
0.148532188763
-3.40239834247
-5.29454179715
-5.44105360643
-4.4810207378
-3.35240377812
-2.77669305884
-2.91234395805
-3.3339985626
-3.32402288608
-2.30919427749
-0.212918703774
2.45229233968
4.78968372986
5.90986041591
5.31357954818
3.08636965028
1.0774792894060568
-1.128045471623949
-2.8018723299009167
-3.560917317268249
-3.412269414881848
-2.61787668759
-2.8006248809
-2.817802286
-2.68285402193
-2.33187073492
-1.75822858341
-1.09652728341
-0.595263436912
-0.491156216584
-0.862382760516
-1.55525051608
-2.23879791795
-2.56735982153
-2.3651303002
-1.72784513429
-0.977477819231
-0.485420532016
-0.454751325801
-0.780790485708
-1.07351775292
-0.842439429779
0.242794873174
2.14777761519
4.43409585254
6.41488441971
7.43738883533
7.16003683474
5.69274701246
3.53598500654
1.35241911873
-0.314990428947
-1.243025955
-1.55734015889
-1.5908486588
-1.65702873804
-1.86206450242
-2.05286674581
-1.92194638358
-1.20595369605
0.133530035365
1.84652494637
3.48404137763
4.5945118688
4.92583624523
4.53017647826
3.72076777157
2.90709990149
2.39600401888
2.26007107463
2.33570775944
2.34320879058
2.05813811126
1.43989728949
0.650489422598
-0.0419829550707
-0.418406682904
-0.435898689306
-0.258119850884
-0.173254654946
-0.444465261664
-1.17211948867
-2.23841472936
-3.35942379434
-4.2128883849
-4.5730977511
-4.38587282673
-3.75417874248
-2.85577737469
-1.84953812696
-0.827217354522
0.166193856721
1.0673584341
1.74019987438
1.98432648576
1.62033414831
0.614374793134
-0.83057014641
-2.28474982949
-3.22532150683
-3.25044155619
-2.27965932197
-0.63935423685
1.02343712143
1.97776584603
1.70126634933
0.10079489228
-1.529279125307923
-3.3901870369635674
-4.733199898673533
-5.06690908886705
-4.335196020358197
-2.902796622469552
-1.362696622175065
-0.2587735297979634
0.14908767005542245
-0.024114068169865277
-0.37226620105
-1.36483157601
-1.70042956193
-1.3275558387
-0.488095665184
0.412457267725
0.996421274613
1.07517059857
0.710970960942
0.162237668756
-0.250634582813
-0.29064154813
0.103653037711
0.811046199855
1.59562103429
2.20899236615
2.47941680725
2.35609008883
1.90319592909
1.2599836707
0.590828588125
0.0430230844042
-0.282077385876
-0.347345436462
-0.190198555663
0.0787588030075
0.297258515703
0.297976352499
-0.027573878578
-0.67080881775
-1.48349089152
-2.21198870858
-2.58581048466
-2.42947997172
-1.74906965524
-0.749277256239
0.2351580273
0.870267890938
0.960363659369
0.529366216821
-0.193717298419
-0.880714079365
-1.25311951182
-1.20360759716
-0.832366354358
-0.381854369157
-0.103978809415
-0.127716744319
-0.395141841415
-0.6989706043
-0.802248471333
-0.577311346531
-0.0893759303233
0.423024347086
0.665822045027
0.448370521926
-0.198062424489
-1.0073559142
-1.58557998032
-1.59222133552
-0.910114581213
0.279920091218
1.56057896789
2.45196243471
2.61933328424
2.01832257338
0.909440901609
0.18494959033712632
-0.18301689380238884
0.021085518510901125
0.7236389493426287
1.6194428908809044
2.3388270040392456
2.6409308912806466
2.537552835126803
2.2859279010697833
2.2525804174638893
2.7134392208314466
3.687616486012516
4.888305295389756
5.8206756722846364
5.988493858919881
5.120053772583901
3.3132544847192094
1.03380327659
-1.41523570264
-2.99750560948
-3.31299144244
-2.35350146493
-0.490920892782
1.66756531707
3.4932385387
4.53375018794
4.62563484718
3.89331919748
2.6538237256
1.27908485056
0.0742787036616
-0.788026750786
-1.2695306874
-1.42361546194
-1.34147002635
-1.11449716357
-0.823047997141
-0.543070893578
-0.352888196032
-0.32584944862
-0.507387626028
-0.888531975463
-1.39385390045
-1.89647904593
-2.25902647357
-2.38473931148
-2.25581185071
-1.94030756235
-1.56326186609
-1.25453287342
-1.09711381312
-1.09924821023
-1.20190712275
-1.31587837908
-1.36854478386
-1.33645241161
-1.24788863643
-1.1556930091
-1.0962329092
-1.05787016741
-0.977507302133
-0.769247154549
-0.372127940375
0.207048754353
0.878924714201
1.49543909483
1.90467204902
2.01377426281
1.83221696064
1.47549804413
1.12641028632
0.969127171779
1.12246482584
1.59807203653
2.29791616455
3.04903566127
3.65967156084
3.9752057146
3.91606518082
3.48966142594
2.77896287053
1.91668384087
1.05466514951
0.334642166121
-0.137125845307
-0.310073942799
-0.201473343496
0.104509651547
0.475161086948
0.764260134831
0.855300196562
0.698088004989
0.323671785959
-0.169871481884
-0.65553900419
-1.02258550143
-1.20825239005
-1.20267353452
-1.02869228293
-0.713293768388
-0.273091282354
0.271999547327
0.8620605876
1.36255123347
1.56480544079
1.2427633467
0.257796709397
-1.32977863637
-3.20265491096
-4.83210080734
-5.63733346667
-5.2137380655
-3.54029544562
-1.06714083561
1.37904125262
2.861533612
2.68300701943
0.680304417974
-2.337139508163915
-5.707345608554391
-8.27804177575048
-9.1604970656619
-8.065794086754437
-5.412640045491699
-2.1601752034115407
0.5663532279159256
1.9027479532201568
1.5516366902165402
-0.1518514750597717
-2.4276121626645164
-4.396592333538052
-5.428897927548093
-5.348078471284069
-4.420536242149936
-3.16066470396
-2.45157440128
-2.16658670575
-2.27516533298
-2.5461614575
-2.7239336113
-2.68095118603
-2.46339444621
-2.21339421698
-2.02470372096
-1.82779792397
-1.38436527697
-0.408440780499
1.24406152288
3.42245556438
5.66108180642
7.32504322657
7.86921768217
7.093034646
5.26469380767
3.04320071981
1.22016284159
0.390688096976
0.700749737152
1.78725669325
2.94054945081
3.41785964398
2.76824876701
1.02630958061
-1.30617609777
-3.47486125987
-4.78260392337
-4.85779872152
-3.77253401413
-1.97587872519
-0.0902128210499
1.32900105107
1.96825485269
1.80842737391
1.06037730649
0.0386434194914
-0.958291979003
-1.71545418355
-2.11129683751
-2.09755336743
-1.68378710752
-0.942926548109
-0.0255132317367
0.846954942618
1.43197425688
1.55296817286
1.18477648664
0.486000388815
-0.255327557145
-0.752529024573
-0.870592547729
-0.716964713416
-0.612978910816
-0.941697801926
-1.93395182301
-3.49606588451
-5.17506676801
-6.29892501359
-6.24598445626
-4.72962625974
-1.96687035023
1.35504704208
4.31098083263
6.07458169666
6.21538393391
4.82925676711
2.45136138196
0.557248841439673
-1.0118125012347718
-1.9876344418905063
-2.464319819365244
-2.7534561273123472
-3.1495405597765114
-3.730737459096403
-4.295229143937405
-4.460348395046893
-3.8684945515777827
-2.3921372834367247
-0.2341775379794342
2.125073958070473
4.106866264909115
5.252956067703067
5.385410313260124
4.643599081346508
3.39733730273241
2.0913763552857887
1.09882571174
-0.390652382748
-1.27097417529
-1.56649798833
-1.34765920714
-0.713920978599
0.189239987051
1.15154601786
1.91630577731
2.25140630576
2.04860487479
1.39636873973
0.572094917204
-0.0643969754517
-0.239595965781
0.0823061527981
0.649561742557
1.01710128693
0.756713674251
-0.309642931642
-1.96973799145
-3.65653859184
-4.66260778255
-4.44933293327
-2.91418178799
-0.48927823189
1.98442554082
3.56314213914
3.56006156835
1.80731348767
1.2968097946252755
0.257848570207841
-0.399426998655
-2.2017205549
-2.67660361303
-2.00486326509
-0.65929531862
0.821169661032
2.02766123496
2.77394894223
3.0734275093
3.04527875095
2.81813736227
2.48251995618
2.10087223135
1.74410112322
1.50963890712
1.49484014819
1.73699710639
2.16225214561
2.58894152847
2.80212414708
2.67097205087
2.24642655032
1.77583145567
1.6087615126
2.02644102261
3.07485099033
4.49085184175
5.77249116404
6.37551924968
5.95232945236
4.52181882398
2.48562656131
0.476687390085
-0.894111608443
-1.27818996082
-0.708177920694
0.453139551806
1.69986790806
2.60844037589
2.99120585204
2.91174798134
2.57182805333
2.14776655604
1.67740471381
1.06526138093
0.201555482958
-0.880006727028
-1.91059922342
-2.43609381179
-2.007929539
-0.431970829762
2.05250857472
4.77155976311
6.82189659886
7.4108046388
6.18587169774
3.40340772826
-0.149260095251
-3.45290256759
-5.65095490642
-6.36907328704
-5.82310364402
-4.67531231558
-3.71209572866
-3.49354149229
-4.13109715714
-5.28369971352
-6.35843180331
-6.80941548371
-6.39080588712
-5.25118982126
-3.8385879103
-2.67581422092
-2.12171348306
-2.2306839684
-2.76666954805
-3.34944607169
-3.65003785512
-3.53665424041
-3.10644107668
-2.6008597839
-2.26034681874
-2.19866643904
-2.35937396476
-2.56863419159
-2.647215929
-2.51644223223
-2.24101076101
-1.98921451361
-1.93665269554
-2.16862008067
-2.63450340549
-3.17710792759
-3.61816414214
-3.85087074818
-3.88714053651
-3.83250577595
-3.8017757497
-3.82231098147
-3.78134844258
-3.45369333687
-2.60579005792
-1.13140971334
0.846785948805
2.96565017585
4.71838637894
5.62969301546
5.44112374948
4.22871179657
2.39862425407
0.5548499863
-0.714112191744
-1.04718549571
-0.436497236101
0.785000466643
2.09058906746
2.98210631679
3.19513549778
2.79952178872
2.15015059018
1.70684636339
1.80125188733
2.45653393064
3.34820052578
3.935579256
3.71665586119
2.49723244708
0.548153123216
-1.43643631661
-2.58393845908
-2.20280532252
-0.107445653726
3.23907263273
6.84357546807
9.53208953186
10.3956776735
9.14821679007
6.24069989945
2.67650994895
-0.399187757933
-2.16246335446
-2.42722251255
-1.67986505015
-0.821516140575
-0.737828519394
-1.89229762447
-4.12500740924
-6.74116155003
-8.83854610393
-9.71410895608
-9.15847903007
-7.50740559013
-5.44035610964
-3.63887899956
-2.48072332976
-1.91966753677
-1.59995012369
-1.13024794699
-0.359009245272
0.506363625419
1.00925651536
0.729739156676
-0.407344409519
-1.97881615916
-3.17028337191
-3.11900865105
-1.34112940443
1.96494132159
5.90205698508
9.17908152901
10.6187901228
9.64887312626
6.5551734966
2.37932349693
-1.49764290479
-3.90324894636
-4.31444466755
-3.00664680574
-0.863089129226
1.04959603615
1.93547036563
1.55030881086
0.202549692604
-1.49291308249
-2.96067793719
-3.92829675397
-4.48284864487
-4.91328804911
-5.44584476645
-6.03352441643
-6.32766841221
-5.85822251677
-4.33289104096
-1.89404286399
0.816598685763
2.8458960021
3.30556550776
1.77356662344
-1.46669642964
-5.47248087599
-8.97203495272
-10.8502919708
-10.5879178814
-8.46647576363
-5.44900532946
-2.78155498199
-1.47853109902
-1.90372568076
-3.61997834569
-5.57093021189
-6.52380015033
-5.59678213737
-2.65957608015
1.55670573554
5.69285342675
8.25882421879
8.21261902306
5.40241213609
0.698271793784
-4.2501467461
-7.55713100996
-7.75921260114
-4.35314602324
1.985184856
9.58885042632
16.3362309273
20.348396674
20.5991946976
17.221351373
11.4059680541
4.94585062293
-0.395135741616
-3.44675982854
-3.93008918533
-2.40452163538
0.0746844427046
2.41765122336
3.88026348164
4.22396424618
3.63125503232
2.46780144809
1.04082604948
0.3338338285297624
-0.5022539824494316
-1.4387474868874648
-2.284251349780959
-2.6734817641473256
-2.213484046969029
-0.71734519480421
1.6108080384573071
4.166537816363089
6.153508871863551
6.932645385591556
6.346045283866161
4.84240547915
1.71452000519
-0.488295749448
-1.21395733046
-0.587051042404
0.629248386755
1.39240581294
0.900587027566
-0.977436106304
-3.58296448886
-5.73654703468
-6.28541328271
-4.67707778163
-1.2835222078
2.68951310548
5.6804127021
6.42539164068
4.49182736886
0.450552507856
-4.38459901226
-1.52445559367
-3.13828192776
-2.72746461559
-0.831793523595
1.55309448616
3.47247284466
4.41542847012
4.44804977023
4.05060295661
3.7813640558
3.96234645548
4.54667101798
5.21081855146
5.58626607788
5.4757584056
4.92506210123
4.12198542882
3.20849431939
2.14981252616
0.770178150164
-1.04361504661
-3.08949726438
-4.72443884955
-4.99603540264
-3.02812386041
1.49559838496
7.99281239116
14.9963824778
20.5773602237
23.0358431899
21.5724444297
16.6376734277
9.78730729927
3.0911701002
-1.65362060974
-3.56513321429
-2.90512063105
-0.818730671087
1.26500400287
2.2771664531
1.90424211618
0.58275707699
-0.853883080958
-1.66026552552
-1.53721194357
-0.697651810697
0.354725830028
1.17461282608
1.63657596958
1.96097289606
2.50424736767
3.4555999693
4.63725686109
5.54320135948
5.60758905449
4.55209489971
2.604209335
0.442107380092
-1.12617259334
-1.58511155521
-1.00086914213
-0.00260116612515
0.554766284627
0.076440334465
-1.40370477793
-3.19059542852
-4.27667200503
-3.90633480394
-2.0568783648
0.4413099441
2.24661753676
2.16745792903
-0.184242405984
-4.09636941606
-8.00325660078
-10.1901698209
-9.62577762882
-6.50546171552
-2.21197556713
1.31883423592
2.53805262274
1.07195897005
-2.04298994346
-4.81965772221
-5.27507500176
-2.42947502998
3.13722087085
9.45487630842
13.996099482
14.7902992039
11.2996345261
4.65129173157
-2.87156289999
-8.82716444363
-11.6256456075
-11.0891999247
-8.33269508635
-5.07121145624
-2.73006828544
-1.80517785382
-1.76891691176
-1.52449854947
-0.132733459228
2.59012670071
5.91831787958
8.57529859182
9.40149089442
7.96953052236
4.82140680038
1.20722181415
-1.53138389682
-2.60764959529
-2.13222898568
-0.984342605488
-0.293892644074
-0.817787386242
-2.54157911201
-4.71054187516
-6.26278815014
-6.42468307676
-5.14696820246
-3.14937412453
-1.55211986944
-1.29173425433
-2.63069990293
-5.01817941671
-7.37238225089
-8.63389599956
-8.29997346273
-6.66397070419
-4.64193164218
-3.28482101267
-3.23605070765
-4.41669827248
-6.09604051598
-7.30080951118
-7.34110039821
-6.17501898832
-4.42444072889
-3.04031254316
-2.79861304462
-3.89234926112
-5.82938097407
-7.68288336414
-8.55836079501
-8.03368720246
-6.35000682061
-4.2662427365
-2.66472651027
-2.11827809148
-2.63854176828
-3.72147066608
-4.64751405749
-4.86606520304
-4.2611342677
-3.17004472644
-2.16421588834
-1.72513333395
-1.99463004859
-2.72663163487
-3.45095126115
-3.74486370094
-3.45698156029
-2.76463525358
-2.04559418002
-1.64930019666
-1.70369468025
-2.06535250033
-2.43253116496
-2.54530217937
-2.34892298262
-2.02219492378
-1.85517608074
-2.05130084009
-2.57479451444
-3.1387454995
-3.34717324923
-2.91344979612
-1.83039864059
-0.392198785997
0.94843129103
1.80963426701
2.06677537202
1.88846614118
1.59996771944
1.45207696862
1.4320545716
1.23474921849
0.424579855307
-1.29038798271
-3.82139287209
-6.63833688979
-8.93741655029
-9.96897339908
-9.36950031545
-7.3338549071
-4.54150380837
-1.87342441989
-0.0591650341332
0.577509257505
0.164711673662
-0.87673126621
-2.09040873672
-3.19236786862
-4.1267814144
-4.96490636173
-5.73809132087
-6.33104955057
-6.51717367147
-6.12057331779
-5.19910741658
-4.1158946759
-3.42408809048
-3.60128686399
-4.77101228679
-6.57604425843
-8.29839497887
-9.18593901881
-8.82025944309
-7.31933496899
-5.24483843912
-3.24434538065
-1.61885296668
-0.0727574347138
2.1719520974
5.90595420855
11.3265702213
17.6293197902
23.074339719
25.5879170605
23.6806495259
17.2648922093
7.94808943409
-1.41215069486
-7.76737577261
-9.1203450949
-5.39566491913
1.47975834063
8.36262544093
12.2265762177
11.4628767005
6.56926685198
-0.0837378196956
-5.30564055207
-6.48685951634
-2.72643136929
4.80052978682
13.3711789079
19.8736362933
22.0660843169
19.3936760125
13.0522344272
5.34191981669
-1.34080026956
-5.40511236872
-6.4985684052
-5.36443558924
-3.28924012053
-1.4614173653
-0.541448469252
-0.582319625928
-1.23872466004
-2.07363028074
-2.76969277205
-3.1608936196
-3.13762833785
-2.55815387102
-1.27566416395
0.714205712234
3.11223079089
5.28799952953
6.46862255539
6.09062156517
4.13716662077
1.25243292885
-1.47905336353
-3.02023525352
-2.90294986076
-1.49803500938
0.144477481066
0.843318035649
-0.0408640156183
-2.16775044683
-4.28333072935
-4.80897827227
-2.68979873014
1.92795254879
7.57063995053
11.9857654582
13.1462045274
10.237344328
4.12837184852
-2.94128324464
-8.3479846273
-10.2854724283
-8.59598953611
-4.80726549727
-1.33494490687
-0.228040354049
-2.07702431061
-5.6420346016
-8.4144428867
-7.86397900144
-2.773864372
5.99491500198
15.7060596574
22.8510365145
24.6513936192
20.2640781966
11.1344470573
0.347763285504
-8.69926492192
-13.6795401749
-14.1451784465
-11.442561512
-7.85031624831
-5.41608853573
-5.07173134768
-6.41790329815
-8.19958466596
-9.14214205759
-8.66345669034
-7.09024676837
-5.31155941507
-4.12543450611
-3.69798463999
-3.4715899724
-2.58166857872
-0.528488263132
2.31903345346
4.73577552349
5.23234278001
2.94752021255
-1.6464019734
-6.66313241899
-9.48655972006
-7.95953017144
-1.52298377437
8.2753622906
18.2136017002
24.6371822328
24.9774416732
18.8602695514
8.29106760843
0.7496641934237687
-4.0544382134
-7.84199417565
-6.48982053014
-1.82038390041
3.40016295861
6.76874478753
7.22791389298
5.30333553736
2.56633298171
0.669434126171
0.480942225142
1.74584027141
3.39184587228
4.25197447554
3.77099736556
2.30185012834
0.846772137533
0.414347164043
1.37436290588
3.18624775487
4.66226807843
4.62467833189
2.59303844674
-0.88441237969
-4.45124575096
-6.61177328582
-6.49873654867
-4.33054316507
-1.30928768282
0.993628274179
1.44435780618
-0.0784594485559
-2.6443352808
-4.78794264855
-5.30806998284
-3.92326257175
-1.43314732376
0.704618219487
1.16162750818
-0.525381472055
-3.66246633297
-6.71207868464
-8.05676615
-6.82009119365
-3.31973280644
1.08174274097
4.6493809204
6.12047694691
5.28275200816
2.990887481
0.625356351371
-0.705304021902
-0.779869910399
-0.354788196578
-0.668793956014
-2.62180111442
-6.07795201411
-9.69787344711
-11.4426531821
-9.54265408977
-3.46673310095
5.60288989465
15.0657354555
21.8787899413
23.7911113724
20.2800568003
12.7614791113
3.97940869043
-3.14299835492
-6.66992155477
-6.3237938028
-3.3938210099
0.0246447397556
2.06667970182
1.91615039818
0.0475783614692
-2.1711802047
-3.27236537996
-2.46501530417
-0.0206506929771
2.89177379901
4.80573112532
4.67578553103
2.36498161325
-1.3135649929
-4.98886558092
-7.34469465252
-7.65710965097
-6.02592684144
-3.23459336357
-0.348885718721
1.73370473627
2.58370551101
2.29109078893
1.30076838545
0.153225071025
-0.737158821865
-1.18927174817
-1.2492611352
-1.12452906328
-1.11210675078
-1.5383945477
-2.68819156875
-4.69555422374
-7.40643799604
-10.2786070501
-12.4140266194
-12.7881828589
-10.6493620283
-5.94958952589
0.399031531177
6.62198626957
10.584212593
10.5623637251
5.99959781314
-2.08731383864
-11.2730828768
-18.4643017666
-20.9721609818
-17.5139734915
-8.74295251837
2.92051022577
14.1075709665
21.6608734125
23.6928610905
20.1479682649
12.6813259277
3.94112853215
-2.696628385428113
-6.226880923003193
-6.264343838129818
-3.6905288902452327
-0.12278216505349349
2.795182456553704
3.9877009329971997
3.223998609922944
1.0328623828494443
-1.6404157510057615
-3.85097881880759
-4.97247078197
-5.511761078
-4.98185546951
-3.79989788542
-2.41794535779
-1.19894774929
-0.367062925243
-0.0102735044334
-0.101036737156
-0.514556139955
-1.04750840357
-1.45345914235
-1.50509748159
-1.07268971791
-0.187936084182
0.942067971617
1.9891892409
2.61461731192
2.59454585347
1.9100758994
0.763872549358
-0.482861430589
-1.42656933079
-1.74498230296
-1.28484680636
-0.0905051096008
1.62400587325
3.53812525938
5.29778717297
6.58088106967
7.14937131402
6.88864407059
5.83240758102
4.16473748891
2.18795218695
0.252314902871
-1.33959554933
-2.42310679614
-3.01837476517
-3.30753671951
-3.54375829218
-3.92655782571
-4.49826678933
-5.11211656063
-5.49240075644
-5.36412235355
-4.59416617643
-3.27674465949
-1.71900542496
-0.328532997824
0.548649303804
0.766156184206
0.428050003189
-0.170224031335
-0.681547970842
-0.86066546454
-0.659830859266
-0.224917109778
0.199872777765
0.406019662035
0.32373489545
0.043030863674
-0.253776229553
-0.407636254134
-0.380562341158
-0.279474072724
-0.289868290349
-0.552896662447
-1.05311785447
-1.58351162515
-1.81816591897
-1.46834763295
-0.451423597735
1.01191866574
2.42979721227
3.20148380297
2.85011779148
1.22984154566
-1.38236647666
-4.35318416652
-6.89429301477
-8.31880245352
-8.25213794241
-6.72020596287
-4.09360717026
-0.928562920759
2.2157331387
4.90469616977
6.86095353511
7.91754092441
7.95036596585
6.85645164092
4.61211917428
1.38896684327
-2.34460665408
-5.82310409998
-8.13718268144
-8.52042217303
-6.67164887617
-2.97102869607
1.53361352776
5.41237074239
7.33770715662
6.59528693111
3.41293374764
-1.04846832006
-5.07207418845
-7.00830707364
-5.90955615886
-1.92046174279
3.74587898682
9.25235500432
12.8357795886
13.4812581829
11.2996836452
7.45448179869
3.6701800979
1.52955210669
1.85251948021
4.41074510263
8.08412345035
11.3744294582
13.0415738815
12.5847009408
10.3707528234
7.37817485561
4.69651253373
3.02500467463
2.40035223807
2.26536429672
1.82464901651
0.499886068581
-1.74262898964
-4.3495851692
-6.43772232844
-7.21884947177
-6.38270818686
-4.25222803127
-1.63916918773
0.52636928956
1.61230286523
1.54868122468
0.818803026411
0.189355093607
0.314821889982
1.40668025037
3.12134719548
4.71327234375
5.37463985087
4.60032013492
2.41255933799
-0.648106037383
-3.74920144127
-6.09872577871
-7.23520140049
-7.15908102484
-6.2692533229
-5.15482530728
-4.34553013812
-4.1248559536
-4.4662949249
-5.09248312727
-5.61004823119
-5.65763327798
-5.01919455439
-3.68275962165
-1.84720954074
0.113548589507
1.7244026364
2.51961037992
2.17988993074
0.664717901599
-1.7114104687
-4.31043469294
-6.33158653078
-7.06924590558
-6.18084521173
-3.85308577433
-0.77980689477
2.06353550991
3.77429044606
3.86596688284
2.45387949607
0.197285859289
-1.1739259824740742
-1.6765991732519154
-0.971789057692007
0.7032770554985888
2.665599464099344
4.10446818452138
4.439705621065883
3.5605338516601392
1.8477036774957156
-0.014119555568569808
-1.3319310962607318
-1.6660984265572694
-0.947247494792
-0.491228981599
0.390148022583
1.35390341933
2.19394051981
2.82052968284
3.16688564389
3.10914359094
2.47299943421
1.13962458326
-0.808773900704
-3.00346128476
-4.84464375004
-5.70709807802
-5.21745671706
-3.4695222364
-1.05553393335
1.13032133333
2.25035857436
1.89175505029
0.275215340773
-1.80187430322
-3.27617748071
-3.25540577924
-1.39484794897
1.94722318995
5.83733059148
9.11583066965
10.8138462367
10.4663148739
8.2080567964
4.64304523972
0.573664726979
-3.27724538278
-6.43903973204
-8.71677645877
-10.0993375106
-10.6331385891
-10.3402351058
-9.2168711888
-7.29415565577
-4.70798349234
-1.72695735437
1.28122994374
3.92555368556
5.86857394363
6.87072894137
6.79639897665
5.60421441356
3.35179530662
0.226379627727
0.011308665225868708
-0.21162160277656028
0.150059271161
-1.65575567499
-2.1112197624
-1.35123893702
0.112550236315
1.55825894111
2.32322084386
2.06465001551
0.892133337607
-0.69487028079
-2.04118846196
-2.63484557577
-2.3303423752
-1.39184083305
-0.340697288108
0.311081973097
0.304689080027
-0.265480968236
-1.03865298873
-1.60524335148
-1.73212391833
-1.47332641381
-1.11129362263
-0.969873392372
-1.21125873502
-1.73507315685
-2.23543488774
-2.37691816
-1.97824991088
-1.08690001782
0.105603637218
1.45565253527
3.03760926642
5.16025278746
8.17944206315
12.1821526312
16.7158687977
20.7471798812
22.9364617958
22.1530103013
18.0098816582
11.1523319348
3.12430700589
-4.17004975965
-9.19023223189
-11.3411076527
-11.1354198402
-9.85321437164
-8.85981598509
-8.91817269543
-9.84099513694
-10.6606787372
-10.229682939
-7.93496489281
-4.13875910283
-0.0890874128055
2.68261235877
3.18002405973
1.54278185707
-0.918628243263
-2.32544761726
-1.20812602449
2.62433657101
7.79101880698
11.8312986667
12.3080575046
8.02470238155
-0.235665395232
-9.84710437808
-17.3515416801
-19.9213511871
-16.616746657
-8.85124902357
0.170500032602
6.80795930472
8.53057481264
4.96228917681
-2.03542009936
-9.25853413369
-13.6054259733
-13.40678307
-9.05322800067
-2.68013299106
2.88763673826
5.40210341879
4.081205001
-0.24588816159
-5.7222660183
-10.4150354574
-13.132688298
-13.7252586753
-12.7899280131
-11.0284510754
-8.67475533033
-5.34628566352
-0.412867932245
6.33383997644
14.1192917983
21.1098581882
24.95384514
23.7414673332
16.9409323572
5.84008509197
2.221778871058973
0.422810972254
-6.29684739408
-7.61438284171
-4.4874879128
0.734994510081
5.37203422104
7.51262500203
6.67982957813
3.80262602906
0.573751220046
-1.45335719424
-1.58478798454
-0.205196839791
1.55553963717
2.48874362712
1.9446188465
0.125180049011
-2.08572198819
-3.63234670775
-3.85262482935
-1.895901404192145
0.5979875540736828
2.6247841820633937
3.4076243595020514
2.755195392387847
1.1068264810089943
-0.7324696386578609
-2.0082022624028752
-2.3620443054039697
-1.940079416910919
-1.232707906489594
-0.7560534421203755
-0.757392709486524
-1.09920498513101
-1.3699225340829315
-1.1456185517603217
-0.2515742101518015
1.1182246937272282
2.4828023759207127
3.3080447632454337
3.2678947369026616
2.4014647923157497
1.0950056649854076
-0.09142535088527382
-0.660125754668
-1.15149202963
-0.83917591783
-0.0269000673222
0.889692306829
1.57393958521
1.84090024368
1.6736565436
1.1833513978
0.548549189854
-0.0399068477641
-0.422282384468
-0.507218130918
-0.303396799256
0.0691726354324
0.411294891816
0.53013306426
0.354867639692
0.0247132371969
-0.117480542668
0.340181407028
1.64935324707
3.6796761415
5.83444058006
7.19271572823
6.86470126046
4.42794944138
0.239136249892
-4.56195161228
-8.4174053391
-9.97190155638
-8.69168495266
-5.18844316617
-1.0590086453
1.73924512813
1.73586078796
-1.35110235746
-6.39132950861
-11.2328475167
-13.5714903948
-11.9393649974
-6.38297932129
1.47457764729
9.02775102758
13.6918096841
13.8900429786
9.61221205699
2.32756374107
-4.138553202767795
-9.144567615404156
-11.392775890726895
-10.787874036362354
-8.217640323203796
-4.962428866927226
-2.052114914792668
0.12298035188355527
1.7983544899870054
3.4860901010160745
5.521381264253108
7.769495132278436
9.65206667712151
10.468641108863721
9.827359779108136
7.940763558788092
5.61541510078
2.19744690513
0.273800958136
0.083394475675
1.12720673377
2.39689915449
2.84440049173
1.87133169662
-0.389368238959
-3.12617618644
-5.2064998331
-5.67399003926
-4.16705049371
-1.0863648548
2.54382839781
5.44729972095
6.54340023434
5.30451742655
1.91338852891
-2.80422704772
-7.62200963281
-11.2437692696
-12.6353241038
-11.2904776056
-7.38460011475
-1.78269943965
4.1178839186
8.7034527247
10.5663896701
8.92926998644
3.93323073546
-1.742931656439083
-7.926726870092978
-12.709243545517111
-14.637302143457006
-13.180380836155209
-8.88221552725767
-3.1339066118762275
2.345850334240396
6.120418100476627
7.498803643774693
6.684249603684506
4.575647985730598
2.3338865264373823
0.9126711015070157
0.74789808607
0.464100004971
0.80465937087
1.20319860712
1.29689271408
1.03974840485
0.639926106858
0.387183217978
0.477973649744
0.926383302274
1.5876679617
2.25640045573
2.76888369314
3.05290157608
3.11258829854
2.98072206545
2.68665743456
2.26722462512
1.80664019776
1.45984756872
1.41601077758
1.79743442556
2.54143135013
3.34386889107
3.72761497155
3.23765101203
1.68717786452
-0.669944982647
-3.15151999282
-4.87657237083
-5.13519436137
-3.73711464529
-1.16609302567
1.55677563067
3.26529151233
3.13424844922
1.04206316899
-2.36059167158
-5.91555682827
-8.4406267523
-9.21454572081
-8.24658046379
-6.2170002849
-4.13082430023
-2.8593935648
-2.78851122671
-3.72847842036
-5.10478187116
-6.30878972379
-7.01554923113
-7.30471577436
-7.53240163953
-8.03620675858
-8.84296825127
-9.54531383079
-9.42338192685
-7.76067245403
-4.20407452922
1.00334053707
7.02484701574
12.6639681616
16.7235599152
18.3406524872
17.1784431285
13.4372554107
7.72876143794
0.899511113787
2.305496093114755
4.41336640232
-0.44737456413
-3.28641013043
-3.91359929217
-2.59337804911
-0.0406324667837
2.74080992662
4.76000464364
5.37930146493
4.54453715027
2.78331815433
0.948728557167
-0.188096706005
-0.306288747489
0.321049902726
0.989931386785
0.962213934923
-0.105228279954
-1.92976824445
-3.70945744795
-4.53214473206
-3.88593484982
-1.99925982381
0.190588857826
1.45814752238
0.911128120608
-1.49723284397
-4.84106670643
-7.57637703912
-8.2326317922
-6.11685793807
-1.68261546007
3.63071588397
8.02507621615
10.139719993
9.62849930268
7.23558703942
4.3377335465
2.19293212447
1.28832154911
1.13226429425
0.606594129035
-1.30075489082
-4.7729836546
-8.85447889039
-11.7581227367
-11.6798227281
-7.73774445337
-0.564642884466
7.77188020748
14.5302702053
17.4134869411
15.5371045568
9.79706713179
2.46271962922
-3.8182065963
-7.14400603902
-7.10189179429
-4.80832694927
-2.26207390595
-1.34300840224
-2.93721457296
-6.58196032094
-10.7554661245
-13.6252822849
-13.8691807905
-11.1843315935
-6.28906114202
-0.488537754419
4.92010148536
9.08641354739
11.7024635176
12.7872906467
12.37091082
10.329507218
6.50678433043
1.05365491943
-5.24943645964
-10.9531249975
-14.3134408263
-13.9778936273
-9.67708012639
-2.55798748817
5.07050847262
10.5390981078
11.8509171739
8.4926045404
1.64706359427
-4.916179841705713
-10.008470601829757
-11.908056821719569
-10.392270994752096
-6.696304780780849
-2.836949529951383
-0.6401532670701897
-0.9324599395172442
-3.2556882327901064
-6.197987409373312
-8.138028241263257
-8.017574651152074
-5.773500474716897
-2.2546534256895967
1.2848013694749199
3.82294669724
3.78171073509
2.74176779638
1.4321396929
0.471625115733
0.0194188118863
-0.249467205267
-0.849010102477
-2.05745552178
-3.62718519127
-4.81692602875
-4.75080161292
-2.91966527252
0.450794553653
4.38251524529
7.51712707802
8.71164351429
7.56828507671
4.63292231026
1.15721652619
-1.46505230653
-2.31665643343
-1.33552801066
0.71921659022
2.68107994088
3.55377747155
2.96637568762
1.29391759804
-0.592625005816
-1.7982380689
-1.84819971692
-0.885957849639
0.455179730484
1.41536259875
1.50218086459
0.710660902586
-0.529260333298
-1.62557223434
-2.15197510204
-2.04794033606
-1.59122438139
-1.17622708462
-1.04002228897
-1.10252800333
-1.01679179744
-0.401084839787
0.883223545005
2.57479453734
4.07951289825
4.74123360373
4.17979950137
2.51589385231
0.355160743341
-1.47285349507
-2.29670455535
-1.91568452205
-0.684749461336
0.672475043003
1.42936316977
1.21734878684
0.202360132243
-1.00926195049
-1.68509710281
-1.34213310625
0.00314231609347
1.83100310398
3.35877483796
3.90477581381
3.20046941178
1.50720187311
-0.507602638899
-2.0664063361
-2.60817882474
-2.0027816398
-0.574205062775
1.05437951783
2.20777235829
2.38943244148
1.41668397413
-0.561172787485
-3.13281918746
-5.73421437848
-7.76146681005
-8.67859630182
-8.12795609251
-6.04289158053
-2.73534511535
1.09233304896
4.45848951955
6.34375255476
6.00907379509
3.2836381803
-1.29592439674
-6.57127939641
-11.0664249058
-13.4157597096
-12.7700619258
-9.04246629609
-2.92039803396
4.34165484722
11.2603080481
16.4761283541
19.0267377629
18.4969190536
15.0511604218
9.37643916584
2.55646328854
-4.11875201606
-9.40700890086
-12.4057134251
-12.8120213571
-11.0504733577
-8.17976220268
-5.55947131661
-4.36286382273
-5.1141791693
-7.45438494188
-10.2690787817
-12.1634997053
-12.1042380318
-9.94557531728
-6.57980998046
-3.60053607914
-2.58755793335
-4.31310723612
-8.23679023797
-12.5578225893
-14.8603735384
-13.1197611884
-6.65525039248
3.39238138931
14.3010738901
22.673899913
25.6767498505
22.1234622389
12.975835454
1.05608123861
-9.91979307488
-16.6178258264
-17.1946575181
-11.846159999
-2.63299654601
7.30599178492
14.8333907888
17.7967792496
15.6051365017
9.26300567381
0.921914812216
-6.85051912185
-11.8333931124
-12.7330064139
-9.45509390903
-3.04215297472
4.6697360046
11.5680530241
15.8228479917
16.3521141316
13.0774038264
6.89983855525
2.9275545054695726
-0.6025508754953961
-2.2678712417877875
-1.37977976074
-1.7462517152
-0.567050009362
1.04277504042
2.14443549598
2.29348434713
1.60883350183
0.591737776302
-0.19459074995
-0.419558763493
-0.116213684931
0.395935240439
0.731463779956
0.668996505678
0.262351876076
-0.220726379588
-0.485128241519
-0.402671747988
-0.0953906100861
0.142907320819
0.0395519591519
-0.468023743535
-1.16763148591
-1.68169193707
-1.69583071303
-1.17389556147
-0.423023683561
0.0493336481127
-0.175726727821
-1.15100712421
-2.46615745787
-3.41446602781
-3.36302317488
-2.14033101432
-0.221162758364
1.42609721404
1.79443400668
0.390457140322
-2.39881927365
-5.34266619228
-6.83903011695
-5.63505118998
-1.46544915607
4.70826440913
11.0020955276
15.3472325122
16.3377276172
13.8009218295
8.82579615963
3.23830464894
-1.22423790037
-3.64521800387
-4.22291334001
-4.00205602793
-4.19860315328
-5.4750045718
-7.54402310282
-9.30807665167
-9.46396946342
-7.26000707763
-3.00783180741
1.93050114966
5.69672655545
6.77272807618
4.69125476146
0.26794200188
-4.020917714750922
-7.066952274187685
-7.730076932299312
-6.059761779779606
-3.188653140829686
-0.7094647402696523
0.1462275659816754
-0.8829891489203447
-2.988399925302346
-4.737960320536658
-4.834091712157189
-2.795753137941034
0.7770278112442242
4.48324090497735
6.798753799808466
6.810170818992319
4.642616986548575
1.379637578173103
-1.47054459248
-3.32394686578
-3.14733249911
-1.48090450943
0.542741975632
1.8011688046
1.72845796468
0.537114510145
-0.973095343514
-1.89256008988
-1.6994038078
-0.516227401661
0.994626367635
2.02120527806
2.05365010077
1.15067929235
-0.116554122218
-1.00152310627
-1.00742301044
-0.164351376085
0.991832067023
1.72388235509
1.51083301235
0.348121485278
-1.23573668323
-2.45719625142
-2.7012004205
-1.86089847679
-0.407611020099
0.851478000004
1.203371587
0.420692001952
-1.09440189099
-2.49501707078
-2.91335736114
-1.90914469939
0.285727146804
2.85129125509
4.75107879718
5.20681414687
4.04456295386
1.75078595018
-0.774863190533
-2.63464548908
-3.30716902332
-2.80822158821
-1.58542692307
-0.232087289283
0.811844580105
1.41639404758
1.71533329043
1.91664049559
2.10629020206
2.17471375047
1.91105033996
1.20039106576
0.189062762924
-0.704965235638
-0.970186540959
-0.285435139158
1.24899065733
3.07954188825
4.41477143842
4.60031231016
3.46780037287
1.46820368683
-0.501082339863
-1.51140040523
-1.06537242084
0.624795786762
2.6937221223
4.00266890447
3.6694722574
1.49578509396
-1.91597163799
-5.41459083233
-7.80091429795
-8.33851705204
-7.03535666896
-4.57527016694
-1.95253996727
-0.00467986371103
0.922767850516
1.02678223409
0.815467503613
0.74397453397
0.928319286049
1.0938644034
0.778050753514
2.544577731096723
3.59856714829
1.47835478828
-0.095490880582
-0.558943895913
0.164536236392
1.58571027162
2.86906935168
3.24801176327
2.42316428342
0.73152633208
-1.01193337442
-1.92847270775
-1.53644664168
-0.0188619249654
1.8476194063
3.07382165952
2.9578094442
1.44506892972
-0.841911796626
-2.92662138749
-3.99100835657
-3.80987177792
-2.87242054915
-2.11351215566
-2.38085554285
-3.91061555253
-6.09479814519
-7.68878045674
-7.38953133735
-4.52129651527
0.506329825185
6.21300407339
10.5667752284
11.8027735512
9.18835558611
3.39354844769
-3.70645885908
-9.72316413997
-12.6543189852
-11.6206333253
-7.14795078807
-0.903947849802
4.97299540446
8.65979928299
9.23646565496
6.87471366718
2.60982660981
1.101497129013211
0.337098917071
-2.11771453021
-2.99659672235
-2.66040473075
-1.67966658057
-0.590456148028
0.246935985395
0.673657647169
0.686017120714
0.375771845637
-0.10846367286
-0.581880889383
-0.852086327516
-0.774431427311
-0.323279472315
0.360312676447
0.988447424332
1.22969858447
0.864556487974
-0.0773348717455
-1.27368836315
-2.19876041623
-2.3213498534
-1.33060511594
0.71183134362
3.36565376743
5.95814441866
7.81931596832
8.50356836807
7.90692574324
6.2435512965
3.91364580255
1.34125305839
-1.13789616133
-3.29936633713
-4.98280394855
-6.03455431018
-6.30058815137
-5.69056816929
-4.27847802317
-2.36850490196
-0.461479440092
0.892837709561
1.30490595083
0.716828448468
-0.257191202704945
-1.367033579991812
-2.0735725754043415
-2.1072890871077306
-1.6005297642142438
-1.020144181711487
-0.9231032169311817
-1.6504790273721284
-3.114355356770915
-4.794200268643451
-5.959129364972128
-6.018309570779081
-4.831050554882864
-2.8188475002727387
-0.8119474474709847
0.3091959039645644
0.014330262065513466
-1.6237136563449184
-3.9474563913765195
-6.001118538256449
-6.953822136995072
-6.462671248002536
-4.807115212013343
-2.73523132803426
-1.0996732919813326
-0.459514254557
-1.1695815013
-2.40342308144
-3.41860317889
-3.59875835523
-2.75123897245
-1.18531375886
0.45990745016
1.54524097781
1.75150310258
1.23179549741
0.524544479934
0.275249967193
0.907581515078
2.40567066436
4.31086689134
5.92900769564
6.64252066033
6.17511758158
4.68634418474
2.66151307415
0.663886993196
-0.92014568851
-2.01597849959
-2.81598833712
-3.59002517543
-4.46031966122
-5.26679966683
-5.60117590765
-5.00090240877
-3.21104856047
-0.3840377962
2.88778839302
5.73631758303
7.31824455931
7.12945352581
5.20330170653
2.11208019184
-1.22737800574
-3.86551141413
-5.12977145211
-4.82194092556
-3.24333475102
-1.05555081873
0.959675825128
2.15271181316
2.1906474047
1.12785246249
-0.643242444309
-2.5332939143
-3.94225721797
-4.43916999385
-3.8898132474
-2.49925339824
-0.754693778999
0.722053447179
1.37640166904
0.918394353805
-0.551562999681
-2.54189461685
-4.30993349758
-5.10825222447
-4.4574277734
-2.34582841047
0.724900249089
3.87720864477
6.13768037518
6.76225577041
5.48791410638
2.61733287296
-0.05103290341243394
-2.6186800743167282
-4.275632102506947
-4.59585965062108
-3.6368268681285087
-1.8620651247218518
0.06933146785355859
1.5565118982346178
2.257171359823971
2.168646778189867
1.5769700128140585
0.9120740255852979
0.576442246156
-0.272641777208
-0.518361544349
-0.312561842284
0.0943719387824
0.452210228021
0.588559374783
0.446693375362
0.082833811083
-0.365965084313
-0.728914501455
-0.851704640454
-0.641433043391
-0.0989623712827
0.669463608275
1.46912291518
2.06490764512
2.2528830401
1.93547100961
1.17288443385
0.18617869211
-0.698189189211
-1.15040736199
-0.953419410692
-0.090717998523
1.22996018395
2.63101709621
3.68241354399
4.04238553079
3.5715079117
2.37889265854
0.783815851172
-0.793102956258
-1.96970623755
-2.5232299292
-2.45056836764
-1.94911777819
-1.32858575979
-0.888665955211
-0.80868259939
-1.08953565028
-1.56791641738
-1.99528179567
-2.14941360441
-1.93360960073
-1.42271767599
-0.835452321999
-0.441808790688
-0.441987282634
-0.867842425289
-1.55232934638
-2.18702046618
-2.45112130866
-2.1619464141
-1.38140262277
-0.424588960146
0.24660370821
0.213130260925
-0.700983395353
-2.30437278741
-4.05422058229
-5.22366416992
-5.16866304162
-3.59479311847
-0.714978747351
2.77495245567
5.90670526191
7.76434754589
7.80215129487
6.03230522478
3.00837802705
0.46210446548548134
-1.575651301115684
-2.530392094863302
-2.305874090925087
-1.2573947043408253
0.009312126208030236
0.9192573571610723
1.166755588610073
0.8141312615374687
0.21978854364309086
-0.15852737219829294
0.012799296962043627
0.7965361806063811
1.9762612082426614
3.1801931131537486
4.06975745273
3.00392372732
1.58130115697
0.0875580432998
-1.15832308371
-1.95569073699
-2.2998130097
-2.34991589178
-2.31041477948
-2.29367211073
-2.24248433867
-1.95957232529
-1.23502519738
-0.0091994233269
1.51483192587
2.87594738736
3.48984921236
2.86461514858
0.80587648668
-2.47954964412
-1.5646925054886793
-0.5826491674482668
1.12807248105
-0.133982972164
-0.270303167371
0.414455775139
1.45562250763
2.41877733174
3.04161523584
3.2785638619
3.24872273009
3.13026251297
3.06073438297
3.08801208687
3.18201896724
3.28327113092
3.34878413136
3.36559325994
3.32903578713
3.20959420314
2.94177188105
2.45478028027
1.73551637587
0.887114093767
0.138952678917
-0.216308436692
0.0555845537292
1.00193517968
2.41437769062
3.86732271543
4.863509552
5.0329724937
4.29902846623
2.93177688728
1.4558972607
0.445108634126
0.289528746405
1.03759242557
2.38227004853
3.79614357345
4.75218236539
4.92933025089
4.31244380843
3.14931121164
1.79694394387
0.540642202621
-0.522593344774
-1.48295925135
-2.50975874564
-3.70338285987
-4.99384035058
-6.14497730287
-6.86424896995
-6.95848576063
-6.44867424537
-5.57676713232
-4.69511157653
-4.09386773172
-3.85860741225
-3.83790764931
-3.7437863035
-3.33521118987
-2.58541972629
-1.73567633798
-1.19351892718
-1.31608168079
-2.18626651421
-3.5044368227
-4.66923357757
-5.02911046702
-4.19589616306
-2.26960742609
0.145512189371
2.16099268031
2.97514002471
2.23235877569
0.204552848564
-2.29643482821
-4.24580118739
-4.83274060954
-3.80067803512
-1.55213678533
1.02467267699
2.92660592086
3.43828647237
2.39423010592
0.198675284222
-2.38585895091
-4.56985393426
-5.83417228193
-6.07125536673
-5.53252113811
-4.63746555134
-3.75598738899
-3.07066222679
-2.56869643844
-2.13850661832
-1.69407317179
-1.24682504645
-0.887306141082
-0.699682502755
-0.674928572133
-0.688676724219
-0.567881370446
-0.211802496187
0.307409455646
0.735830668426
0.74426788171
0.107095673576
-1.13811142755
-2.64284028934
-3.85409982912
-4.23954368423
-3.53073837917
-1.86726131422
0.233200711191
2.07162485873
3.04378914306
2.87049983898
1.68088828292
-0.0786740110967
-1.85292061972
-3.19434667963
-3.88608116732
-3.92870346695
-3.42730627437
-2.4683411271
-1.07395350509
0.734049878122
2.80554626684
4.76657379707
6.04964669646
6.07751114227
4.53557863393
1.59985443615
-2.01505434278
-5.2501973657
-7.08431066366
-6.94659217765
-4.97034851393
-1.95751098557
0.946881169557
2.73338762179
2.9452234824
1.84207912497
0.23591353019
-0.920592186341
-0.993872477302
0.0436407909628
1.63472835565
2.94919659615
3.32522412716
2.61631778811
1.26941456393
0.096616500862
-0.141607716717
0.871213543851
2.83926492669
4.99487590613
6.47431223723
6.73532874287
5.80217778297
4.21359658568
2.70396771506
1.78798112806
1.47207235246
1.25302918581
0.415929644183
-1.51530404456
-4.40957539305
-7.44783773282
-9.39978912018
-9.15173802623
-6.24879252051
-1.19475823263
4.64425961097
9.50915929202
11.8979019347
11.1227801977
7.54377259559
2.39095760291
-0.9883828809483219
-2.96537439649
-4.61429218017
-4.30169686518
-2.79968447288
-1.11905333875
-0.0860958383966
-0.068180167438
-0.931278137129
-2.20240481891
-3.33042307626
-3.91990838618
-3.85173829686
-3.27132626485
-2.48397159101
-1.82186207873
-1.53646727165
-1.73996830662
-2.3922374359
-3.31947335518
-4.25557149615
-4.90522105137
-5.02603798417
-4.5133121655
-3.45522485331
-2.12424150743
-0.891021474348
-0.0848162025116
0.1409658042
-0.129347390652
-0.623080903138
-1.02272171287
-1.13198244755
-0.972592381421
-0.750892921521
-0.704195201835
-0.911025406945
-1.18305416351
-1.12383373102
-0.350232465484
1.22886092861
3.23746993908
4.89201588261
5.31471617388
3.97818604476
1.06157971534
-2.49216788703
-5.30230345002
-6.15257063044
-4.60083137062
-1.28410590193
2.27832080126
4.34959739737
3.83137528244
0.904961568671
-2.88782655496
-5.22903236907
-4.06219363257
1.37135345138
9.99420461946
19.1541207677
25.630955284
26.9809445842
22.6266192203
14.1854290316
4.8561843498
-1.89420971045
-3.77628863009
-0.617189460263
5.62353093444
11.7625215734
14.8087928129
13.2453837895
7.60730726837
0.121414433411
-6.38897062789
-9.79938319082
-9.57165165328
-6.84168674665
-3.7109400822
-2.12511955183
-2.90653043809
-5.40850781108
-7.93692492781
-8.69872521532
-6.78146477251
-2.66415464335
1.99533732825
5.1836780817
5.54815632708
3.09420024927
-0.785122279376
-3.96429835235
-4.60504688738
-2.04493730561
2.87145459606
8.17048676237
11.6462453232
11.8445906215
8.67567938199
3.38890493837
-2.04463015175
-5.82236943853
-7.04600603806
-5.97799883375
-3.74551124396
-1.68722983943
-0.692653376253
-0.854811228236
-1.57258875723
-2.00074374098
-1.57757250641
-0.342489136249
1.11222793634
2.00674609102
1.84027890815
0.698533423014
-0.763671015875
-1.65211594831
-1.297871317
0.386596630227
2.8407538191
5.1061025843
6.25951225385
5.81127289706
3.88012897939
1.08161322046
-1.78645033707
-4.08457176124
-5.52843564309
-6.16789504833
-6.20126992704
-5.76503127948
-4.83944104959
-3.32835190268
-1.25598989028
1.05736927165
2.97788075915
3.751476211
2.838584573
0.228141117572
-3.4413413769
-7.04395978534
-9.36744601096
-9.58872216144
-7.61566045496
-4.14156520002
-0.386213140977
2.36456793258
3.22516026083
1.99414122653
1.740292650863708
0.8059448234480868
0.17979433721225746
0.576672026255
-0.419154000391
-0.311886268493
0.434389728715
1.28174637155
1.79344918666
1.72973169236
1.06619610807
-0.0376344085175
-1.29410682136
-2.35889735643
-2.92030637738
-2.80053942877
-2.04092104381
-0.925928136659
0.0906495158398
0.554544796399
0.217512621357
-0.81379720418
-2.07483170911
-2.91547737087
-2.79005600438
-1.53586367008
0.502149197315
2.58229670133
3.88287762302
3.88620128597
2.64364542037
0.779806395347
-0.784785064576
-1.27152844003
-0.432023398698
1.3108447404
3.05220140206
3.84490533078
3.17907359476
1.2611803692
-1.05634335541
-2.67367549225
-2.78306375211
-1.28479800444
1.13127459324
3.28921881121
4.07682003044
2.97949214699
0.340632462133
-2.77774578048
-5.06696266246
-5.55006289106
-3.9943112706
-0.973176585042
2.43168218475
5.12505974032
6.44196448092
6.33649329749
5.25537951582
3.80098538692
2.38826363891
1.08467067157
-0.295748149636
-1.92502078867
-3.70283301093
-5.18333517932
-5.75383273469
-4.97985652927
-2.922292529
-0.230322943909
2.07532100294
3.04739820565
2.27066481759
0.0939632142892
-2.50151955968
-4.35384769135
-4.68003310505
-3.46652431487
-1.48771880975
0.0695919197229
0.200751597355
-1.39215080202
-4.10604915057
-6.6755573586
-7.73769424367
-6.45894862039
-2.93325799782
1.82772512237
6.296144424
9.0265036587
9.17956322285
6.75616764141
2.47861412145
1.377573920505725
0.518548384705
-3.39294423888
-6.07043926037
-7.47572658787
-7.67984828931
-6.78855872464
-4.985704583
-2.62845651042
-0.277560734481
1.41914972892
1.97031024052
1.28761233589
-0.225525264531
-1.83938868552
-2.87328454962
-3.0967866931
-2.91994484355
-3.21507040007
-4.79925146298
-7.80949679992
-11.3092959118
-13.4029245421
-11.9116368018
-5.38038065351
6.0242778522
20.1788478227
33.4762805378
42.0041763173
42.9891708956
35.9104953088
22.7904483082
7.50310738653
-5.638922139
-13.445354514
-14.9168884596
-11.3979323654
-5.789906408
-1.20444651322
0.340014854825
-1.37439309814
-4.91263235333
-8.05412916371
-8.93323383812
-6.91523818024
-2.82933870599
1.49906192606
4.14924583849
3.9930730252
1.1638710729
-3.07532631468
-6.9558806266
-8.99652526545
-8.59534115341
-6.17950178417
-2.89813466658
-0.0518004863524
1.45410408085
1.39624616761
0.179109488385
-0.6849092784784716
-1.3086531505268084
-1.3219124577793764
-0.7080365766296808
0.31763243516101625
1.4881191015213204
2.6098864436631004
3.5813713467508137
4.334583142017806
4.776688697927156
4.796425988900296
4.341812940351801
3.512697481012836
2.5877280408222276
1.9384716962936892
1.855141645540911
2.3743877695303297
3.216352303643532
3.889769656084212
3.93305189808
2.43930165234
0.407863451011
-1.53588233233
-2.66914187362
-2.51171402405
-1.07184045691
1.13153492391
3.29009734874
4.66699374194
4.91960874543
4.22403517385
3.14187484576
2.30269966173
2.07047885075
2.36906276621
2.75617355592
2.70213013264
1.91929207269
0.559881895979
-0.830770899904
-1.58758536078
-1.28451574171
0.0120197408021
1.73459875068
3.06454680703
3.31829968082
2.27579721719
0.284392907345
-1.91343677386
-3.5386469028
-4.13606771813
-3.75438322192
-2.86027040748
-2.04186541747
-1.66668176581
-1.68069517756
-1.65750431669
-1.0707214774
0.358976166335
2.43382589768
4.49899834658
5.71549027055
5.45494398395
3.61797998582
0.711992069249
-2.35668762389
-4.67860994823
-5.7336225496
-5.59096277685
-4.82469546768
-4.19315293637
-4.24528758504
-5.04819735504
-6.16525984675
-6.88829321043
-6.60398176936
-5.11443338976
-2.76044995209
-0.295194719081
1.4263546473
1.79760873633
0.698986715601
-1.46445378433
-3.92181327121
-5.80825256031
-6.43666419914
-5.47921738768
-3.02349506429
0.479618114051
4.33343329365
7.74004359338
9.95273287177
10.4286398618
8.9666704718
5.79561185231
1.56512809661
-2.79254381227
-6.31621425461
-8.31193541117
-8.58012756428
-7.47108838999
-5.72898541745
-4.17662429461
-3.3710550021
-3.38174559933
-3.79244039655
-3.92535311626
-3.18090878484
-1.33097302342
1.37217596076
4.31587649169
6.80613835468
8.35854987587
8.85451513095
8.49424978105
7.59122215315
6.33968592747
4.69943609775
2.47182376351
0.832493438154529
-1.3497115673874873
-3.50083412492269
-4.792340504470005
-4.482546312729852
-2.2983462578096834
1.3429621320942573
5.410260905783915
8.631351046008362
10.009138742415615
9.24643640795152
6.876657947821613
4.03245262081
0.477631844663
-1.47323482146
-1.6981943391
-0.748205505991
0.50210032882
1.3238528122
1.48196995567
1.29080070593
1.36307004005
2.1986418667
3.84110633851
5.79071294269
7.22353324007
7.40260172531
6.06382378216
3.57174342812
0.760937393861
-1.45623517384
-2.51283493505
-2.42412617092
-1.72047839864
-1.11997679644
-1.1208452435
-1.73340700809
-2.49350028307
-2.74616350351
-2.04224654379
-0.429731743731
1.52153811984
2.97912048743
3.25531435962
2.14669001696
0.0264837728661
-2.35609932296
-4.25781286951
-5.2963593395
-5.58835591543
-5.60320186027
-5.82631177018
-6.43399961707
-7.17710934993
-7.55107659886
-7.16032214306
-6.05948555825
-4.84740733501
-4.41388310948
-5.43373339772
-7.86423321022
-10.7377701031
-12.4206222593
-11.2818244003
-6.49403554243
1.41275508815
10.542619695
18.2324915146
22.0379398239
20.6916364648
14.6131259809
5.73812982021
1.3038561925080359
-0.9025635242326189
0.294956267908
0.0382129449641
1.41661944215
2.63410802682
2.42496246046
0.588263923455
-2.0350346646
-4.08951861977
-4.44917371944
-2.8042090287
0.184876086327
3.21700465748
4.97846982451
4.75024774504
2.70469526443
-0.230576346652
-2.84724205039
-4.21827819321
-4.07309286359
-2.82401900798
-1.26635212401
-0.133190997001
0.257168570368
0.0909690310499
-0.135577225023
0.0327022496403
0.703794238703
1.54312687502
1.93521166615
1.3108755659
0.6538896991037575
-0.9243366933557695
-2.7216557382647153
-3.931298730145272
-3.984608239861032
-2.777857757170466
-0.6860738445199388
1.6267461855618848
3.4989141909734656
4.52657504932769
4.679508832500787
4.250588662618057
3.69019034636
2.09390181898
1.04158193728
0.588477241007
0.625547444796
0.94807703307
1.31781920751
1.50723971697
1.33809821793
0.728725009608
-0.255889627188
-1.38242818726
-2.29422162716
-2.63661857869
-2.228711954
-1.20336461531
-0.0282164153337
0.638718747071
0.226661771379
-1.4481325696
-4.00623407751
-6.56265185387
-8.03012803601
-7.56200953467
-4.94857015123
-0.782684030386
3.69893357724
7.05162392164
8.1616203819
6.66202679627
3.05061808923
3.0595625477552204
3.40887781044
0.816463914445
-0.0762028878631
0.432039253315
1.627979901
2.76066739882
3.36362386283
3.385308366
3.0988395979
2.87280104041
2.942456152
3.30033236467
3.74460600473
4.03142425739
4.02483250366
3.75193673938
3.33921025783
2.88557965978
2.37041428302
1.67332714039
0.709038596041
-0.402298646524
-1.24985684088
-1.22196646935
0.23071632908
3.26646651092
7.42670992225
11.6575187045
14.6168408221
15.1662877881
12.8426857909
8.09329367789
2.15222583028
-3.40574839684
-7.24883307065
-8.75759146746
-8.17904959365
-6.41004079701
-4.52568499659
-3.28351228183
-2.83634089489
-2.77719781348
-2.47219153117
-1.49532162638
0.0673208005908
1.60549420982
2.27437069159
1.43887498769
-0.956070681843
-4.28476627221
-7.47235658529
-9.45636618866
-9.65954927841
-8.24644230702
-6.03877306386
-4.12896496599
-3.37595658643
-4.02280186716
-5.61475243881
-7.2502686562
-8.03744263123
-7.53219154218
-5.94779510301
-4.03974423723
-2.72844248224
-2.6476877407
-3.83913335652
-5.73825022327
-7.45374046447
-8.20045320978
-7.67404131494
-6.18723980069
-4.5056930627
-3.46740739478
-3.5733537518
-4.74833632586
-6.38660498967
-7.65759032716
-7.9208671138
-7.04645383938
-5.48184830757
-4.02893171817
-3.43409762538
-3.98717851091
-5.32511240574
-6.54397033232
-6.58031896189
-4.69577271342
-0.845952585223
4.23805882186
9.3016336233
13.049029163
14.6491648038
14.0451001258
11.9332561813
9.42451534838
7.54072668953
6.77337797761
6.90287970897
7.15888692561
6.64657948299
4.84051210587
1.91272519758
-1.26736245616
-3.47704384098
-3.68611994211
-1.56376244723
2.28706836045
6.48892768386
9.39421864366
9.7323217382
7.12860893096
2.27269028256
-2.6780413005297703
-6.6684017340992625
-8.420261760478397
-7.563727824538972
-4.721358809393422
-1.1846537717956664
1.6663074791497507
2.9433457119325084
2.582087794536463
1.2929648460123246
0.1702200298340557
0.14710879414600697
1.5472314741092816
3.9311108904479823
6.299435483120334
7.55356223284727
7.002041271919651
4.687046066407362
1.3898322166024428
-1.68163896498
-4.22858888732
-4.77916408536
-3.45985324837
-1.07259210525
1.24754339805
2.49040961626
2.15836526091
0.438003801447
-1.89500606625
-3.78465988821
-4.29090138541
-2.92938282029
0.154732273485
4.22257898979
8.16187936545
10.8167637806
11.3305849131
9.40954298557
5.43771588823
0.408526387979
-4.32026269199
-7.39526459476
-7.86597903659
-5.49599227555
-0.879034396905
4.69916627441
9.63227638462
12.490907839
12.4813523143
9.69983147512
5.0814866789
0.0542262989832
-3.97786213667
-6.12659297709
-6.29872397339
-5.15715053613
-3.7874340936
-3.2117813372
-3.95217438831
-5.81971797654
-8.01001113495
-9.45698356675
-9.29423287286
-7.23512745266
-3.72267816061
0.203672330772
3.26714646916
4.40145858403
3.12736886898
-0.26646115775
-4.7895289089
-9.03331441325
-11.5824362452
-11.4339988955
-8.3101351325
-2.77837159393
3.859113168
9.89026186719
13.6570573288
14.0359280884
10.7906543575
4.67448241191
-1.8486094370242512
-7.846157025116781
-11.722497316841853
-12.640264770511351
-10.74580359202649
-7.035241405211906
-2.9138229154557678
0.37034799691352305
2.1807020469067737
2.6445520247005874
2.4488358501650964
2.389770764068544
2.9040866817220348
3.8197235176225206
4.4571812589816915
4.036504444693733
2.1839325771518503
-0.731563203008
-4.29559206031
-6.47650653648
-6.25435170578
-3.49960365189
0.855393816095
5.13571800614
7.61991746565
7.30795134602
4.40283936379
0.264812119294
-3.16529950313
-4.22777775723
-2.30415679586
1.87391830451
6.51563820754
9.537396943
9.46314593573
6.05777271188
0.417499332281
-5.50961421216
-9.74475439167
-11.0698068167
-9.44968538565
-5.9303542199
-2.10108789273
0.604207741134
1.44627208382
0.546347911927
-1.33988282192
-3.27555325625
-4.57513418157
-5.01635429956
-4.7735783883
-4.16825502662
-3.4155736954
-2.52171712151
-1.37592215162
0.0457100786865
1.51780135405
2.57177984813
2.69245021768
1.60523595
-0.512296136112
-3.03163349674
-5.11258888133
-6.07308270404
-5.70241130287
-4.35171403771
-2.748355398
-1.62675512739
-1.36763576306
-1.8350941451
-2.4955078316
-2.74970660183
-2.29285465737
-1.30008877558
-0.33115428079
-0.00374239109982
-0.61747761529
-1.94414614451
-3.31295543226
-3.95682991402
-3.43538048677
-1.89720986414
-0.0229229109081
1.3369929566
1.64034284937
0.979489576
0.0552396738978
-0.216076042763
0.732509561358
2.69435818324
4.67181936737
5.33273832256
3.75137214582
0.0636922674984
-4.33397314527
-7.21888499445
-6.47769675765
-1.14364755261
7.95824302898
18.3079257013
26.55436145
29.8143236684
26.8534720061
18.626111136
7.9223410403
-1.73522445934
-7.4703791725
-8.11624174143
-4.52269190068
0.98380652477
5.70237051834
7.70379811734
6.51789643515
3.10425636068
-0.803369339861
-3.60821712338
-4.56256588692
-3.96684269357
-2.82355589657
-2.18772001376
-2.58516693132
-3.79949393274
-5.10632065558
-5.7845863287
-5.59171259461
-4.92434646874
-4.57401682768
-5.22130977046
-6.96403092535
-9.16137557607
-10.7044611547
-10.5865081388
-8.47227982939
-4.95208480052
-1.32232465831
1.01761350905
1.25346528217
-0.427119309576
-2.91700497768
-4.74676908165
-4.84429654677
-3.10990819277
-0.501873419448
1.43183783379
1.35865566433
-1.09279166236
-5.0271039143
-8.59185839902
-9.78065678508
-7.36451251851
-1.51721972807
6.16145621152
13.2426016661
17.4191331886
17.3909533224
13.308924288
6.61705227727
-0.592064900759
-6.39027593321
-9.63747507305
-10.1876370576
-8.67085926179
-6.0410816612
-3.15415535308
-0.569121033887
1.39951960674
2.50889628745
2.48520015032
1.11412607812
-1.50599773534
-4.72187616821
-7.30890038458
-7.80006979412
-5.08839300301
0.953644161091
9.1642591117
17.3198830051
22.8911295293
24.0526807095
20.5115965945
13.7542006381
6.54414488608
1.83610177272
1.5483493368
5.72773868592
12.4899585778
18.7862574458
21.6817041678
19.5967887374
12.9730127412
4.07356324419
-3.98926206366
-8.56907759708
-8.56707204751
-4.8172656999
0.371123751956
4.28597170951
5.00747543322
2.19779849136
-2.84351368691
-7.84782001862
-10.6378233545
-10.0896698962
-6.57455580449
-1.71277098303
2.40898260543
4.17284387158
3.08714974603
-0.111707355584
-3.91849644949
-6.82532790892
-8.01340621611
-7.64744063419
-6.65838145716
-6.15408508423
-6.77432205368
-8.32402365947
-9.87235655186
-10.2685665857
-8.81369250645
-5.74222549703
-2.25078908331
-0.0237209674318
-0.448835014938
-3.87671372669
-9.27755088768
-14.4873020393
-16.9801587969
-14.8696017853
-7.72950477997
3.11058605047
14.9321427662
24.5253240249
29.2750867383
28.0243379048
21.4010208724
11.5149782363
1.17507315522
-7.05345369885
-11.6005997669
-12.210631902
-9.77894596182
-5.84473789903
-1.983768629
0.663321887819
1.59538490085
0.894528124669
-0.979063696018
-3.40170805479
-5.71990819696
-7.29973278314
-7.55745977782
-6.04710377173
-2.62700768365
2.35528516644
7.97944264868
12.8807065863
15.6166010176
15.1742782588
11.4201775157
5.27601838865
-1.50613632629
-6.93086218642
-9.49790907393
-8.78784352379
-5.62796565015
-1.73645147058
1.03102080015
1.52034811146
-0.167045816535
-2.67053322622
-3.94951107283
-2.21743677959
3.16939600875
11.2693249058
19.7816422391
25.8793727163
27.317879392
23.3571242404
15.1025595734
5.11025342984
-3.58694077616
-8.62925199687
-9.18009660548
-6.13299703982
-1.61084896908
2.00462554902
3.08237860354
1.35866312272
-2.08349945718
-5.42745015157
-7.02449760717
-6.16427171051
-3.37003984691
-0.10313055668
1.96642228372
1.77241972205
-0.630998240668
-4.08335741667
-6.84898196639
-7.41607102578
-5.19738959195
-0.817658988143
4.13514426438
7.77525267287
8.7004171485
6.54669119739
2.08664495689
-3.14913038221
-7.53788540839
-10.0133201941
-10.4184356756
-9.43282538636
-8.14250746688
-7.47549228009
-7.77076318207
-8.66842402584
-9.34825733133
-8.98117748709
-7.16800285517
-4.15972424741
-0.767155966894
1.98300810939
3.27564206098
2.82129902584
0.926348833555
-1.1183018929673096
-3.0810068582916585
-4.387486586743989
-4.852629783771974
-4.64023310024
-4.64833339314
-4.58093844972
-4.5379515092
-4.45972641997
-4.2507115703
-3.91631317889
-3.61562623
-3.58749650471
-3.9884657812
-4.74214441354
-5.50432080269
-5.79061742042
-5.22205894401
-3.76734876991
-1.84304753147
-0.189761269478
0.449119137465
-0.288338913415
-2.12118758686
-4.13584032574
-5.10185982298
-3.98405943257
-0.437594078125
4.9396627907
10.7318502764
15.1827426096
16.8456638196
15.1421400756
10.595955999
4.64186280165
-0.914112845305
-4.56095665081
-5.60504786916
-4.34561813322
-1.85213113989
0.539794469167
1.78704773021
1.51801196528
0.0909793643968
-1.66135012562
-2.86086105147
-2.98377149174
-2.05961487252
-0.601521375694
0.675890528256
1.20643112528
0.828764012666
-0.156734814563
-1.14108794212
-1.48992551857
-0.829957733715
0.777682344978
2.83834077172
4.58929650954
5.26373222659
4.36265575185
1.85175747514
-1.77187817988
-5.5637796768
-8.35434996515
-9.06643362151
-7.05659075468
-2.38599194984
4.07766726682
10.7982978969
15.9555204279
17.9906398635
16.1476643468
10.8078203663
3.45884804845
-3.73992015569
-8.67721350586
-10.0420604078
-7.81371943987
-3.27381662046
1.49336651463
4.43299881421
4.35178951024
1.39930740862
-3.01712344503
-6.86115027194
-8.37629384584
-6.87755895687
-3.06728551988
1.2805645228
4.14206363737
4.21003575502
1.56495392295
-2.27322589021
-4.96659627357
-4.40501906464
0.275167934295
8.15743952936
16.7577372405
22.927614461
24.0918424529
19.3129796127
9.73950432284
-1.75362970035
-11.5917299575
-16.7852662669
-15.969541303
-9.810291993
-0.653895836852
8.39702274856
14.5919683972
16.3971084106
13.8254570783
8.18198523234
1.40578411087
-4.67888200853
-8.90645703903
-10.9484301941
-11.1463999412
-10.1599764033
-8.63184286082
-7.01243649293
-5.56920150796
-4.49730961885
-4.00508772547
-4.28476092866
-5.37024275573
-6.97394112834
-8.43123370044
-8.84097611583
-7.39086788742
-3.74775673952
1.66749082654
7.67681496358
12.6647339076
15.1298491609
14.2611902416
10.2994000127
4.51347716458
-1.22612285463
-5.12885263895
-6.15617415629
-4.41189058846
-1.0836977237
2.05143183954
3.3648610793
2.05830229034
-1.49200933368
-5.87658163568
-9.22766472518
-9.99472533232
-7.60028592169
-2.70237845273
3.04796414828
7.65501438154
9.56326884231
8.25364153743
4.40812965837
-0.413936143134
-4.43656838616
-6.37372333467
-5.88122451125
-3.57664703108
-0.648735179048
1.73901223717
2.96270536031
3.13614064943
2.92130865613
3.07265116134
3.96474402646
5.35447227914
6.50277484033
6.59076160468
5.20681840883
2.63723181328
-0.21130980501
-2.23853322546
-2.71860230134
-1.71223567557
-0.0889102133269
0.884124282757
0.202854062948
-2.29208329427
-5.72832370112
-8.54425903434
-9.23302160209
-7.14179610868
-2.92160087977
1.63557012039
4.35040343871
3.68318784916
-0.444095899737
-6.44639975156
-11.6426694642
-13.3831591304
-10.2517014269
-2.79537532871
6.57470259824
14.5035383913
18.0532871998
15.917773964
8.95960159328
-0.163792197275
-8.11588631134
-12.2453049177
-11.606978229
-7.21741629546
-1.47397266577
2.96146045423
4.29506618211
2.25718522434
1.3840063454787526
0.28467227641418447
0.73890071476
-0.050860544903
1.26541977789
3.55092664178
5.49403243245
6.24410410009
5.71867214536
4.47544173719
3.27557543988
2.61058504148
2.45561449839
2.36335725649
1.81358060325
0.593465766923
-1.02324563079
-2.40647800892
-2.93534178503
-2.38674733396
-1.11730829389
0.0790787554718
0.375557107326
-0.632829083488
-2.67087022071
-4.87039779702
-6.17113449211
-5.83650765077
-3.82206974045
-0.808166276907
2.118643717
3.97055094764
4.29227516504
3.30923072743
1.73029371756
0.327954564578
-0.468715048906
-0.749643609583
-0.984675230749
-1.66542851744
-2.94702637763
-4.5076906471
-5.71834696728
-6.03234769356
-5.36877990144
-4.25083726761
-3.58601520703
-4.17422744535
-6.19608171648
-8.97192299211
-11.1628967022
-11.3620141328
-8.80873582488
-3.86943143946
1.98575607306
6.74599585497
8.73190694286
7.37782602295
3.54526486859
-0.805468143689
-3.46104399313
-2.94664336859
0.785351801097
6.28575484202
11.1940945201
13.2192719014
11.0820197948
5.01342560615
-1.8028494599545013
-8.666038100896372
-13.51447972836786
-15.235981539879191
-13.931412506273475
-10.659545892386447
-6.8411947383076495
-3.628399953727339
-1.5177557751169246
-0.3349448604217571
0.4734461873007376
1.43854217693
1.43112723686
1.63216721402
1.66178879059
1.1804000613
0.0901503426858
-1.41688561014
-2.96260835893
-4.15664995267
-4.737020045
-4.61708069469
-3.84893301412
-2.56366206042
-0.94762478186
0.73412741608
2.11417018289
2.76863070837
2.36753018848
0.887072269846
-1.23033419155
-3.09661540244
-3.64044047539
-2.04865523952
1.7941876411
7.09102826446
12.2936555562
15.6281205776
15.7908467456
12.5156427419
6.74286203355
0.287322813198
-4.87107380803
-7.3695691013
-6.97074174385
-4.57176476973
-1.72128697721
0.119573580792
0.219885372277
-1.17128337287
-3.06500694399
-4.31664843179
-4.24319646265
-2.95825377928
-1.26464677324
-0.178572647584
-0.350064456712
-1.69389922764
-3.42855578233
-4.50078358389
-4.16621571952
-2.41183684057
0.010871994815
1.96601587583
2.52845878563
1.47738515352
-0.57902655717
-2.52165015019
-3.3184159975
-2.58521572159
-0.804655501961
0.92666959031
1.5016730121
0.442780749331
-1.76871280119
-3.87097842777
-4.4445983637
-2.67927964296
1.10768282938
5.48606702313
8.48876986625
8.4975951616
5.02432515802
-0.989537995968
-7.50843100943
-12.2286404894
-13.5195828256
-11.0565825556
-5.87431176652
0.153099979869
5.13583291245
7.90341172123
8.32928645065
7.14418003248
5.3918438923
3.8406796281
2.6553460051
1.46872231869
nan
nan
nan
nan
nan
nan
nan
nan
nan
nan
nan
nan
nan
nan
nan
nan
nan
nan
nan
nan
nan
nan
nan
nan
nan
nan
nan
nan
nan
nan
nan
nan
nan
nan
nan
nan
nan
nan
nan
nan
nan
nan
nan
nan
nan
nan
nan
nan
nan
nan
nan
nan
nan
nan
nan
nan
nan
nan
nan
nan
nan
nan
nan
nan
nan
nan
nan
nan
nan
nan
nan
nan
nan
nan
nan
nan
nan
nan
nan
nan
nan
nan
nan
nan
nan
nan
nan
nan
nan
nan
nan
nan
nan
nan
nan
nan
nan
nan
nan
nan
nan
nan
nan
nan
nan
nan
nan
nan
nan
nan
nan
nan
nan
nan
nan
nan
nan
nan
nan
nan
nan
nan
nan
nan
nan
nan
nan
nan
nan
nan
nan
nan
nan
nan
nan
nan
nan
nan
nan
nan
nan
nan
nan
nan
nan
nan
nan
nan
nan
nan
nan
nan
nan
nan
nan
nan
nan
nan
nan
nan
nan
nan
nan
nan
nan
nan
nan
nan
nan
nan
nan
nan
nan
nan
nan
nan
nan
nan
nan
nan
nan
nan
nan
nan
nan
nan
