nan
nan
nan
nan
nan
nan
nan
nan
nan
nan
nan
nan
nan
nan
nan
-0.770586572295
-1.97848187614
-1.94879435288
-0.70377720722
1.2243488069
3.01107038736
3.88992135685
3.47612182625
1.91904236288
-0.179659424619
-2.03740047814
-3.023291463
-2.90282363636
-1.89386784436
-0.524909517222
0.623881945751
1.17024931907
1.0599112962
0.53297411824
-0.0369454483507
-0.339271821498
-0.261332158642
0.09399446774
0.499101449832
0.739644006229
0.722711909528
0.503651124007
0.229299649627
0.0403972015218
-0.00689303985239
0.0421617939957
0.0885172137285
0.0562360038502
-0.0519340129299
-0.155659356977
-0.154452161191
-0.00599468665069
0.224227070307
0.376598176195
0.273242356319
-0.181507940163
-0.93032426686
-1.76327808463
-2.39506263635
-2.58473550478
-2.24088194325
-1.46153647152
-0.490416509896
0.387931184585
0.962834941019
1.16882986082
1.08497948942
0.870823942015
0.677690039196
0.581946375835
0.569899740936
0.57325459148
0.527051299644
0.413250995101
0.266114436443
0.141235354103
0.0726779273545
0.048752219246
0.0233596421996
-0.0447022660834
-0.152131289013
-0.241460640709
-0.234141684416
-0.091324867544
0.134210918506
0.292568082304
0.192864280972
0.10530795357971101
-0.36035206433196265
-1.0108231383594557
-1.5303701871227133
-1.6107942844864453
-1.098840055495188
-0.0896827824927442
1.0852754004806542
1.9807060658952338
2.2213146638906665
1.6669171057237975
0.48347229391676194
-0.9137772361567187
-2.0211264725216864
-2.440780838296888
-2.02532013606
-1.23403545532
-0.0972624101295
0.973217982409
1.65238221002
1.79120382342
1.42246345192
0.701846834317
-0.170857280708
-1.00792516667
-1.65052391677
-1.96089531056
-1.82134487747
-1.16306642085
-0.019817847722
1.4275928729
2.8595308819
3.90187789385
4.26794485852
3.89816066765
3.02273841653
2.09749891743
1.62061407745
1.90142212689
2.88815875705
4.14683302918
5.02011445978
4.91018413194
3.56388612739
1.22666957155
-1.41626662645
-3.49867137833
-4.32513235482
-3.66190262092
-1.83553083696
0.406832097616
2.21370770986
2.98045872879
2.5796161856
1.37298828998
0.0106631485382
-0.880645268539
-0.971415681314
-0.342570852467
0.601786924688
1.36443911098
1.60574540675
1.29162986754
0.675170900361
0.135805076412
-0.0297176867834
0.247218815792
0.795835239526
1.323532016
1.58795236666
1.52374196698
1.2546716323
0.990023270095
0.871684195774
0.867411647744
0.779633323644
0.371849191916
-0.456610923941
-1.5515411343
-2.521327781
-2.90020601011
-2.38385947104
-1.0152657564
0.786685030501
2.38879813566
3.22998990305
3.09563499939
2.23815857299
1.27098038808
0.874192983862
1.44916904737
2.89412204166
4.6220529257
5.82751972713
5.88394423301
4.68084701769
2.72910110111
0.966908144979
0.341865901035
1.3568728721
3.79393296
6.75464493485
9.01252465078
9.52717293655
7.89240460463
4.51736051886
0.45947407105
-3.01485885884
-4.94511250635
-5.04091459311
-3.74406479985
-1.97762210005
-0.711849501684
-0.551523086878
-1.5260001608
-3.1577607496
-4.7506898149
-5.74137463346
-5.93998352152
-5.55540615333
-5.01440051308
-4.68735267991
-4.67337992084
-4.75765998012
-4.55752788631
-3.77219671599
-2.39628280624
-0.776820720747
0.524005103729
0.995691380038
0.441379727403
-0.900757796208
-2.44447087245
-3.51537112831
-3.66180522388
-2.86747554645
-1.56249266824
-0.425770844401
-0.0711432052496
-0.76412871178
-2.30028030811
-4.0983807423
-5.46079129738
-5.87752964094
-5.23515655973
-3.84134871471
-2.26489393422
-1.07508572105
-0.604721325502
-0.84074656785
-1.47939491362
-2.10347595158
-2.38681656676
-2.22787224396
-1.75861954914
-1.24066010696
-0.91391268758
-0.879016716144
-1.06811793416
-1.3072111435
-1.42528441058
-1.34575738502
-1.11225232835
-0.841954226359
-0.641587409266
-0.54025238301
-0.48033398453
-0.370911516607
-0.169116855058
0.0638040599874
0.172330532077
-0.0144575860872
-0.573557915218
-1.40932065421
-2.25588580142
-2.77180598571
-2.68907897508
-1.94638063952
-0.738267391236
0.550720690847
1.50316843266
1.84753519998
1.57572065388
0.943253543421
0.350217778479
0.157019823873
0.519786355905
1.32084542003
2.22506950513
2.83443392217
2.86873399715
2.2904323219
1.31956358173
0.336004424733
-0.283592534772
-0.321092374866
0.200268563171
1.03402969139
1.81327152945
2.18889886781
1.94686553273
1.06514055233
-0.298516358821
-1.86979889137
-3.34146601765
-4.45047772653
-5.03458476639
-5.06553561962
-4.6591033148
-4.05816006054
-3.58162778901
-3.53744599222
-4.11383041531
-5.28311234789
-6.76325971638
-8.07216153879
-8.67689075003
-8.19573945002
-6.5757830431
-4.16368404905
-1.62118629326
0.300521284512
1.04780129172
0.495974478888
-0.979369202642
-2.63415339416
-3.64735213685
-3.45591542342
-1.99166251979
0.2840939751
2.5671259947
4.0407626748
4.20934451451
3.09234934655
1.19897682866
-0.699561739546
-1.89461010277
-2.01732012711
-1.15193519601
0.252207076163
1.61452237265
2.48508821476
2.7129198987
2.45268053529
2.02476544774
1.71402452777
1.61618842491
1.60864480975
1.45231282184
0.961047921088
0.140513792524
-0.783191123142
-1.46420600984
-1.6152660511
-1.16866237746
-0.33132793622
0.500907771134
0.931944247582
0.764325972099
0.107897070269
-0.659090727344
-1.06086685486
-0.745863120057
0.347169933375
1.95744296004
3.61730619862
4.85558098882
5.38986887742
5.2186525986
4.57802159052
3.79713883954
3.13510359449
2.68513776177
2.38964221842
2.14534667668
1.92668047555
1.84556819125
2.10289545308
2.85120637718
4.0447472953
5.36981908207
6.31388170048
6.36148688203
5.23437665158
3.05953314317
0.372716188093
-1.8029900093967655
-3.032514027400353
-2.97655289121775
-1.7959736657836913
-0.08662247621988683
1.3712326480376333
1.9394742972169752
1.3808079530680715
-0.06255966535918844
-1.7992862388805264
-3.162486735877536
-3.6985566360968676
-3.3419541204407466
-2.405020742534262
-1.4004143973130851
-0.7895803498073946
-0.7787421519006728
-1.25325004069758
-1.869440159760444
-2.2469496100575554
-2.1605601771348404
-1.6383871313116174
-0.9257295428856338
-0.3428056072840633
-0.11508475373274507
-0.2632027142899318
-0.6039456272647499
-0.8547968704251758
-0.7829179236963597
-0.32062866959772407
0.40898722574934254
1.163999014493811
1.71100834997
1.29844494157
0.628771321433
-0.109173112643
-0.699981098677
-1.0075652825
-1.03068846456
-0.88362476067
-0.718289030308
-0.634097196194
-0.625723990537
-0.596025350542
-0.424967163675
-0.0552220998457
0.453183802739
0.929633763343
1.15885387993
0.973142916052
0.325238563025
-0.692919987917
0.03908343983005125
0.796109430107478
1.72375612306
1.32700539045
1.09960935585
0.955352396841
0.826066792922
0.698321187463
0.612791886238
0.632108810836
0.798583913337
1.10556204221
1.49553440706
1.88203949206
2.18043919085
2.33113832459
2.3071524146
2.10961927223
1.76182987859
1.31016227815
0.83088673754
0.432261853498
0.239299500415
0.357090298202
0.823618684676
1.57531809586
2.44915331644
3.23071394323
3.73439190133
3.88144803543
3.73697135017
3.48255789213
3.3320894655
3.42835559555
3.77185144191
4.22069542541
4.56624967519
4.64901763361
4.45467254596
4.13530588735
3.936152465
4.05719106885
4.51738660185
5.09573607077
5.39146035577
4.98874616815
3.65647910376
1.48856162527
-1.08942842321
-3.46307100764
-5.06690233906
-5.61412104221
-5.21326861297
-4.31491204233
-3.50821276822
-3.25729782976
-3.69698418138
-4.58158101137
-5.41037732914
-5.67153356807
-5.0909801524
-3.7707123314
-2.15267346848
-0.82573754623
-0.265751350421
-0.62828696102
-1.68739597361
-2.94462450485
-3.85408153544
-4.05834366126
-3.52933902437
-2.55650863082
-1.5969656882
-1.06408946017
-1.15368996576
-1.78217494171
-2.65366343674
-3.41215159553
-3.79984795374
-3.74843460625
-3.37023779273
-2.86849043669
-2.42311940187
-2.11335209133
-1.91122109846
-1.73760551998
-1.53851544274
-1.33171095665
-1.19515685581
-1.2059810089
-1.36993819249
-1.58890916708
-1.69313940272
-1.52709671513
-1.04412433524
-0.354920112991
0.304651658446
0.679319710448
0.625420269525
0.200354605318
-0.340738871551
-0.648733047421
-0.441704200203
0.351450271586
1.53626003999
2.71883341278
3.4682463597
3.50366208592
2.82082609848
1.69912750384
0.585150263088
-0.0944586494048
-0.106075134422
0.508432389047
1.47256405895
2.41408026951
3.0324967861
3.21629897858
3.05967070992
2.78010445317
2.58662527858
2.56969748834
2.66843630304
2.72745491569
2.60736930875
2.28466525116
1.88278445284
1.61357222212
1.65725069863
2.04428127916
2.60516800923
3.02220488004
2.96593339364
2.25431207473
0.957245816142
-0.608189217301
-1.99597060179
-2.8128212671
-2.88203238773
-2.31505210106
-1.45874571167
-0.743619043086
-0.503294811895
-0.84676441724
-1.63755131619
-2.58182808817
-3.3764078296
-3.84210290037
-3.97983418817
-3.92906614531
-3.8587378675
-3.85419886179
-3.8632151304
-3.73070957841
-3.30314941742
-2.54476608025
-1.59930774478
-0.757537220426
-0.339008504194
-0.542253473769
-1.33690537059
-2.45398334423
-3.48450207879
-4.04429751774
-3.93039685729
-3.19770545229
-2.12267702202
-1.0742830449
-0.355519407114
-0.0898978253363
-0.20190496375
-0.491764626227
-0.758026296746
-0.900285464134
-0.949067310171
-1.01222177313
-1.17434908037
-1.41247526261
-1.58276655725
-1.49339106493
-1.02845508672
-0.254341299427
0.557954960976
1.02172689597
0.804374625498
-0.198907289667
-1.77530761116
-3.44281155331
-4.62788212701
-4.90010538725
-4.15955828009
-2.68927317018
-1.04422170579
0.177343309626
0.579800919005
0.124581676598
-0.873410790493
-1.90091765029
-2.4775281176
-2.35516896322
-1.59719198353
-0.508764538945
0.53803494009
1.29292964419
1.73668123594
2.06153269187
2.54019063633
3.35622633372
4.48573076354
5.690897671
6.62681606917
7.00406152684
6.72177939866
5.90280719943
4.81481405231
3.72197216297
2.74869758869
1.83097999556
0.784417379107
-0.545094655974
-2.12931490119
-3.69173291717
-4.7757156098
-4.92792303981
-3.91701737166
-1.88299609746
0.662050968739
2.99587391637
4.45003272818
4.66590470525
3.73231898911
2.14377338663
0.595203045412
-0.300658686089
-0.255142072617
0.594281793935
1.75987177228
2.6206023687
2.68669608851
1.80257686813
0.208885599765
-1.5557395115
-2.86837569649
-3.26393726953
-2.6126260893
-1.16901186338
0.520450677589
1.81333518673
2.19832381484
1.47402566541
-0.180386476613
-2.2649211512
-4.1279167018
-5.18802901358
-5.13476917272
-4.03886184368
-2.33180894974
-0.657327022218
0.357310891455
0.330267538094
-0.730203391001
-2.42326242926
-4.10140692768
-5.11304094218
-5.04880627683
-3.89341924037
-2.02030036616
-0.0302309490544
1.49867390776
2.24339030873
2.25125289297
1.88962283897
1.65507873098
1.93006307021
2.79782249619
3.9984703453
5.04301878282
5.42943289221
4.85966060283
3.36020758328
1.25827808648
-0.964533654087
-2.8635296208
-4.17558209103
-4.85800899976
-5.0224010497
-4.81873522274
-4.34517567599
-3.63478538113
-2.71699291293
-1.70072667993
-0.808358616106
-0.317223465914
-0.424413343547
-1.1070654135
-2.06931388856
-2.83213827327
-2.94709649602
-2.23799778485
-0.940216694807
0.358779598673
0.981266374035
0.518016897674
-0.889917683896
-2.50654327338
-3.2546237951
-2.18614341654
1.03086135611
5.84185306446
10.9059709991
14.5605002358
15.4722371452
13.1985688385
8.40484747062
2.62752179705
-2.32732454478
-5.09465113998
-5.26229783126
-3.46349425996
-1.01879640285
0.700167190379
0.889756896859
-0.364163011384
-2.19749451809
-3.4416811506
-3.22177868686
-1.38940012827
1.41108397269
4.06269935942
5.5152926148
5.27604366151
3.61450657906
1.39161143566
0.3785150200262848
0.44641463397555015
1.5754462758131922
3.127102531273934
4.199851545508679
4.112967507227651
2.7734262998339574
0.743481636830964
-1.02140537226
-2.50987668719
-2.44134633044
-1.08839268266
0.745202993713
2.11665386603
2.38878583096
1.50969486736
-0.00231899296635
-1.34927053221
-1.86533837947
-1.34173155957
-0.107208835716
1.16563082927
1.82008761469
1.55352962124
0.563545661782
-0.566228168436
-1.17559513603
-0.870886101548
0.272715326653
1.74872400049
2.87305992465
3.12270118576
2.38921516166
1.02411868466
-0.340329865247
-1.10014224282
-0.963392220418
-0.0723779155518
1.08718997502
1.93482262547
2.07240913752
1.45404545288
0.373629330258
-0.710089366372
-1.4120849527
-1.59932682651
-1.42361081409
-1.20334383251
-1.22642883915
-1.58293047125
-2.11499071564
-2.50620288056
-2.45884559472
-1.86323376776
-0.870284536068
0.169409078857
0.867627079305
0.979139330471
0.511620011845
-0.286191004944
-1.04722531466
-1.45536731415
-1.37803171324
-0.901959382761
-0.263414229112
0.283837196332
0.592193268023
0.674642272662
0.668363437219
0.733386622627
0.943733209562
1.22947907611
1.40006048032
1.23737388414
0.612775541176
0.05994439407355401
-0.6828637612884165
-1.2780467021093074
-1.403510660014689
-0.8815630367122083
0.2399448979770682
1.6858676760964357
3.0334478070549267
3.847097643045444
3.824033485164165
2.9033592118320826
1.3022544270657903
-0.535639445440026
-2.0682773744621983
-2.823715096177537
-2.5569113929222453
-1.3412084462586193
0.4426293173402627
2.22470806948472
3.437657794483272
3.7164043177945416
3.0313662690546437
1.7002110001856323
0.268019130911
-1.18914297407
-1.8151069757
-1.57096377424
-0.742756255757
0.197881360839
0.806177099942
0.85480749904
0.417551366272
-0.189579865069
-0.578701785152
-0.488549352208
0.0849016508826
0.88805512179
1.53797924429
1.71465139492
1.32127574462
0.533106035412
-0.2889708053
-0.776316467587
-0.732693907342
-0.226938515799
0.447125324716
0.921855503211
0.940883251766
0.484878735572
-0.224076963065
-0.839401838369
-1.06683027048
-0.810579336004
-0.215648044827
0.412634731613
0.767756866789
0.696665721016
0.27104602058
-0.258857523447
-0.600638439066
-0.573265720302
-0.197739316359
0.320402859642
0.704516726283
0.754269510652
0.448899675451
-0.0467129153112
-0.473849427787
-0.61881055556
-0.424443219621
-0.0161241210743
0.369474939719
0.512853343697
0.328034818034
-0.0945363470803
-0.539597147447
-0.783685362456
-0.713583865829
-0.38398715787
0.0144702802894
0.257558250423
0.204356041823
1.7207469147968624
3.10636911995
2.80055214833
2.73370922436
2.93836623951
3.31565250608
3.69850029014
3.94381645498
4.0014999283
3.92452232934
3.81980227377
3.77351655003
3.79750882997
3.82866312645
3.77973739239
3.60813059456
3.35745026094
3.14267621412
3.08408672343
3.22769364311
3.50098905872
3.73472218255
3.74360150058
3.4228159726
2.80469201404
2.03962276826
1.30803739727
0.712003240711
0.211308584337
-0.352062100174
-1.14614425024
-2.21393779422
-3.39064368251
-4.33265113033
-4.66113609616
-4.15831211198
-2.91663060346
-1.35393023089
-0.0684541019043
0.411660456216
-0.129489695993
-1.48097207622
-3.08187540923
-4.26265979239
-4.54201922069
-3.83922677049
-2.49954593049
-1.11981273599
-0.258998137229
-0.175426884097
-0.719044764106
-1.42952692479
-1.78774439265
-1.49130514171
-0.613671507275
0.43339848742
1.11330012081
1.0430116052
0.192641893969
-1.09660470374
-2.28470479474
-2.90563150678
-2.79919888433
-2.18200576091
-1.52137466699
-1.27881285063
-1.65769305425
-2.48807180186
-3.31055767062
-3.61753286475
-3.12741268818
-1.94884767711
-0.546790890196
0.476876941822
0.680486521483
0.00908050593745
-1.16400079906
-2.20334375932
-2.50616172847
-1.78427399606
-0.200619512588
1.69968310448
3.22464510293
3.82235456499
3.28850723598
1.81091480151
-0.14919388066
-2.0640077414
-3.52878608624
-4.35462041518
-4.54687831555
-4.21380132541
-3.47753033016
-2.44153688543
-1.21931340232
0.0182391107128
1.03475062065
1.59117534477
1.55875828296
1.01672703313
0.262403610778
-0.298388783352
-0.344666355297
0.176475272689
0.982147328141
1.55923380797
1.41377460399
0.352001727021
-1.35139213937
-3.00126722909
-3.75038927901
-2.98098817913
-0.625862401634
2.72947860991
6.02792117844
8.13889241228
8.30334791121
6.42959408675
3.11049671088
-0.639583118202
-3.80229898059
-5.73571190268
-6.35273699916
-6.03683039848
-5.36231601515
-4.77529893776
-4.39764987384
-4.04121025763
-3.40377970946
-2.32350855833
-0.942495106144
0.315032409647
0.940540532519
0.608359575017
-0.63332839208
-2.35368988003
-3.92244424439
-4.79347693736
-4.74439188301
-3.95088344798
-2.86164873803
-1.94378733234
-1.43532875774
-1.23591594486
-0.992225431355
-0.33095662882
0.886312967991
2.42463222905
3.73232474635
4.17164481694
3.31379559679
1.15649992112
-1.83865082963
-4.90365711271
-7.23989632214
-8.2873166351
-7.87744867369
-6.22662859101
-3.8040231818
-1.15778497994
1.22006690417
2.95499131242
3.79819483985
3.63215873053
2.50925604806
0.71193955095
-1.22325960146
-2.58484485769
-2.69262397
-1.17802813865
1.78279590437
5.41816365796
8.56621487564
10.0942955838
9.37356726642
6.59567128744
2.76388203712
-0.673726254474
-2.41519269741
-1.86812770877
0.572201155501
3.67151384394
5.8823168185
6.02016890682
3.78648499473
-0.102285185467
-4.24043232334
-7.16379664012
-7.99256195437
-6.78764117676
-4.45880647209
-2.27662025394
-1.22891079584
-1.53505373373
-2.55272588467
-3.12036516534
-2.16719235553
0.706488747476
4.96116908837
9.29429350213
12.180739492
12.5264114668
10.1344187857
5.77665675257
0.851352903504
-1.888692958101231
-2.8357938773436047
-1.870757023965325
0.4080604241968331
3.062186976562998
5.27556810271
5.35278768853
4.73867347944
3.83970690964
3.0306583408
2.41695025062
1.80560635016
0.888083286292
-0.483882361197
-2.10153640817
-3.41078593744
-3.74676022851
-2.68054723865
-0.29853943049
2.74075252318
5.42132340583
6.77016476518
6.26328057664
4.04952361274
0.888296857101
-2.1695017254
-4.21026527602
-4.80343262199
-4.11737969381
-2.77096548203
-1.50872589314
-0.861685728342
-0.948927387515
-1.49582523557
-2.03604576073
-2.18036713416
-1.81469004587
-1.13727872701
-0.532493067963
-0.359053845156
-0.766026264849
-1.62576103719
-2.60701822578
-3.34000695916
-3.58431857623
-3.31831365561
-2.71605423188
-2.03742520675
-1.4971612827
-1.18053986564
-1.04041755715
-0.963059756604
-0.855309872759
-0.700517494348
-0.555126948173
-0.495620477317
-0.554276671277
-0.686268673711
-0.789228953978
-0.763270994108
-0.574363966295
-0.281351774537
-0.00795770872968
0.126557094287
0.0794397719636
-0.0827462612986
-0.212036029229
-0.156109903644
0.154726467058
0.656898856013
1.16811631336
1.46321047488
1.37632905209
0.881138680909
0.111301575467
-0.687899961574
-1.25409968531
-1.406373592
-1.10682190191
-0.463763173549
0.318241155113
1.01570611452
1.45893922622
1.57656909517
1.40402572262
1.06196284404
0.716740068557
0.533734740981
0.63037023086
1.03465947226
1.65827415907
2.29704406407
2.67018643019
2.49853742989
1.60385070402
0.5097197537763094
-1.0715053289859497
-2.738212054308164
-4.033162289562654
-4.596253124648257
-4.292298201437163
-3.2590301978531073
-1.851220587987271
-0.5012231318425933
0.4460912007025257
0.853741843771644
0.8182749834592187
0.5943990845878915
0.459172468765
0.0125755400984
-0.171602075443
-0.225575832856
-0.315467413392
-0.528371038103
-0.810603152401
-0.991345816142
-0.879600482658
-0.382384625139
0.420545638441
1.28863422503
1.91760309927
2.07546001984
1.70990801939
0.972977399395
0.15001805775
-0.471778114421
-0.730159684609
-0.648137160612
-0.400862737461
-0.210002567696
-0.222687394235
-0.438017938533
-0.717231360143
-0.868645496499
-0.759301099741
-0.392324572817
0.09123345537
0.485987218657
0.630527670221
0.491550759513
0.178577373291
-0.11806390341
-0.231789855568
-0.109870815385
0.159739475381
0.399138432246
0.440853979408
0.222926031567
-0.173458867024
-0.564782942682
-0.762766098891
-0.675847491211
-0.359121691254
0.0151785765723
0.25151693517
0.238718906135
0.012592434309
-0.261884209533
-0.381057496692
-0.218231613272
0.198034463439
0.687011886626
1.00179264195
0.955385979605
0.521593082379
-0.143044831999
-0.769748638668
-1.10601635963
-1.03710498042
-0.638430004495
-0.13216797532
0.229232518922
0.292159857235
0.0767322116212
-0.240955336181
-0.429293922257
-0.331329133778
0.0436845358771
0.515320222119
0.816360355465
0.722917796937
0.163403462575
-0.26396426063094225
-0.8042026966720215
-1.2082651427464128
-1.3319066506692252
-1.1882905453058186
-0.9153767189326771
-0.6805984244042236
-0.5785150448651706
-0.5793490073322545
-0.5565344710976632
-0.3759936806841466
0.006149516413600509
0.4971119786763296
0.9044537825574395
1.041653914217605
0.846224751122
-0.0495678671193
-0.878299755856
-1.33813493023
-1.25662466527
-0.696077560936
0.0530419315942
0.598513587826
0.638345921852
0.125573794137
-0.680657317731
-1.31368942944
-1.31168795974
-0.449224720128
1.12201411688
2.89669231042
4.20321550787
4.4785063427
3.51064590542
1.54109688647
-0.820813029845
-2.83560479363
-3.92128643174
-3.86835298252
-2.89420777719
-1.52166355687
-0.342842544244
0.224168435516
0.0824986037846
-0.546324877306
-1.25888047745
-1.66617769198
-1.55644550236
-0.955863770561
-0.0731034410779
0.830240225419
1.57000965498
2.10435092479
2.50617902628
2.8668877549
3.19106696052
3.34618638349
3.10217202215
2.24844370867
0.733777147879
-1.24204079359
-3.23818478183
-4.69399150668
-5.12078846904
-4.28977589425
-2.33883237625
0.248723926014
2.79028181794
4.62274379187
5.31364659026
4.78801757547
3.32769144915
1.44868515958
-0.292803048885
-1.49121539452
-2.00990673485
-1.98852204528
-1.74503888703
-1.61763219443
-1.81205382639
-2.31475635523
-2.90365030157
-3.24878465153
-3.05987364332
-2.21991486124
-0.850564052595
0.717479668702
2.05808907969
2.8032504693
2.77685534713
2.0568459386
0.941698183334
0.9323414131144574
1.2827263633030128
2.1596356589090533
3.479438942457392
4.936001994340316
6.110128584169885
6.620292359235776
6.2614939003976815
5.085640226897567
3.398935579719165
1.68021673926
-0.775321825275
-2.32553895618
-2.76292783608
-2.13973903918
-0.746067647587
0.974732078531
2.54961471428
3.60531615406
3.96852127126
3.70743226191
3.09947243567
2.53032236387
2.35192067938
2.74438663134
3.63136027863
4.68521783386
5.42943070109
5.40881727848
4.36851254216
2.37277038827
-0.187877316838
-2.71217692204
-4.58894393867
-5.40900200508
-5.10621829183
-3.97157612462
-2.5347315331
-1.36159259296
-0.850629707254
-1.10944912219
-1.95674909135
-3.0392487107
-4.00362204495
-4.64242743344
-4.94986457395
-5.06951332056
-5.16962375371
-5.3162539535
-5.41379642805
-5.24661655853
-4.60226557482
-3.41245164849
-1.8350690954
-0.226437315559
0.994127164499
1.53046162717
1.35971362737
0.770567584433
0.261359486706
0.333314263277
1.26404074029
2.95941531423
4.95145473842
6.54895779159
7.08349789432
6.15391763831
3.77440853325
0.372451605979
-0.7681965508328119
-1.4956849006686923
-1.24577216817
-2.28549614818
-2.17418827932
-1.23790256946
0.0882361101231
1.39363978219
2.37885096627
2.8827975922
2.86594113767
2.37714153353
1.52681288402
0.472645216839
-0.591515651029
-1.45839495131
-1.94880499132
-1.96398700073
-1.52794193742
-0.796826022116
-0.0235706704654
0.514893171763
0.602750652617
0.1506913423
-0.14537813401669553
-0.7470820653192902
-1.4264382899221602
-1.9782613369566775
-2.275505959619565
-2.2885696473923787
-2.0687274916353147
-1.7098996081240614
-1.308251222312279
-0.9348312582379776
-0.6265129000547347
-0.39097615541069786
-0.21705884103187145
-0.08348701563879501
0.0359160258393
-0.328362846092
-0.657543962006
-0.94117178213
-1.18451324591
-1.40425792656
-1.61437979208
-1.80731351203
-1.94122136366
-1.94433078488
-1.74051621449
-1.28904137906
-0.621425562022
0.144284184313
0.824224425157
1.22188472054
1.19550236173
0.712840312312
-0.130137217173
-1.13575761743
-2.06638346926
-2.71689774095
-2.9701096303
-2.81650523931
-2.33659121428
-1.65988827701
-0.921761720665
-0.23501061259
0.318991368937
0.687161097923
0.842373245246
0.790068863037
0.580816445735
0.315920013234
0.131849603235
0.159005656606
0.466649183011
1.0193199445
1.6714973041
2.21316266759
2.45442975687
2.31447761096
1.87158446579
1.34395510043
1.00149386236
1.04310583214
1.49522542202
2.18281194901
2.79365848771
3.01336414042
2.67229495944
1.83576589653
0.791358889744
-0.0662719506133
-0.403941248197
-0.095218171009
0.725773117642
1.72866149914
2.54010331382
2.91377529562
2.83592809215
2.51596789096
2.26759536979
2.34034913248
2.78684922262
3.43411597711
3.97539394166
4.13713947834
3.83523806327
3.23652055706
2.68694723071
2.53526524786
2.9372758509
3.74193705312
4.52611257753
4.77439073876
4.12719601699
2.5805493834
0.535736845341
-1.33757809993
-2.3747104105
-2.20844468869
-0.948246715625
0.840046845431
2.35257928684
2.87294442286
2.06419820898
0.100527599485
-2.41697191424
-4.71957998642
-6.18738322728
-6.5824669376
-6.10034872532
-5.22705256699
-4.47858372069
-4.15073435493
-4.19705618976
-4.28760522642
-4.01269915561
-3.1267716251
-1.7099081809
-0.166138135798
0.942789594019
1.1501739146
0.304518545909
-1.34633169829
-3.24631899063
-4.75543878916
-5.40503235739
-5.07086320095
-3.99211150744
-2.63713071811
-1.48571096955
-0.83073860604
-0.685830817385
-0.830086442878
-0.954917278525
-0.833048589219
-0.426310534849
0.114190925972
0.545098952832
0.667051300276
0.426902636672
-0.064561439999
-0.602712531704
-1.00394110996
-1.20060468606
-1.26466669696
-1.34884376566
-1.57948553217
-1.96203731086
-2.35391377315
-2.52415278404
-2.27277499296
-1.54946760918
-0.50847591159
0.533681129559
1.22343386942
1.32226495861
0.814524354156
-0.0808774542288
-1.00217094381
-1.59881911817
-1.67816001394
-1.27889545035
-0.640346035264
-0.0845740307893
0.13266937765
-0.0655912862909
-0.549877529812
-1.04916795161
-1.27466727279
-1.04506347117
-0.359606788605
0.607533347401
1.58204428188
2.29583822088
2.57927902969
2.40614439051
1.88282944697
1.19681353013
0.551362145464
0.110883556693
-0.03079721668
0.140094209602
0.562924473803
1.11778417436
1.64980987498
2.00495644854
2.07521876478
1.84183050752
1.39697952346
0.925717587961
0.643303049344
0.704933702017
1.12400787459
1.7398723278
2.26037004017
2.37255854532
1.88054956636
0.809905313512
-0.3152867914801334
-1.337218765304371
-1.8506682547200342
-1.6353667491555939
-0.7612994780269418
0.4256275919734378
1.4377535950644926
1.845252364807024
1.4548342682801803
0.38821034149968625
-0.9750256079288562
-2.164070242644911
-2.817007728091639
-2.8233208175358584
-2.3456756090763804
-1.7154989878555824
-1.2567862379464998
-1.1258353064881845
-1.24501921517
-1.67400177968
-1.8208261747
-1.54500983507
-0.936184420035
-0.283939764051
0.0623264886364
-0.124958839146
-0.820179223528
-1.73280706408
-2.42704538946
-2.51963513412
-1.86250657705
-0.621864915549
0.786477262552
1.87724735691
2.30760911001
2.02173333333
1.26134240125
0.439896414855
-0.0569227432241
-0.047773855754
0.374107759495
0.906814513148
1.20454243002
1.05654861336
0.490977268062
-0.245920377685
-0.820856417424
-0.985114070536
-0.697704921029
-0.13745571202
0.400369043472
0.667140788991
0.596707173617
0.341110340466
0.185641853033
0.386645171255
1.01794244731
1.91010944444
2.72067663996
3.10527194918
2.90430319561
2.24624953449
1.50586347563
1.12691226574
1.38984469679
2.23908711919
3.26337840422
3.85332238962
3.47486779844
1.9367194053
-0.475658050497
-3.07173038431
-5.01384823999
-5.65555419994
-4.81367268347
-2.85282101651
-0.541795242926
1.25845230882
1.94126541691
1.38664332087
-0.0174443219695
-1.56781031617
-2.56237975648
-2.59845473515
-1.72442834963
-0.386228444402
0.796983374565
1.31935240667
1.00643076052
0.0715833674789
-1.00513124522
-1.71097707541
-1.73595140044
-1.10427793389
-0.150097866908
0.641048887939
0.844698759764
0.265743000726
-0.3001111973931643
-1.259622004086836
-2.2509714644428414
-3.0024570164880657
-3.4149548624415047
-3.5467266569139326
-3.523274552073673
-3.43045272066
-3.89617278277
-4.17204691078
-4.14409746342
-3.78242344309
-3.19296759918
-2.59210012059
-2.2110216759
-2.17676088029
-2.43301833346
-2.74797122557
-2.81444625955
-2.40069267304
-1.4807673319
-0.277629025362
0.810900847448
1.37930454065
1.20472571297
0.37441005459
-0.713507696113
-1.48720934384
-1.42757137594
-0.293233049307
1.75058227725
4.1587295077
6.18584253826
7.1542495579
6.70794613276
4.95366254739
2.43271111357
-0.0675939031987
-1.7924283748
-2.28321665394
-1.52848747078
0.0523119810873
1.78216968278
2.98808415716
3.25028022289
2.54577682481
1.23560079342
-0.0942142627943
-0.872220204259
-0.767070542806
0.187765974881
1.61573390949
2.95328088076
3.67651202355
3.5088152766
2.52945116442
1.14351276205
-0.0717086850747
-0.581949001025
-0.0897696779325
1.36378850262
3.42117012361
5.5363193505
7.15281069403
7.86349774521
7.4993942552
6.13130973085
4.005519409
1.45714415015
-1.15706092209
-3.48780525269
-5.19574735509
-5.95903957447
-5.51593200806
-3.74879100569
-0.78242635652
2.95495539786
6.75970348792
9.79182937705
11.2995073927
10.8578554392
8.53088443922
4.88382770797
0.825761349405
-2.67087394601
-4.87500794269
-5.51319856608
-4.81716061853
-3.38893964412
-1.94310624773
-1.03344208925
-0.873952575213
-1.31981042918
-2.00270127442
-2.54852601872
-2.77272528398
-2.76343076548
-2.81753813967
-3.26417482284
-4.26237067366
-5.67171830873
-7.06166909204
-7.86238364529
-7.59613817991
-6.09144238496
-3.58785846586
-0.684549952464
1.85042753552
3.33762330915
3.41355081165
2.14575690308
-0.00100576536694
-2.32800678268
-4.13149868483
-4.91683286143
-4.53037908338
-3.17631098671
-1.32560253086
0.443827500717
1.62239096141
1.9093267494
1.28405283916
-0.00465477782423
-1.52370226746
-2.7898077474
-3.41607509653
-3.23018806916
-2.32855206779
-1.04635142868
0.152136267434
0.831567855275
0.740219804608
-0.0944365602049
-1.36823242695
-2.60569516642
-3.3335418396
-3.2584060683
-2.37976480611
-0.991941809411
0.42780462773
1.40206402036
1.63448459279
1.1172779606
0.123307022804
-0.91119615581
-1.5626264837
-1.58165747604
-0.976405948087
0.0115841713641
1.02149931636
1.72459844223
1.94850746352
1.72677779933
1.26116449601
0.821154953113
0.628212049512
0.772678692419
1.19178877448
1.70871859033
2.10858787424
2.21728820929
1.95467808006
1.34936837775
0.518967294356
-0.370137973547
-1.14797400787
-1.68026475458
-1.89641512447
-1.80343361029
-1.48273450262
-1.06669980595
-0.695652904847
-0.464267942804
-0.375868324136
-0.327184545613
-0.139573279022
0.364931355967
1.26679567265
2.4718935202
3.69495507361
4.52483627821
4.55935688044
3.56383060112
1.58971813026
0.9681720050586193
0.3091741199444158
0.228834369241
-0.879865769137
-0.841494802563
0.10539973783
1.45380748754
2.61613547458
3.1340499083
2.82988715942
1.84489566836
0.55652717012
-0.585088127744
-1.23239632898
-1.2591712935
-0.782726852379
-0.0912690081234
0.485055493343
0.703392407955
0.488508214262
-0.059670639099
-0.724157917617
-1.26398065749
-1.50357561013
-1.38765862731
-0.988129219413
-0.467989183969
-0.0198645630396
0.199079504435
0.11686910632
-0.231268904522
-0.713399924287
-1.14125153379
-1.3306844223
-1.16604193753
-0.648247961623
0.0920446103905
0.826232115007
1.29943668954
1.32054169817
0.838190062211
-0.0286008112879
-1.02183877939
-1.83078719185
-2.20255785517
-2.03443802922
-1.4107183292
-0.568484550365
0.194087104964
0.629681853473
0.629094355216
0.250537852398
-0.316635953625
-0.833875286834
-1.10397861438
-1.03363408036
-0.647745718523
-0.0587309777208
0.58736248133
1.16050108648
1.57320027187
1.78141901346
1.77158524696
1.55002552755
1.14427372342
0.612952729383
0.0509606431437
-0.42348571785
-0.702927259159
-0.733699355979
-0.545493138876
-0.247089428345
0.0168971264303
0.132235390349
0.0726034772847
-0.0834971706302
-0.191015655094
-0.118747599537
0.165381564561
0.548747887335
0.797669204573
0.647811370725
0.3380712658495071
-0.5323332640078888
-1.7413678771792576
-2.923844931238335
-3.704101309048184
-3.838910872254502
-3.308091013720457
-2.3127288827069066
-1.1825773172360812
-0.23541127043426968
0.3476537144497627
0.5758370281961191
0.6110410803842683
0.6621865138647962
0.8663290872277116
1.2156949634388354
1.5653600111882895
1.7155436346437085
1.5255762814542493
1.001495204719049
0.31289215201536535
-0.27017028638
-0.903412898739
-1.03831268968
-0.71611920324
-0.130537283506
0.461384053285
0.8496446923
0.951524690258
0.827283117124
0.629500569033
0.51574596445
0.569475968636
0.76651273031
0.999119563107
1.14015411933
1.1109745305
0.917542601582
0.638086655755
0.372226812506
0.181660823695
0.0561294593662
-0.0760206615335
-0.297969869208
-0.642465373588
-1.0528075312
-1.3913520905
-1.49633216266
-1.26241808026
-0.706052918248
0.0192947765641
0.671466649944
1.01583790043
0.929921061135
0.469553168262
-0.136887784923
-0.570900740061
-0.554790722609
0.0199726698974
1.02113811346
2.09595180995
2.78396028778
2.68592576154
1.62741132466
-0.246951765078
-2.49029012532
-4.48339171136
-5.63666866395
-5.59340000667
-4.35925676974
-2.30751929762
-0.0544425983881
1.75173216001
2.65077892441
2.51762005475
1.58235565568
0.318569220272
-0.752855413939
-1.2644192758
-1.12742152622
-0.535589738438
0.147436692197
0.56263342512
0.514150523317
0.0447563715961
-0.59911188099
-1.08979195125
-1.16806377559
-0.751836703169
0.040500234608
0.953636321855
1.70715496608
2.09869043659
2.05284505065
1.60352637472
0.833775213112
0.4396899491451336
-0.1578385277244081
-0.9184428963749269
-1.7562649285684273
-2.5118689710194957
-2.9779932424200126
-2.9797541460203405
-2.4721199393689233
-1.5971971580366642
-0.6557337364404532
0.011376380298742106
0.184897437606665
-0.106938584863
-1.16006971756
-1.9457200155
-2.08577620136
-1.46948017018
-0.348585256662
0.740152171231
1.20671575931
0.695340466779
-0.708986704759
-2.46526874606
-3.77911585241
-3.94627017745
-2.68611407708
-0.30812059029
2.37699236973
4.37511122409
4.92185588471
3.80851727247
1.47337292258
-1.18463888231
-3.18711131688
-3.88128882058
-3.18932550274
-1.59638754964
0.105626398487
1.1906359805
1.31101412467
0.610622782589
-0.40024488763
-1.13140184716
-1.21134558721
-0.651765124029
0.193364188915
0.839203490996
0.933746758449
0.436067317663
-0.376998592046
-1.06848414695
-1.27079252162
-0.86176376301
0.00292435397338
1.0089286664
1.87776952155
2.52039502513
3.05905242905
3.70392709213
4.55733126728
5.46552069074
6.01864241985
5.72091064481
4.25645448418
1.71367857648
-1.36125451734
-4.13277046447
-5.80524878455
-5.96437975256
-4.76417519856
-2.85973362581
-1.10635904509
-0.161642259748
-0.180081573269
-0.750890147299
-1.11508114481
-0.562186911881
1.18358853323
3.77781871646
6.36822588271
7.96048660204
7.8700648287
6.04817168244
3.12598061719
0.151639935911
-1.86231891566
-2.37544070734
-1.54178060773
-0.119613129147
0.887118866279
0.690905370112
-0.921178998082
-3.489000085
-6.07684709009
-7.6726038416
-7.61144625329
-5.84558090936
-2.95696141094
0.0765211967962
2.25140666577
2.89134753346
1.85141929379
1.3042649857424493
0.19684071085679022
-0.655703210148161
-0.612608812824
-1.18235351091
-0.621612482509
0.695407149247
2.22729418188
3.42419060551
3.87143298098
3.39254476683
2.09344202685
0.335445262072
-1.36478390975
-2.49111678105
-2.69873900959
-1.94250642097
-0.509212219035
1.07080447831
2.2106325024
2.48555455579
1.7963102874
0.406550318108
-1.16536555422
-2.35729480134
-2.7878889237
-2.39884427469
-1.45570200802
-0.412060299209
0.29691758574
0.436644909124
0.0518262681652
-0.585093865658
-1.12054713599
-1.28497659276
-0.998416640184
-0.375095466391
0.360411167897
0.990396925456
1.38967444936
1.54047608593
1.48244519153
1.24164305794
0.792188930282
0.0805286394539
-0.90038909144
-2.03619330477
-3.07248751385
-3.68248457677
-3.60210362565
-2.77009142158
-1.39753131123
0.0815269821857
1.1701530343
1.51363242469
1.05542097897
0.0670144718163
-0.968616387467
-1.57108056547
-1.47716587484
-0.756554573303
0.225663516431
0.982638201577
1.13515818706
0.591233967768
-0.405267061518
-1.37668377447
-1.81567613591
-1.3994486672
-0.122636239108
1.70137052655
3.56096697566
4.92947812716
5.43382490662
4.94962358281
3.60386315923
1.70631768838
-0.348271398373
-2.16944692649
-3.43481183024
-3.9325941769
-3.59492615593
-2.5248312713
-1.00333528516
0.546278530722
1.65133619339
1.92780725323
1.22077484294
0.223659723101008
-1.1513160601647598
-2.303703136642852
-2.6937935966223137
-2.0515144105398235
-0.4946006235122127
1.4988088014474101
3.2598645759024407
4.178108015349963
3.9326783069766975
2.6146082527848193
0.6933734217751635
-1.15659067452
-2.82512542637
-3.41036321001
-2.91303794137
-1.6898754075
-0.309794837376
0.655103379009
0.829633972091
0.162205850069
-1.0582832154
-2.29685709819
-2.94843592927
-2.54409587864
-0.92715515667
1.65693042958
4.59387610694
7.0613272144
8.28020869818
7.7820497977
5.59896929196
2.29654624644
-1.1818835982
-3.82098767112
-4.88565233047
-4.18574567357
-2.14293886677
0.377122148036
2.40746122519
3.25978163713
2.78282941494
1.38860014581
-0.163668490096
-1.1274159505
-1.10841021526
-0.229119261271
0.955155246997
1.7438850004
1.64118557484
0.597357803839
-0.974570974505
-2.41253948846
-3.14021501827
-2.95328010334
-2.11216226709
-1.19404346661
-0.779675607685
-1.13600045867
-2.05979243812
-2.96717772257
-3.18871123085
-2.32302233069
-0.468731314173
1.78740279537
3.62666124045
4.37580419449
3.81992819233
2.29564616881
0.518983039324
-0.76456626681
-1.131450904
-0.657386767712
0.164606380302
0.716901805323
0.603819447093
-0.13167356082
-1.03590806937
-1.50254028109
-1.12335167509
0.0573021858171
1.52624678087
2.54205658876
2.51492065956
1.33021352931
-0.557739118823
-2.32195663893
-3.16131706155
-2.70596849776
-1.22365463941
0.485069613918
1.46148688476
1.05559404495
0.025751399008967724
-1.7392432469463017
-3.208751908002668
-3.4610745005794996
-2.1234486703545343
0.4405999854706977
3.287067229846855
5.317588376896367
5.7757218392906395
4.582810044281217
2.362133760637178
0.148804482958
-1.87167444241
-2.38008951142
-1.50977899106
0.0670671029425
1.48122681828
2.06490269054
1.62236319142
0.46210282842
-0.800803970921
-1.55861990546
-1.48563954959
-0.653254953602
0.547165632428
1.61307297863
2.15771175564
2.04975157436
1.417421114
0.540969356123
-0.294003935874
-0.905504838952
-1.24501292554
-1.35711244011
-1.31316023103
-1.16646463933
-0.950577226082
-0.707144889956
-0.508660902688
-0.447047557448
-0.586256962256
-0.907138336547
-1.2851246619
-1.52644119299
-1.45427714797
-1.00313372166
-0.26831099737
0.52306766922
1.1122163693
1.33283846523
1.19601745503
0.890497392079
0.696000270273
0.85213145677
1.44768830513
2.38282426617
3.41695432645
4.27108945065
4.72914988123
4.69123627442
4.16594267426
3.22653577468
1.97341083538
0.531852005334
-0.920910813181
-2.1377300142
-2.83635085172
-2.8005889463
-2.01092694008
-0.728255522904
0.54354344576
1.23823589859
0.992046775815
-0.132689212067
-1.59851574149
-2.58493636159
-2.36940284573
-0.731882300049
1.82639054177
4.19876763577
5.12308297946
3.79267151976
0.347061826742
-4.01933931253
-7.43836922822
-8.12103584326
-5.17164066245
0.908406080881
8.28624400577
14.4471528904
17.1743411744
15.4408838459
9.81930977966
2.22269756435
-4.90836764515
-9.60650175442
-11.116808941
-10.0543165096
-7.93881162785
-6.36220603498
-6.21130104818
-7.32606187537
-8.74179829032
-9.35933093108
-8.66448028924
-7.09191450157
-5.81515397367
-6.05219372214
-8.248124391
-11.5892514182
-14.1612794369
-13.7490187674
-8.93935271517
-0.00229280884716
10.9113034197
20.4211181746
25.1899474119
23.2843831561
15.0232963053
2.92347837998
-2.7211367413084417
-4.88887608534
-8.27516950882
-6.33482154172
-1.14936913753
4.31874508143
7.52673565855
7.3418031202
4.31882746324
0.211197112518
-2.989319582
-3.99851467524
-2.73673434347
-0.192979587582
2.20932446858
3.38175903736
3.07860614897
1.91042590367
0.899847931414
0.84826970278
1.86341062376
3.29483672584
4.09913597876
3.42916293993
1.12921354284
-2.12639303947
-5.12429249903
-6.68334449677
-6.21642336788
-4.00318898989
-1.04539164069
1.41271423241
2.45377945846
1.86755818777
0.169465176953
-1.2218146103342207
-1.9885543989731502
-1.7914867709428535
-0.8835901518160796
0.1006072223297565
0.5424442012852353
0.20124917826932176
-0.6513619929514363
-1.3892131182821714
-1.3886464689597204
-0.38912012558964193
1.336442362250878
3.092533003564398
4.09675442832706
3.8688853460007095
2.476920008223672
0.5185407307236858
-1.1500696820015435
-1.8031731899186525
-1.165390128291122
0.48290015568197475
2.451166107832762
3.952672467121957
4.433369191928904
3.7702352606183496
2.268999515346522
0.49055111264240736
-0.992255394771
-2.14633240806
-2.49569306567
-2.14470216433
-1.31903451381
-0.264686137206
0.806141574581
1.72349221713
2.35515155967
2.6215402179
2.53375552916
2.22464251125
1.93045172704
1.90271404294
2.27596796656
2.95833001171
3.61891609155
3.80702457185
3.16844802119
1.66106852406
-0.34671184644
-2.16773243107
-3.06139513642
-2.56347993801
-0.725722812768
1.85959064939
4.27829430602
5.66671809434
5.56843109243
4.10735873218
1.89491843637
-0.281672206807
-1.83415455416
-2.62388181847
-2.9650800004
-3.38577903939
-4.27899063556
-5.63665390674
-7.01790030835
-7.77983745656
-7.4557084296
-6.07705835352
-4.25252398406
-2.93267927583
-2.95206343028
-4.56454713262
-7.21038269546
-9.65610272873
-10.4749583026
-8.66858529508
-4.15219057298
2.12349106462
8.4813175996
13.1327822419
14.8373664037
13.3282596192
9.3362883148
4.22603485468
1.4581625608533813
-0.024499689942018676
0.04700961999520814
1.32099888317
1.26219568498
1.23419575127
1.0555057212
0.901467012799
1.09754996859
1.84187533343
3.02310415085
4.23616421995
4.98340582758
4.94559664063
4.16975895944
3.06689556753
2.21555826189
2.07138622085
2.73329607752
3.88822975647
4.96429088531
5.41519615616
4.99239630249
3.86835686907
2.55039851586
1.62947440917
1.48898088633
2.11560081766
3.1009449485
3.82822335538
3.75044558652
2.62816312448
0.621448736293
-1.7944196719
-4.03680138852
-5.64331471555
-6.41849363385
-6.4488155575
-6.00299094543
-5.38414698114
-4.81008678042
-4.36801996677
-4.04235228235
-3.77659503503
-3.52237311388
-3.25008332163
-2.92977581535
-2.51405800808
-1.95226418046
-1.23893585882
-0.467536838832
0.155344633216
0.366122746974
-0.0372791754909
-1.06508630878
-2.46463101382
-3.76258666268
-4.42387681864
-4.07035475935
-2.66371188006
-0.56267533116
1.58454161612
3.07763042705
3.4347286528
2.58043755204
0.869915201283
-1.06021149433
-2.54723820172
-3.15278155417
-2.8041963348
-1.77686924816
-0.540425493096
0.450812133198
0.927039485036
0.865724015272
0.439070104244
-0.108144461744
-0.579325666598
-0.887524718568
-1.04042330253
-1.07579153491
-0.998155774338
-0.759962948574
-0.298690256534
0.395161712178
1.22438190548
1.98381623659
2.42042797696
2.32905264923
1.63804726365
0.443829459896
-1.02036155353
-2.46345429244
-3.62417835591
-4.32939617423
-4.50620715769
-4.15831175937
-3.3345594627
-2.11541388887
-0.623826004302
0.956237723931
2.38203633727
3.39498371334
3.79935266333
3.54514143548
2.77174871452
1.78148934627
0.944038827794
0.568244385649
0.796827044262
1.5706223762
2.67544012126
3.84356278084
4.85548772602
5.59062051699
6.00718121643
6.07446691296
5.71055006841
4.77741848864
3.15216843199
0.844309047112
-1.9073571171
-4.62692388152
-6.71386916709
-7.64659086988
-7.19472849882
-5.54151504233
-3.24939429759
-1.07012153009
0.327237423397
0.596149491512
-0.182161396125
-1.57042393394
-2.98613213536
-3.95204452626
-4.27343917959
-4.06939508633
-3.65832718143
-3.36695537591
-3.36305882966
-3.59200985227
-3.83801148464
-3.86527444762
-3.55630326807
-2.97249608875
-2.30985439374
-1.78234470059
-1.50428930158
-1.44034388383
-1.44980388228
-1.3954688544
-1.24844096174
-1.1214552442
-1.2045409662
-1.63518036706
-2.37752198636
-3.18649697468
-3.69006788317
-3.55810110397
-2.6746340963
-1.2211314495
0.38088326913
1.64826959175
2.25167828325
2.16080480386
1.64485577767
1.12633500909
0.962021777488
1.26384820678
1.85283021905
2.37024369598
2.48726703924
2.10098176712
1.40982814647
0.823818165014
0.752205393323
1.37806241337
2.53948318407
3.7842767954
4.57570628125
4.54749764029
3.67899030024
2.30113509225
0.930998029133
0.0212094316707
-0.245468058084
-0.0111819403934
0.376701513897
0.590101887983
0.522502571435
0.353411545327
0.434571031286
1.0569985956
2.22827008937
3.59122220214
4.54480702145
4.52029725042
3.27778403231
1.06717367271
-1.0541241108701342
-2.6625744623484593
-3.169889095844667
-2.4778539991704776
-1.0160842379749653
0.4739193438734617
1.305059148874406
1.1805109379903342
0.33132044145951056
-0.6137443313190971
-0.9605537682040648
-0.31551891774060437
1.2017601726631426
3.008776241616019
4.349192476453695
4.67417578808778
3.921360289385248
2.5483286237847835
1.30284972205
0.130487902043
-0.0034778266028
0.623312223759
1.36932521357
1.58188207676
0.956936934501
-0.283040120412
-1.48960769689
-1.92045437604
-1.13530263879
0.747991214366
3.07234246237
4.93211005721
5.5941982175
4.84104331414
3.06515271753
1.06921449269
-0.326955185148
-0.676010583344
-0.0971731924917
0.815976872432
1.31945656382
0.905103508057
-0.446833609924
-2.27074613464
-3.86219688622
-4.63189194839
-4.38150523304
-3.36467434876
-2.11578047797
-1.15380979875
-0.731483846647
-0.767482787845
-0.990299080255
-1.19664365934
-1.45590274681
-2.11712444246
-3.58648546192
-5.98272874898
-8.86858626981
-11.2428989976
-11.8591690234
-9.76661192527
-4.83531749808
1.99858013988
8.92636520705
13.863750161
15.2240228289
12.5426202793
6.67747243697
nan
nan
nan
nan
nan
nan
nan
nan
nan
nan
nan
nan
nan
nan
nan
nan
nan
nan
nan
nan
nan
nan
nan
nan
nan
nan
nan
nan
nan
nan
nan
nan
nan
nan
nan
nan
nan
nan
nan
nan
nan
nan
nan
nan
nan
nan
nan
nan
nan
nan
nan
nan
nan
nan
nan
nan
nan
nan
nan
nan
nan
nan
nan
nan
nan
nan
nan
nan
nan
nan
nan
nan
nan
nan
nan
nan
nan
nan
nan
nan
nan
nan
nan
nan
nan
nan
nan
nan
nan
nan
nan
nan
nan
nan
nan
nan
nan
nan
nan
nan
nan
nan
nan
nan
nan
nan
nan
nan
nan
nan
nan
nan
nan
nan
nan
nan
nan
nan
nan
nan
nan
nan
nan
nan
nan
nan
nan
nan
nan
nan
nan
nan
nan
nan
nan
nan
nan
nan
nan
nan
nan
nan
nan
nan
nan
nan
nan
nan
nan
nan
nan
nan
nan
nan
nan
nan
nan
nan
nan
nan
nan
nan
nan
nan
nan
nan
nan
nan
nan
nan
nan
nan
nan
nan
nan
nan
nan
nan
nan
nan
nan
nan
nan
nan
nan
nan
nan
nan
nan
nan
nan
nan
nan
nan
nan
nan
nan
nan
nan
nan
nan
nan
nan
nan
nan
nan
nan
nan
nan
nan
nan
nan
nan
nan
nan
nan
nan
nan
nan
nan
nan
nan
nan
nan
nan
nan
nan
nan
nan
nan
nan
nan
nan
nan
nan
nan
nan
nan
nan
nan
nan
nan
nan
nan
nan
nan
nan
nan
nan
nan
nan
nan
nan
nan
nan
nan
nan
nan
nan
nan
nan
nan
nan
nan
nan
nan
nan
nan
nan
nan
nan
nan
nan
nan
nan
nan
nan
nan
nan
nan
nan
nan
nan
nan
nan
nan
nan
nan
nan
nan
nan
nan
nan
nan
nan
nan
nan
nan
nan
nan
nan
nan
nan
nan
nan
nan
nan
nan
nan
nan
nan
nan
nan
nan
nan
nan
nan
nan
nan
nan
nan
nan
nan
nan
nan
nan
nan
nan
nan
nan
nan
nan
nan
nan
nan
nan
nan
nan
nan
nan
nan
nan
nan
nan
nan
nan
nan
nan
nan
nan
nan
nan
nan
nan
nan
nan
nan
nan
nan
nan
nan
nan
nan
nan
nan
nan
nan
nan
nan
nan
nan
nan
nan
nan
nan
nan
nan
nan
nan
nan
nan
nan
nan
nan
nan
nan
nan
nan
nan
nan
nan
nan
nan
nan
nan
nan
nan
nan
nan
nan
nan
nan
nan
nan
nan
nan
nan
nan
nan
nan
nan
nan
nan
nan
nan
nan
nan
nan
nan
nan
nan
nan
nan
nan
nan
nan
nan
nan
nan
nan
nan
nan
nan
nan
nan
nan
nan
nan
nan
nan
nan
nan
nan
nan
nan
nan
nan
nan
nan
nan
nan
nan
nan
nan
nan
nan
nan
nan
nan
nan
nan
nan
nan
nan
nan
nan
nan
nan
nan
nan
nan
nan
nan
nan
nan
nan
nan
nan
nan
nan
nan
nan
nan
nan
nan
nan
nan
nan
nan
nan
nan
nan
nan
nan
nan
nan
nan
nan
nan
nan
nan
nan
nan
nan
nan
nan
nan
nan
nan
nan
nan
nan
nan
nan
nan
nan
nan
nan
nan
nan
nan
nan
nan
nan
nan
nan
nan
nan
nan
nan
nan
nan
nan
nan
nan
nan
nan
nan
nan
nan
nan
nan
nan
nan
nan
nan
nan
nan
nan
nan
nan
nan
nan
nan
nan
nan
nan
nan
nan
nan
nan
nan
nan
nan
nan
nan
nan
nan
nan
nan
nan
nan
nan
nan
nan
nan
nan
nan
nan
nan
nan
nan
nan
nan
nan
nan
nan
nan
nan
nan
nan
nan
nan
nan
nan
nan
nan
nan
nan
nan
nan
nan
nan
nan
nan
nan
nan
nan
nan
nan
nan
nan
nan
nan
nan
nan
nan
nan
nan
nan
nan
nan
nan
nan
nan
nan
nan
nan
nan
nan
nan
nan
nan
nan
nan
nan
nan
nan
nan
nan
nan
nan
nan
nan
nan
nan
nan
nan
nan
nan
nan
nan
nan
nan
nan
nan
nan
nan
nan
nan
nan
nan
nan
nan
nan
nan
nan
nan
nan
nan
nan
nan
nan
nan
nan
nan
nan
nan
nan
nan
nan
nan
nan
nan
nan
nan
nan
nan
nan
nan
nan
nan
nan
nan
nan
nan
nan
nan
nan
nan
nan
nan
nan
nan
nan
nan
nan
nan
nan
nan
nan
nan
nan
nan
nan
nan
nan
nan
nan
nan
nan
nan
nan
nan
nan
nan
nan
nan
nan
nan
nan
nan
nan
nan
nan
nan
nan
nan
nan
nan
nan
nan
nan
nan
nan
nan
nan
nan
nan
nan
nan
nan
nan
nan
nan
nan
nan
nan
nan
nan
nan
nan
nan
nan
nan
nan
nan
nan
nan
nan
nan
nan
nan
nan
nan
nan
nan
nan
nan
nan
nan
nan
nan
nan
nan
nan
nan
nan
nan
nan
nan
nan
nan
nan
nan
nan
nan
nan
nan
nan
nan
nan
nan
nan
nan
nan
nan
nan
nan
nan
nan
nan
nan
nan
nan
nan
nan
nan
nan
nan
nan
nan
nan
nan
nan
nan
nan
nan
nan
nan
nan
nan
nan
nan
nan
nan
nan
nan
nan
nan
nan
nan
nan
nan
nan
nan
nan
nan
nan
nan
nan
nan
nan
nan
nan
nan
nan
nan
nan
nan
nan
nan
nan
nan
nan
nan
nan
nan
nan
nan
nan
nan
nan
nan
nan
nan
nan
nan
nan
nan
nan
nan
nan
nan
nan
nan
nan
nan
nan
nan
nan
nan
nan
nan
nan
nan
nan
nan
nan
nan
nan
nan
nan
nan
nan
nan
nan
nan
nan
nan
nan
nan
nan
nan
nan
nan
nan
nan
nan
nan
nan
nan
nan
nan
nan
nan
nan
nan
nan
nan
nan
nan
nan
nan
nan
nan
nan
nan
nan
nan
nan
nan
nan
nan
nan
nan
nan
nan
nan
nan
nan
nan
nan
nan
nan
nan
nan
nan
nan
nan
nan
nan
nan
nan
nan
nan
nan
nan
nan
nan
nan
nan
nan
nan
nan
nan
nan
nan
nan
nan
nan
nan
nan
nan
nan
nan
nan
nan
nan
nan
nan
nan
nan
nan
nan
nan
nan
nan
nan
nan
nan
nan
nan
nan
nan
nan
nan
nan
nan
nan
nan
nan
nan
nan
nan
nan
nan
nan
nan
nan
nan
nan
nan
nan
nan
nan
nan
nan
nan
nan
nan
nan
nan
nan
nan
nan
nan
nan
nan
nan
nan
nan
nan
nan
nan
nan
nan
nan
nan
nan
nan
nan
nan
nan
nan
nan
nan
nan
nan
nan
nan
nan
nan
nan
nan
nan
nan
nan
nan
nan
nan
nan
nan
nan
nan
nan
nan
nan
nan
nan
nan
nan
nan
nan
nan
nan
nan
nan
nan
nan
nan
nan
nan
nan
nan
nan
nan
nan
nan
nan
nan
nan
nan
nan
nan
nan
nan
nan
nan
nan
nan
nan
nan
nan
nan
nan
nan
nan
nan
nan
nan
nan
nan
nan
nan
nan
nan
nan
nan
nan
nan
nan
nan
nan
nan
nan
nan
nan
nan
nan
nan
nan
nan
nan
nan
nan
nan
nan
nan
nan
nan
nan
nan
nan
nan
nan
nan
nan
nan
nan
nan
nan
nan
nan
nan
nan
nan
nan
nan
nan
nan
nan
nan
nan
nan
nan
nan
nan
nan
nan
nan
nan
nan
nan
nan
nan
nan
nan
nan
nan
nan
nan
nan
nan
nan
nan
nan
nan
nan
nan
nan
nan
nan
nan
nan
nan
nan
nan
nan
nan
nan
nan
nan
nan
nan
nan
nan
nan
nan
nan
nan
nan
nan
nan
nan
nan
nan
nan
nan
nan
nan
nan
nan
nan
nan
nan
nan
nan
nan
nan
nan
nan
nan
nan
nan
nan
nan
nan
nan
nan
nan
nan
nan
nan
nan
nan
nan
nan
nan
nan
nan
nan
nan
nan
nan
nan
nan
nan
nan
nan
nan
nan
nan
nan
nan
nan
nan
nan
nan
nan
nan
nan
nan
nan
nan
nan
nan
nan
nan
nan
nan
nan
nan
nan
nan
nan
nan
nan
nan
nan
nan
nan
nan
nan
nan
nan
nan
nan
nan
nan
nan
nan
nan
nan
nan
nan
nan
nan
nan
nan
nan
nan
nan
nan
nan
nan
nan
nan
nan
nan
nan
nan
nan
nan
nan
nan
nan
nan
nan
nan
nan
nan
nan
nan
nan
nan
nan
nan
nan
nan
nan
nan
nan
nan
nan
nan
nan
nan
nan
nan
nan
nan
nan
nan
nan
nan
nan
nan
nan
nan
nan
nan
nan
nan
nan
nan
nan
nan
nan
nan
nan
nan
nan
nan
nan
nan
nan
nan
nan
nan
nan
nan
nan
nan
nan
nan
nan
nan
nan
nan
nan
nan
nan
nan
nan
nan
nan
nan
nan
nan
nan
nan
nan
nan
nan
nan
nan
nan
nan
nan
nan
nan
nan
nan
nan
nan
nan
nan
nan
nan
nan
nan
nan
nan
nan
nan
nan
nan
nan
nan
nan
nan
nan
nan
nan
nan
nan
nan
nan
nan
nan
nan
nan
nan
nan
nan
nan
nan
nan
nan
nan
nan
nan
nan
nan
nan
nan
nan
nan
nan
nan
nan
nan
nan
nan
nan
nan
nan
nan
nan
nan
nan
nan
nan
nan
nan
nan
nan
nan
nan
nan
nan
nan
nan
nan
nan
nan
nan
nan
nan
nan
nan
nan
nan
nan
nan
nan
nan
nan
nan
nan
nan
nan
nan
nan
nan
nan
nan
nan
nan
nan
nan
nan
nan
nan
nan
nan
nan
nan
nan
nan
nan
nan
nan
nan
nan
nan
nan
nan
nan
nan
nan
nan
nan
nan
nan
nan
nan
nan
nan
nan
nan
nan
nan
nan
nan
nan
nan
nan
nan
nan
nan
nan
nan
nan
nan
nan
nan
nan
nan
nan
nan
nan
nan
nan
nan
nan
nan
nan
nan
nan
nan
nan
nan
nan
nan
nan
nan
nan
nan
nan
nan
nan
nan
nan
nan
nan
nan
nan
nan
nan
nan
nan
nan
nan
nan
nan
nan
nan
nan
nan
nan
nan
nan
nan
nan
nan
nan
nan
nan
nan
nan
nan
nan
nan
nan
nan
nan
nan
nan
nan
nan
nan
nan
nan
nan
nan
nan
nan
nan
nan
nan
nan
nan
nan
nan
nan
nan
nan
nan
nan
nan
nan
nan
nan
nan
nan
nan
nan
nan
nan
nan
nan
nan
nan
nan
nan
nan
nan
nan
nan
nan
nan
nan
nan
nan
nan
nan
nan
nan
nan
nan
nan
nan
nan
nan
nan
nan
nan
nan
nan
nan
nan
nan
nan
nan
nan
nan
nan
nan
nan
nan
nan
nan
nan
nan
nan
nan
nan
nan
nan
nan
nan
nan
nan
nan
nan
nan
nan
nan
nan
nan
nan
nan
nan
nan
nan
nan
nan
nan
nan
nan
nan
nan
nan
nan
nan
nan
nan
nan
nan
nan
nan
nan
nan
nan
nan
nan
nan
nan
nan
nan
nan
nan
nan
nan
nan
nan
nan
nan
nan
nan
nan
nan
nan
nan
nan
nan
nan
nan
nan
nan
nan
nan
nan
nan
nan
nan
nan
nan
nan
nan
nan
nan
nan
nan
nan
nan
nan
nan
nan
nan
nan
nan
nan
nan
nan
nan
nan
nan
nan
nan
nan
nan
nan
nan
nan
nan
nan
nan
nan
nan
nan
nan
nan
nan
nan
nan
nan
nan
nan
nan
nan
nan
nan
nan
nan
nan
nan
nan
nan
nan
nan
nan
nan
nan
nan
nan
nan
nan
nan
nan
nan
nan
nan
nan
nan
nan
nan
nan
nan
nan
nan
nan
nan
nan
nan
nan
nan
nan
nan
nan
nan
nan
nan
nan
nan
nan
nan
nan
nan
nan
nan
nan
nan
nan
nan
nan
nan
nan
nan
nan
nan
nan
nan
nan
nan
nan
nan
nan
nan
nan
nan
nan
nan
nan
nan
nan
nan
nan
nan
nan
nan
nan
nan
nan
nan
nan
nan
nan
nan
nan
nan
nan
nan
nan
nan
nan
nan
nan
nan
nan
nan
nan
nan
nan
nan
nan
nan
nan
nan
nan
nan
nan
nan
nan
nan
nan
nan
nan
nan
nan
nan
nan
nan
nan
nan
nan
nan
nan
nan
nan
nan
nan
nan
nan
nan
nan
nan
nan
nan
nan
nan
nan
nan
nan
nan
nan
nan
nan
nan
nan
nan
nan
nan
nan
nan
nan
nan
nan
nan
nan
nan
nan
nan
nan
nan
nan
nan
nan
nan
nan
nan
nan
nan
nan
nan
nan
nan
nan
nan
nan
nan
nan
nan
nan
nan
nan
nan
nan
nan
nan
nan
nan
nan
nan
nan
nan
nan
nan
nan
nan
nan
nan
nan
nan
nan
nan
nan
nan
nan
nan
nan
nan
nan
nan
nan
nan
nan
nan
nan
nan
nan
nan
nan
nan
nan
nan
nan
nan
nan
nan
nan
nan
nan
nan
nan
nan
nan
nan
nan
nan
nan
nan
nan
nan
nan
nan
nan
nan
nan
nan
nan
nan
nan
nan
nan
nan
nan
nan
nan
nan
nan
nan
nan
nan
nan
nan
nan
nan
nan
nan
nan
nan
nan
nan
nan
nan
nan
nan
nan
nan
nan
nan
nan
nan
nan
nan
nan
nan
nan
nan
nan
nan
nan
nan
nan
nan
nan
nan
nan
nan
nan
nan
nan
nan
nan
nan
nan
nan
nan
nan
nan
nan
nan
nan
nan
nan
nan
nan
nan
nan
nan
nan
nan
nan
nan
nan
nan
nan
nan
nan
nan
nan
nan
nan
nan
nan
nan
nan
nan
nan
nan
nan
nan
nan
nan
nan
nan
nan
nan
nan
nan
nan
nan
nan
nan
nan
nan
nan
nan
nan
nan
nan
nan
nan
nan
nan
nan
nan
nan
nan
nan
nan
nan
nan
nan
nan
nan
nan
nan
nan
nan
nan
nan
nan
nan
nan
nan
nan
nan
nan
nan
nan
nan
nan
nan
nan
nan
nan
nan
nan
nan
nan
nan
nan
nan
nan
nan
nan
nan
nan
nan
nan
nan
nan
nan
nan
nan
nan
nan
nan
nan
nan
nan
nan
nan
nan
nan
nan
nan
nan
nan
nan
nan
nan
nan
nan
nan
nan
nan
nan
nan
nan
nan
nan
nan
nan
nan
nan
nan
nan
nan
nan
nan
nan
nan
nan
nan
nan
nan
nan
nan
nan
nan
nan
nan
nan
nan
nan
nan
nan
nan
nan
nan
nan
nan
nan
nan
nan
nan
nan
nan
nan
nan
nan
nan
nan
nan
nan
nan
nan
nan
nan
nan
nan
nan
nan
nan
nan
nan
nan
nan
nan
nan
nan
nan
nan
nan
nan
nan
nan
nan
nan
nan
nan
nan
nan
nan
nan
nan
nan
nan
nan
nan
nan
nan
nan
nan
nan
nan
nan
nan
nan
nan
nan
nan
nan
nan
nan
nan
nan
nan
nan
nan
nan
nan
nan
nan
nan
nan
nan
nan
nan
nan
nan
nan
nan
nan
nan
nan
nan
nan
nan
nan
nan
nan
nan
nan
nan
nan
nan
nan
nan
nan
nan
nan
nan
nan
nan
nan
nan
nan
nan
nan
nan
nan
nan
nan
nan
nan
nan
nan
nan
nan
nan
nan
nan
nan
nan
nan
nan
nan
nan
nan
nan
nan
nan
nan
nan
nan
nan
nan
nan
nan
nan
nan
nan
nan
nan
nan
nan
nan
nan
nan
nan
nan
nan
nan
nan
nan
nan
nan
nan
nan
nan
nan
nan
nan
nan
nan
nan
nan
nan
nan
nan
nan
nan
nan
nan
nan
nan
nan
nan
nan
nan
nan
nan
nan
nan
nan
nan
nan
nan
nan
nan
nan
nan
nan
nan
nan
nan
nan
nan
nan
nan
nan
nan
nan
nan
nan
nan
nan
nan
nan
nan
nan
nan
nan
nan
nan
nan
nan
nan
nan
nan
nan
nan
nan
nan
nan
nan
nan
nan
nan
nan
nan
nan
nan
nan
nan
nan
nan
nan
nan
nan
nan
nan
nan
nan
nan
nan
nan
nan
nan
nan
nan
nan
nan
nan
nan
nan
nan
nan
nan
nan
nan
nan
nan
nan
nan
nan
nan
nan
nan
nan
nan
nan
nan
nan
nan
nan
nan
nan
nan
nan
nan
nan
nan
nan
nan
nan
nan
nan
nan
nan
nan
nan
nan
nan
nan
nan
nan
nan
nan
nan
nan
nan
nan
nan
nan
nan
nan
nan
nan
nan
nan
nan
nan
nan
nan
nan
nan
nan
nan
nan
nan
nan
nan
nan
nan
nan
nan
nan
nan
nan
nan
nan
nan
nan
nan
nan
nan
nan
nan
nan
nan
nan
nan
nan
nan
nan
nan
nan
nan
nan
nan
nan
