-3.39761093946
-4.13859921287
-4.48028386151
-4.17326593799
-3.36908774504
-2.59998732148
-2.51772440057
-3.50520022237
-5.35812666834
-7.22249210993
-7.86466072136
-6.19134326571
-1.80189144222
4.68601510632
11.7166880026
17.2910301124
19.6959695786
18.1718782547
13.2320062345
6.48759267901
0.04148526357
-4.30105681687
-5.67725743557
-4.4053688691
-1.73431827534
0.765416349273
1.88963829233
1.26595880327
-0.589783071751
-2.61961070506
-3.78393852613
-3.56200130275
-2.16255107521
-0.365158813881
0.90742351836
1.06178052859
0.116854537732
-1.33338549374
-2.4454640843
-2.56684078808
-1.56704532747
0.103372354209
1.64882074723
2.33475363234
1.85722329855
0.49205843802
-1.04657609838
-1.96257696957
-1.76857412629
-0.517282680519
1.23657138718
2.71775454377
3.30974355117
2.84185603317
1.64612385731
0.36481742334
-0.385357178567
-0.318198958109
0.400495747659
1.26934931985
1.73719079588
1.50493067847
0.686052618723
-0.254981444666
-0.750377532734
-0.430677457359
0.677752025801
2.16148450811
3.42875397629
4.00781526915
3.77876744622
3.01827957861
2.23486839732
1.88208662777
2.10135289869
2.63184615734
2.93908099567
2.50038118509
1.10256051056
-1.00270391904
-3.17158859039
-4.64173690827
-4.87894792397
-3.83109996388
-1.96681812309
-0.0793122837299
1.05269719685
0.989406854657
-0.206793097749
-2.03535909805
-3.80651280876
-4.94913046778
-5.2324655213
-4.80767419754
-4.06800913118
-3.41364946186
-3.04624278384
-2.89314724494
-2.68857161929
-2.15751081226
-1.19962136652
0.0237563062511
1.14191366594
1.73668187727
1.53132392848
0.515288330788
-1.0495735198
-2.73564935726
-4.11176146942
-4.88510033087
-4.96719769928
-4.45221275862
-3.53822280137
-2.44149992009
-1.3433691505
-0.379710213632
0.345494651863
0.751794817624
0.796472522299
0.50445081411
-0.0119651760175
-0.569295622414
-0.970381910867
-1.08016376659
-0.879171739266
-0.460716811758
0.0325336296925
0.499891624403
0.947200105952
1.47867960895
2.20865970212
3.13502630563
4.04845245463
4.54537416699
4.16616637699
2.61347732448
-0.0469446265104
-3.30920799723
-6.3350247025
-8.22548805489
-8.35558384802
-6.63087367571
-3.5499581448
-0.0360659858509
2.89887919216
4.52037885194
4.61725634484
3.53107733207
1.96872880842
0.690490846837
0.212991815213
0.648292693937
1.72913217724
2.98287319218
3.95536372713
4.37771655033
4.21286530175
3.58774928859
2.67356462348
1.59250671135
0.400200498956
-0.37652149104195587
-1.1221212069256552
-1.6509249130449035
-1.743991102374295
-1.2620319093882841
-0.2558793186457109
0.9983952643651293
2.0787678154025997
2.5892123187935567
2.347410598290523
1.4930829649188126
0.453243859944
-0.834311812032
-1.35158032426
-1.00047318722
-0.052053554983
0.970930987242
1.52903145195
1.30939767398
0.363189460778
-0.926879446256
-2.03182488931
-2.52519411194
-2.27745042473
-1.50609837345
-0.66176020291
-0.207761031864
-0.398394943497
-1.1576528491
-2.10989600969
-2.74293506801
-2.62652590422
-1.59076578684
0.205842934267
2.33590140363
4.25395652167
5.47237702016
5.69865768775
4.89822314048
3.28118824295
1.2351320912
-0.768666218413
-2.2759635649
-2.9469280139
-2.64067086813
-1.46939344933
0.203251838581
1.84038027717
2.88434597758
2.94589143156
1.96254139473
0.254049791499
-1.56692219289
-2.81291073044
-2.99159743169
-2.01675105118
-0.263147872633
1.57081048518
2.74574256977
2.79391315223
1.7266569987
0.042017253668
-1.47692175946
-2.09066588218
-1.4197823025
0.385416286264
2.69286859774
4.63166175488
5.42589295818
4.68239342468
2.52219279629
-0.483022209722
-3.52715589812
-5.84181329664
-6.9199217675
-6.62276297929
-5.15934780974
-2.97575190504
-0.612286053131
1.42393775713
2.75020003344
3.16531095641
2.68086038174
1.52459189879
0.100962266665
-1.105733953
-1.6795630734
-1.43325481113
-0.515840784754
0.594733091877
1.23839612085
0.82224182785
-0.19695077862897392
-2.329519375414989
-4.912351098369697
-7.055436256764111
-7.976067607711272
-7.307442124588036
-5.247589210704817
-2.4797930907424615
0.1045885803734734
1.7616410925410264
2.174526280508232
1.538885252666006
0.42592185320103226
-0.5030853559668884
-0.792187066666
-1.0371440289
-0.827417563441
-0.585200038257
-0.637195578305
-1.03681837988
-1.54730654309
-1.78730170528
-1.45628363751
-0.517873417918
0.756482769431
1.90645818558
2.50224179225
2.35048311849
1.58091803822
0.570717337913
-0.251835743066
-0.620635523018
-0.550796823499
-0.30289121032
-0.213988621694
-0.487857415376
-1.05902096511
-1.60744493398
-1.72177480914
-1.12985426979
0.123263668309
1.64705268029
2.85128160471
3.20306989971
2.47499668985
0.865023665327
-1.07170614386
-2.65052672575
-3.34096957669
-2.9781779451
-1.8095315597
-0.362198934059
0.800517432246
1.31902884585
1.16699607732
0.621370745751
0.100143446269
-0.0466838286141
0.306689651019
1.02461088747
1.79653630279
2.29457530414
2.32212647399
1.88711851747
1.17649410376
0.457312514865
-0.0400697425443
-0.20212282461
-0.0480392217512
0.310238571142
0.730559679946
1.0898028408
1.30153635005
1.30839108684
1.07120567585
0.574935462007
-0.146003534394
-0.98070378816
-1.74016141259
-2.19900043192
-2.17448836253
-1.61146807835
-0.630479671754
0.492459786264
1.41580242154
1.85889741972
1.71057187396
1.070011253
0.199449683533
-0.591101368186
-1.0746227063
-1.19330910402
-1.06148851141
-0.886614976784
-0.849244943517
-1.0025838235
-1.24241100657
-1.36368169462
-1.17751584603
-0.632034276264
0.123060266461
0.763546432169
0.903419249847
0.248370507658
0.8926765878301097
0.8710470403124191
0.6090041049864965
0.623215201888
-0.925948294507
-1.52778795841
-1.22654690351
-0.307092823679
0.814396477302
1.73289143894
2.17886169256
2.08402690683
1.57178308507
0.882885453486
0.26834571367
-0.109516717447
-0.23230953893
-0.21873548075
-0.260420855555
-0.526441483483
-1.07486441982
-1.80817545983
-2.4939290774
-2.84706839223
-2.64495361969
-1.83031402904
-0.558511841424
0.835155248009
1.941329933
2.4182762939
2.11501095589
1.12643849517
-0.3218696488453645
-1.75105415196
-2.54525889519
-2.79314730939
-2.53302851216
-1.97702735662
-1.4028453257
-1.03028066379
-0.936738480124
-1.0455555165
-1.18612187358
-1.19200940906
-0.987789375345
-0.62359418724
-0.243867567612
-0.00933509659305
-0.0131438096693
-0.233183777103
-0.543106522113
-0.774792190356
-0.799935731654
-0.590134078913
-0.226791159095
0.142306954002
0.376794237799
0.411069953804
0.282946510283
0.111375849961
0.0360374510778
0.149232171287
0.452724858413
0.858732069724
1.23251367138
1.45483451355
1.47476228723
1.32962939866
1.12539382863
0.988674370486
1.013102774
1.22300109294
1.5679175691
1.94759042687
2.25491540375
2.41895481556
2.43189360351
2.35097724055
2.27539356016
2.30584154516
2.49961364361
2.83594497051
3.2049478638
3.42826952506
3.31061430567
2.70980958597
1.60265792169
0.119408952892
-1.4743928767
-2.85292282448
-3.74273440167
-4.03325605159
-3.83804373967
-3.47218535293
-3.34172915488
-3.7787201794
-4.88425003629
-6.44732344588
-7.98359631327
-8.89213120005
-8.6781817478
-7.15736883535
-4.55728853681
-1.46884793331
1.34186477127
3.19346240707
3.722154445
2.99773080702
1.47853243174
-0.174600785488
-1.34975337374
-1.70097071633
-1.24817723394
-0.327474531689
0.578985508948
1.05712944628
0.928906225368
0.307840053856
-0.473917555927
-1.02886144322
-1.09366311568
-0.647244629744
0.0817575684294
0.719625659554
0.919069729381
0.525266268475
-0.333489180302
-1.27039166452
-1.77460593291
-1.40726911274
0.0139613786596
2.31230096521
4.97320990553
7.28773763795
8.57193161309
8.38828515261
6.69303441561
3.85802143942
0.559293192316
-2.4288224917
-4.46270677153
-5.20344272281
-4.67991076012
-3.22761193791
-1.33615648579
0.529864332336
2.06716738047
3.18133085571
3.94077835788
4.47263843071
4.85772303441
5.07615587121
5.02579971947
4.59748814027
3.76295842009
2.62680613706
1.41424114664
0.400685281174
-0.180904166353
-0.209395477814
0.308771114861
1.27626090052
2.5630200045
4.04446866358
5.59389249183
7.03707723093
8.10973360395
8.46854337126
7.78452930231
5.90051006432
2.98599334562
-0.398942075296
-3.39655063263
-5.10324693798
-4.90386439642
-2.7560401228
0.708957952195
4.34094622752
6.84954197104
7.27379917821
5.35737258196
1.66906873356
-2.59402212745
-6.05317374855
-7.66951765869
-7.12969773904
-4.9387612094
-2.18501437535
-0.0788119288825
0.539677882595
-0.479952687921
-2.57670677591
-4.7501694138
-5.99883073726
-5.73416708913
-4.00113786294
-1.42787649765
1.05393226023
2.58463432779
2.68770997276
1.39987223371
-0.807533983278
-3.25366877207
-5.30679763011
-6.56914202306
-6.93284931719
-6.5192889652
-5.56223730108
-4.30457232081
-2.95010301855
-1.66825679256
-0.616475576006
0.059057058613
0.259967205373
-0.0093685103066
-0.609543907466
-1.29221144153
-1.78900343849
-1.92825052348
-1.72040744698
-1.3607026986
-1.13581730632
-1.27183083225
-1.79650569366
-2.48949342453
-2.95606761633
-2.80047649692
-1.82307636336
-0.147733124826
1.78693630554
3.37852333131
4.09449524571
3.68955178503
2.31300715707
0.460214042591
-1.21046982218
-2.11764843405
-1.95651457079
-0.784203325741
1.03014136836
2.95525830905
4.47795473587
5.2441719335
5.12120250473
4.18193885134
2.64240714527
0.791279862428
-1.06407097406
-2.63313718409
-3.67296040534
-4.02613805769
-3.66293254477
-2.7070252261
-1.41941724303
-0.128839956567
0.875642875001
1.44853267379
1.63942269284
1.66153981017
1.7843889429
2.19648313894
2.90332060389
3.71307257768
4.32184878382
4.46104932096
4.03623029444
3.18806243919
2.2423460317
1.57036581892
1.42583799929
1.83696217088
2.60460655349
3.40392859647
3.93434496916
4.03925326468
3.73519705327
3.14123006342
2.3561417404
1.36283325762
0.0266870705187
-1.79750320799
-4.10131532835
-6.59631755242
-8.71603241376
-9.78092583057
-9.27822323849
-7.13891688641
-3.87555837661
-0.4911568437
1.83482646445
2.17457900343
0.223514149217
1.413849267783661
1.90155833324
-2.32058489824
-4.74814175014
-4.88268287954
-3.00615749996
-0.0301124858195
2.88194738791
4.75718751895
5.14124833934
4.19026565202
2.51277227542
0.852681123882
-0.236947307332
-0.590633413927
-0.429509221598
-0.188537479997
-0.271376201813
-0.853938093997
-1.82202857397
-2.85701082443
-1.27538508805
-1.2438122352
-0.76491336491
-0.0708073815797
0.53334949247
0.819378579349
0.734946110606
0.408368637287
0.0661592789223
-0.0879982995619
0.0300300421538
0.357220505116
0.731140930144
0.981253574047
1.01343341278
0.845979482005
0.584419082756
0.355219649941
0.237859020012
0.231572476359
0.270889096248
0.27600671147
0.205641857031
0.0807015218673
-0.0343476492239
-0.0801158108348
-0.0506615398576
-0.0107486275387
-0.068256312133
-0.313483341109
-0.75702790605
-1.30133786847
-1.76561062824
-1.95708535644
-1.75746550433
-1.18374488389
-0.393158864116
0.372557383217
0.880291785053
0.995514401965
0.730281226615
0.230021140496
-0.292501518915
-0.645015576168
-0.726877422717
-0.555266227555
-0.240211147436
0.0749657260067
0.278063059072
0.32909554258
0.263828785065
0.163977650739
0.112238921996
0.153983513637
0.280686921762
0.437894475098
0.549441699103
0.544748580235
0.378238097549
0.0364341835751
0.3070811692340385
0.45277468447885383
0.5175726242543419
0.5434069361632368
0.5588253282154199
0.5693089286739337
0.5536957533500413
0.4723650908811692
0.28966143490936247
0.005626904628570628
-0.31610586752633196
-0.541158280938
-1.25005160409
-1.51573371974
-1.25467925988
-0.522450864556
0.475634394552
1.43280680306
2.03766742151
2.08553726837
1.55936682326
0.64362646145
-0.339574066208
-1.05010588663
-1.25805330844
-0.928017180257
-0.224628796436
0.562060262394
1.13816872194
1.32168293026
1.10347068255
0.630728193256
0.125498031652
-0.220613738558
-0.326047057667
-0.238860461094
-0.0924913938969
-0.0247554884518
-0.10325611478
-0.294464150892
-0.489542066231
-0.570267390722
-0.478327008076
-0.250722192433
-0.00279405728212
0.131658720078
0.0711836585123
-0.169060446555
-0.482857301252
-0.725367463613
-0.785047692461
-0.637727914729
-0.355200118358
-0.0647635725873
0.118069060786
0.147648742935
0.066338671825
-0.0262832841429
-0.0356532912308
0.0688657550987
0.231753423057
0.339640872585
0.286524302576
0.0413263922599
-0.319750343298
-0.636618729323
-0.736385216482
-0.518559184634
-0.011877031603
0.62713949579
1.17556116764
1.43741367093
1.32510927658
0.890930185308
0.295354653195
-0.269904817175
-0.664774273528
-0.849144449158
-0.87578694187
-0.836783260607
-0.796626492744
-0.751088043081
-0.635518243958
-0.377778415154
0.0351619454059
0.517463636775
0.899244428087
0.994899314214
0.693862842317
0.0277524046006
-0.4033635671961946
-0.7553130410632605
-0.7867717233226301
-0.3818345767850815
0.4009771834819844
1.3563681274908106
2.2230626219760268
2.793884228821426
2.992765730525008
2.884071168455847
2.6145980142127314
2.322949206834153
2.0668810824836896
1.8083374519423074
1.4636017018055867
0.9890607059679866
0.451081672650119
0.0338554057182
-0.512566952649
-0.542525803783
-0.0733845370534
0.658309563029
1.26253911008
1.35136467092
0.722945817344
-0.508811103078
-1.90621519481
-2.84057100175
-2.72444002731
-1.25544851919
1.42774477353
4.74662656886
7.85028816606
9.89247761001
10.3170836817
9.04595798288
6.49953223017
3.4439379604
0.723173465021
-1.02381512986
-1.55867011481
-1.08520712558
-0.129981702951
0.685377467389
0.889535546256
0.331634195144
-0.78397378723
-2.00456617606
-2.82903666217
-2.91832217793
-2.2322520418
-1.04037601049
0.193924171577
1.00542428477
1.11424293786
0.530453780975
-0.466105364794
-1.45962482137
-2.08565403832
-2.18880707662
-1.88100041421
-1.47504731743
-1.32510475994
-1.64860318545
-2.41358294914
-3.34549328147
-4.05143504773
-4.20354725204
-3.69392848838
-2.68631430621
-1.53974044823
-0.642898768549
-0.243234517178
-0.358107812307
-0.81299219869
-1.38367544444
-1.96048948225
-2.63513217863
-3.64750177131
-5.20598836579
-7.2721745415
-9.43747082816
-10.9896542061
-11.1787256161
-9.58322716008
-6.40470066705
-2.52266522917
0.765993381827
2.25528579566
1.38627534377
-1.4019621401
-4.71913749591
-6.70228377676
-5.76749058938
-1.33596638703
5.78337535039
13.5514814116
19.3763808205
21.0666789558
17.6872569976
9.96615252477
0.0743220246182
-7.590499394049857
-12.101075130381332
-12.205818712685812
-8.27350264476172
-2.056213059904948
4.0545340574497715
7.963235495019944
8.622028108526493
6.319679825798232
2.43392958095005
-1.20600428942
-4.61721025464
-5.51801088225
-4.15741013942
-1.50806312224
1.21994105316
3.07273298463
3.65312452785
3.14003538568
2.07284735765
1.03916665083
0.420198301015
0.29150951933
0.486088524366
0.749908078045
0.892225610955
0.858857024165
0.713804046841
0.567316012947
0.50872827831
0.584028398411
0.817712487842
1.24403382067
1.90634195646
2.80841382506
3.84191487145
4.74287999752
5.12679812296
4.61443959544
3.00749803475
0.433922792931
-2.61819160086
-5.41689513973
-7.22365682256
-7.56164323311
-6.40242460764
-4.18747867447
-1.66969780803
0.362538223451
1.36611553852
1.21626354668
0.208692489462
-1.09796219771
-2.12293329077
-2.48342195884
-2.10953696221
-1.22295491931
-0.208060029133
0.556651938617
0.835272045302
0.594871719174
-0.0146764405994
-0.733878754592
-1.2816741353
-1.43018310019
-1.05655604984
-0.175231796346
1.0463939362
2.29590300026
3.16252856604
3.23255400521
2.22225755147
0.109246389564
-1.9370933997542892
-4.164219453963412
-5.820649165444706
-6.25437224016045
-5.153561044188535
-2.6901900067743156
0.5021573911281649
3.522867848155826
5.5073437302736465
5.926944757576564
4.771702961832673
2.5466705894393016
0.086340139103811
-1.73792428045
-3.06086032131
-2.93363392558
-1.6083670155
0.350248466815
2.27985532679
3.63129376252
4.10554966463
3.68754122946
2.59062980686
1.15272359219
-0.271810422332
-1.39516591311
-2.04507122427
-2.18418399336
-1.90632280381
-1.41065738996
-0.95135400187
-0.764946580974
-0.990338745295
-1.60890197537
-2.4342362972
-3.16698932055
-3.50321533262
-3.25733922503
-2.44776530749
-1.30377412823
-0.184265509226
0.561659797449
0.734209271478
0.362104579677
-0.3132438537
-0.941215481582
-1.20702649493
-0.955222343019
-0.240699487619
0.70896611954
1.5963032997
2.17233051404
2.32002091621
2.07430102036
1.58194145324
1.02990901477
0.577971080727
0.320028505408
0.278171798021
0.416834910133
0.660485099668
0.906802058554
1.0398584318
0.953761537969
0.590907820331
-0.0161210666418
-0.723162206729
-1.29758894377
-1.49235981811
-1.14930395034
-0.286686483126
0.876867969018
1.98665197712
2.68764047791
2.77587762674
2.29426010958
1.52126709518
0.849631523902
0.606504614304
0.899411724134
1.56450469395
2.24647214389
2.57485495329
2.35174794124
1.65726815447
0.817891743126
0.250616680847
0.258879250121
0.881643518648
1.87109450835
2.80943103802
3.30457810122
3.16507578942
2.46699530422
1.48414625952
0.526134565116
-0.222455553897
-0.771196881458
-1.2641535003
-1.82976732608
-2.43429021556
-2.83611925942
-2.68481368455
-1.72508753935
0.00187039306743
2.08004034264
3.82904469869
4.57233082667
3.9421833959
2.06781683701
-0.460549018577
-2.85101672603
-4.47585280036
-5.16298902969
-5.25826288939
-5.41227876162
-6.18661721506
-7.6761231051
-9.35173102851
-10.2312420492
-9.32604191054
-6.16654691638
-1.15200074137
4.46509777468
8.98815754611
10.922930087
9.58537090355
5.40019034852
1.9910433571666601
-1.0820684047785107
-2.30007518149
-3.28882549141
-2.08314325421
0.204459600682
2.23991623981
3.05656747343
2.42146411666
0.835341516031
-0.799908424429
-1.66188824469
-1.39798905647
-0.249204994458
1.1268525565
2.02020942613
2.02478643255
1.21136270891
0.0469650439576
-0.877364071744
-1.15694984036
-0.761119311981
-0.0120925621919
0.617154377155
0.766679279545
0.372026532288
-0.32504587957
-0.931124779307
-1.12695725352
-0.838027080902
-0.260489340744
0.263565062394
0.444932179457
0.206490153858
-0.284167028157
-0.721825164968
-0.844949332614
-0.585671561133
-0.103007334032
0.318261206366
0.443390404489
0.235351072182
-0.113352718639
-0.28728123386
-0.0364570863667
0.659074071789
1.54505383349
2.20223989548
2.25800326266
1.59026213972
0.412796073118
-0.809810785106
-1.58040667078
-1.61180797552
-0.968929682921
-0.0353471434556
0.681016294392
0.804885219224
0.281812563362
-0.599235656604
-1.36060122838
-1.5882990713
-1.15209978734
-0.28022840256
0.549441990357
0.845739844213
0.347582061026
-0.3069259303039189
-1.2544609560006563
-1.9815598161959542
-2.111105611431668
-1.5709366708121024
-0.6063859452166156
0.3608594397826863
0.9481035156908604
0.9890486553649396
0.5878814043254721
0.03412143592598227
-0.3641111271498829
-0.43234833318926746
-0.18715159302281847
0.223054412103
0.126510471051
0.00732499714508
-0.0295633221309
0.185125701953
0.747606856388
1.56939442005
2.3667012371
2.77118048537
2.51256760026
1.57812302197
0.258688262312
-0.954093830723
-1.57829590228
-1.36097685247
-0.399197969834
0.897358958114
1.98455957445
2.41679895891
2.02494056727
0.96120032371
-0.397713010512
-1.6285837486
-2.42708215723
-2.6852795021
-2.46260750651
-1.89243010458
-1.09648911568
-0.162748606706
0.809415894955
1.6460713694
2.08729687123
1.86878409851
0.874838642957
-0.719251737701
-2.41578877666
-3.53215335358
-3.47803665738
-2.05571030006
0.37064899285
2.94891847301
4.65971635895
4.76097499741
3.15469036669
0.489159127161
-2.07918041984
-3.38101575974
-2.77173285393
-0.460315484228
2.53787127139
4.82243188628
5.2243086064
3.3388819672
-0.272673536443
-4.31358430734
-7.3136740558
-8.26834064528
-7.06210786271
-4.48501780848
-1.84078673102
-0.335648941081
-0.535686479396
-2.14195950949
-4.17714984279
-5.48105577499
-5.26990433359
-3.492987009
-0.826588995292
1.67550840991
3.09240814456
3.05602630814
1.88478577537
0.38325830271
-0.5757642855
-0.470948993577
0.65026205556
2.24881564695
3.60578545662
4.19461525667
3.91933755352
3.10392616938
2.25324043873
1.72560984477
1.4999289059
1.16614661474
0.147326428191
0.4574579110015691
-0.2827968745975653
-1.52323886596308
-2.395416380518043
-2.07353249515
-2.51944911298
-1.51155203576
0.273855690372
1.94861002525
2.79564929812
2.55784994259
1.50616383845
0.268258649791
-0.489567003807
-0.372154083116
0.584312560721
1.96411771024
3.19575842656
3.83101058719
3.7460878785
3.17793510562
2.59108305881
2.4477026812
2.99062956215
4.13347396556
5.49650164371
6.56134424001
6.87195772621
6.2002610333
4.62011801096
2.47571983472
0.269086311309
-1.48783011563
-2.41055115378
-2.33602513981
-1.356555633
0.209251884314
1.90106598662
3.23939529528
3.85760788635
3.60636626817
2.59438529543
1.14523590968
-0.320994603285
-1.44050740603
-2.03324070374
-2.15106542247
-2.02502368348
-1.93564855318
-2.06796513524
-2.42216123961
-2.82498969563
-3.03662342369
-2.8976258286
-2.43724957967
-1.88136673829
-1.54917420599
-1.68722969325
-2.32617734844
-3.2388935979
-4.02993406139
-4.31881303574
-3.92848051788
-2.98308599458
-1.86146646742
-1.02459999933
-0.800129408443
-1.23098461227
-2.06449929044
-2.88777004706
-3.34018293961
-3.29388437396
-2.90902955809
-2.53542296327
-2.51252629704
-2.97386915448
-3.76089635005
-4.49492796001
-4.77297302836
-4.38679264438
-3.44992504966
-2.36281017568
-1.62874597335
-1.61055178786
-2.34936786716
-3.53638782692
-4.65126599238
-5.19742225696
-4.91768628889
-3.88740787055
-2.44811156451
-1.02734985326
0.0543683827643
0.689557165161
0.957619548526
0.999194806766
0.87993452322
0.535665468453
-0.161667097308
-1.25646686218
-2.57848311511
-3.72910778229
-4.22577012746
-3.75195367176
-2.38473664309
-0.659528091209
0.602324019831
0.659859769915
-0.742120377819
-3.12943662034
-5.36623683956
-6.05094624924
-4.10147414371
0.714184392989
7.54516371897
14.6528222753
19.9842792082
21.908370802
19.82023783
14.3687330133
7.21487367733
0.42219672404
-4.27306298503
-6.02496885952
-5.06895410197
-2.49813568305
0.249092364063
1.96089237252
2.05484135711
0.678496365552
0.021423197771355262
-0.57627536300933
-0.4645579575087595
0.592090163646
0.919849886792
1.54827613917
1.98587244875
1.89858655171
1.20219337812
0.0452511390564
-1.27960941842
-2.44322892428
-3.16729421059
-3.27875124427
-2.73788114611
-1.64927176908
-0.254522271948
1.10469592995
2.06216451496
2.33245781829
1.81395237346
0.644457976577
-0.825778984928
-2.14673344228
-2.92955898868
-2.99106490248
-2.41883163035
-1.5270418808
-0.722231908262
-0.339173092326
-0.51908406675
-1.17923413949
-2.07697473813
-2.92652982733
-3.50660774986
-3.71053375161
-3.52885120961
-2.99444109171
-2.13882449351
-0.994875519872
0.355835848798
1.73043341281
2.83995735007
3.36404195316
3.08928223183
2.04830100611
0.578463122651
-0.754372778095
-1.3591187738
-0.872873696573
0.650963842173
2.71930186904
4.57163691886
5.48780127456
5.10092118418
3.57278805184
1.54381218508
-0.130569917163
-0.746445986798
-0.0596000273432
1.60347493592
3.48372837229
4.71748446556
4.71014636264
3.39249190033
1.25048531807
-0.879267906378
-2.15503269778
-2.06694712593
-0.627646015653
1.65148672449
3.97324688188
5.55756022751
5.91040246027
4.96354813123
3.05295462031
0.768559817121
-1.25232208729
-2.51287274621
-2.77625309608
-2.10173580526
-0.808346207747
0.613605550843
1.6245274964
1.77449074753
0.836849482325
-1.09705309499
-3.60162603415
-6.00700124098
-7.58977244683
-7.81450403395
-6.54137249029
-4.11208457671
-1.26349731256
1.11471736199
2.29351103519
1.96668019882
0.35390583886
-1.2664648745988103
-2.721140278553989
-3.3567697786882036
-2.9097329306171247
-1.5700821515493004
0.1419224648909676
1.6199501930805411
2.422300666899872
2.4224353305033333
1.8079837282126192
0.9506898359878875
0.22527402052956802
-0.132825386838
-0.80011706096
-1.13726925395
-1.27074575044
-1.28631519469
-1.20686273562
-1.02666059732
-0.763414755413
-0.481014467608
-0.26015507805
-0.134645028826
-0.0415183539597
0.168041285512
0.64477146926
1.42169284891
2.33003447592
3.01650828331
3.08003615654
2.27837077979
0.704153999035
-1.17253067594
-2.64401681802
-3.0479351085
-2.07447552042
0.048029317622
2.5914951473
4.5938753975
5.24740208276
4.23987377028
1.89331701456
-0.966950327784
-3.35676853601
-4.53644327184
-4.29223697574
-2.97493720411
-1.29054972908
0.0459910123212
0.624114595221
0.47332348773
-0.0281757320056
-0.406079548829
-0.36111073088
0.0846061030229
0.635442147261
0.926385884184
0.761316755966
0.247109221312
-0.255288383354
-0.338838961037
0.19713596967
1.19380180835
2.17349579396
2.56605830502
2.01023166925
0.572359641022
-1.24048922627
-2.69458154856
-3.1755350272
-2.49874385811
-1.02725356306
0.469749476113
1.15887810004
0.526882411705
-0.7210431192832942
-2.6282400621457356
-4.289124320871338
-4.892167284081722
-4.0622667617567885
-2.0050834327528264
0.5998218973118554
2.894167698683674
4.182652373272589
4.172526654107742
3.02487749992261
1.2266266760397713
-0.6296914012812493
-2.04681759704
-3.29687348396
-3.70967550458
-3.32105980907
-2.2498082704
-0.689789404699
1.06625868096
2.62361299811
3.55300887171
3.53358547438
2.51531236433
0.807653783506
-0.982897233886
-2.17489201185
-2.31275462899
-1.40511099276
0.0327647031985
1.18383494442
1.31158651343
0.149114456881
-1.90000886672
-3.87133554013
-4.6397624652
-3.4449730442
-0.300578415986
3.9181948586
7.77490864804
9.84793235481
9.33452611674
6.4112862738
2.18163738698
-1.7749006513
-4.05630997082
-4.00682010483
-1.95275497135
0.989541897304
3.43456942294
4.33385373657
3.39551819679
1.14260233283
-1.39122802517
-3.16484411471
-3.58818118632
-2.73140181681
-1.21226703971
0.153685201101
0.750900711714
0.415251687956
-0.564850513511
-1.667525247
-2.43872378691
-2.70923817762
-2.62104145072
-2.46870952508
-2.46376969465
-2.5678218562
-2.49606606858
-1.89270217105
-0.579198543581
1.26935484725
3.13053012554
4.33801519928
4.38943015279
3.20442389986
1.19712061563
-0.883434601077
-2.27544302366
-2.53698202208
-1.72967200207
-0.366257040864
0.849464689198
1.36115305999
1.01187313389
0.0906716930969
-0.841120889984
-1.24995615491
-0.903123182646
0.0202795122364
1.03057260235
1.58362168228
1.35895136555
0.420007198746
-0.820133155036
-1.80485093214
-2.10432795404
-1.61443123174
-0.589127715659
0.501838005139
1.21067940665
1.32106341057
0.925447175601
0.337912698567
0.5563269909692821
1.078607459188845
1.787620151083786
2.3478063465258145
2.387131570039088
1.7094333059611984
0.4277632600972794
-1.0507204856329935
-2.18385425187
-3.15378205625
-3.1637450767
-2.39596239018
-1.29353618971
-0.366518911152
0.0175962689513
-0.233966123074
-0.935959635809
-1.74012748827
-2.30590147626
-2.44547562524
-2.18231569072
-1.70825829644
-1.27197354861
-1.05834188602
-1.11424630911
-1.34725082993
-1.58662144046
-1.66966718338
-1.51125544767
-1.12947544126
-0.625051746342
-0.132739668083
0.229444600055
0.393385925359
0.349990062698
0.139691425961
-0.16555127866
-0.481220437551
-0.727873660969
-0.847913167365
-0.820116393326
-0.666443423404
-0.444081008633
-0.220188467162
-0.0364794638494
0.119873349218
0.320442750693
0.66529103243
1.22616208921
1.98836698645
2.8234306124
3.51474559863
3.83445830528
3.64249238748
2.96235913998
1.99347072465
1.0461006772
0.421603118725
0.28924754035
0.616673945023
1.18880845154
1.70931695247
1.93864475049
1.80350488681
1.42494196529
1.05098328231
0.926867011588
1.16753733409
1.69702762924
2.28657526763
2.67348399432
2.70073337704
2.40483700112
2.00385370043
1.78756176755
1.96289494937
2.53366398978
3.27999980931
3.85500879813
3.95661440194
3.49109204207
2.64324739443
1.8094252598
1.41530020993
1.69947207218
2.56692470739
3.59030626602
4.17181278455
3.80336632029
2.31273511668
-0.0173535705237
-2.51906836424
-4.37926471567
-4.95493395688
-4.03426435845
-1.93336620256
0.613699602053
2.72818379703
3.71288193735
3.30123754564
1.73386987549
-0.360115344798
-2.22071739157
-3.24531921083
-3.19462221635
-2.24440820593
-0.878102352219
0.32216586293
0.8951549947
0.646994753301
-0.319324842961
-1.68327056334
-3.04584675307
-4.0653847629
-4.54160899205
-4.43162969683
-3.81363608932
-2.83147098684
-1.65053241551
-0.437917843712
0.640471307037
1.42412134598
1.77800636224
1.62843450102
0.998458965686
0.0198740471578
-1.09366404828
-2.10921113732
-2.84972967895
-3.24893562241
-3.35941047022
-3.30857947542
-3.22260374439
-3.15518733152
-3.05745962334
-2.80584342983
-2.27597720495
-1.4264929261
-0.349282215858
0.742751192872
1.58979288151
1.98964787527
1.88470758447
1.38975312778
0.74593608421
0.221036226887
0.00168395398674
0.126819368153
0.491134846669
0.912588654669
1.22660909118
1.3573899674
1.33024727885
1.22172171855
1.07913051999
0.859915047378
0.432553161491
-0.351936047781
-1.54965966656
-3.03379675768
-4.48184153909
-5.46390890237
-5.60587485152
-4.75873159647
-3.09325105826
-1.06595574777
0.741419077299
1.84661680887
2.05833500297
1.54609433754
0.751705555255
0.17762709784
0.146798207911
0.646079234851
1.33077677444
1.69479205073
1.33242360728
0.170523136784
-1.44290925054
-2.84669197986
-3.33571145358
-2.48015731089
-0.354783099674
2.42876855369
4.9121970344
6.13444767279
5.49399161963
2.98470173482
2.2099935283960264
1.17925793433
-2.09004319078
-3.79307189578
-3.69733698655
-2.12817032627
0.193787752198
2.42893222857
3.89794866119
4.26666808484
3.58795529349
2.21148604479
0.61709978794
-0.757377743974
-1.63726256004
-1.95585441848
-1.82927208547
-1.48671099547
-1.18504057911
-1.12968633329
-1.41487794645
-1.9915120669
-2.67006000586
-3.16431058917
-3.17409825129
-2.49078714079
-1.09375266673
0.801098458846
2.77079944876
4.29713936392
4.93136904343
4.45521694524
2.97524829377
0.907826577055
-1.14745840196
-2.60345646925
-3.07864109297
-2.51588152967
-1.18408839935
0.433599627248
1.81782387361
2.58743852585
2.60755109712
1.99979665871
1.06409273583
0.15294886878
-0.449752626655
-0.605103697911
-0.335280823932
0.210910988985
0.819308910274
1.27488098271
1.4153935193
1.17029177531
0.584438890027
-0.177268120886
-0.853665965029
-1.14776741825
-0.820517620588
0.20480504051
1.76713710993
3.46325731653
4.73794168019
5.05580656188
4.1022824221
1.93703639575
-0.970677441049
-3.85658879496
-5.89958356496
-6.50324615371
-5.51519930504
-3.29549861994
-0.600182878676
1.68218081536
2.84396795994
2.60355734483
1.1894845683
-0.765768792997
-2.47752754845
-3.30624214125
-2.98628779387
-1.70347675348
-0.000846241269699
1.44083833083
2.05690781476
1.59000020607
0.153720039373
-1.3898479881086274
-2.957474103252224
-4.081932197940631
-4.508059741265171
-4.242410381706861
-3.5055658758201247
-2.6204115314659333
-1.8876102148685874
-1.494761600286779
-1.4839201833651146
-1.774952549329214
-2.2216265006855025
-2.6705529202860987
-3.0002734550748187
-3.13300766418
-3.4277828137
-3.46319711093
-3.23643761426
-2.76903427539
-2.11970489339
-1.39051135278
-0.715556645684
-0.229962032682
-0.0279371817064
-0.126720197734
-0.453659247118
-0.86577439198
-1.1977910472
-1.32164996471
-1.19390332884
-0.870745285939
-0.482976109157
-0.180012465192
-0.0659065677359
-0.154843303309
-0.366164759478
-0.562269748942
-0.613750746796
-0.463284654506
-0.159159733667
0.158287493624
0.313707696767
0.174211291595
-0.285512633662
-0.95875515767
-1.63447919195
-2.06678762045
-2.05874759424
-1.52825187406
-0.532573955678
0.75356828332
2.09298424647
3.24984346568
4.03946329821
4.35233843729
4.15500275739
3.4799218144
2.41689859367
1.11035826348
-0.243844899736
-1.41447011603
-2.17284685049
-2.35004320886
-1.89643380626
-0.918601187146
0.328089458066
1.49780661521
2.24939305362
2.34757358376
1.73481245789
0.548369051226
-0.922554420448
-2.32293448737
-3.33079015879
-3.73731469135
-3.48757486733
-2.67724018662
-1.5146363215
-0.263899331328
0.815997324756
1.52615841077
1.76984906201
1.5750314392
1.08929697301
0.540924089256
0.168245016047
0.133661036484
0.452160679654
0.968095760788
1.40189987969
1.46152341518
0.981612612087
0.0321705788741
-1.05917014507
-1.79747607936
-1.70240106085
-0.515778987832
1.65161144206
4.30447011962
6.69946925408
8.09156334439
7.99867466426
6.38100357319
3.66289184386
0.588099326657
-2.03367972232
-3.58949093968
-3.83657813617
-2.93025943822
-1.31236553571
0.479305329758
1.99706574871
2.99676413631
3.45243363703
3.49203078616
3.30201527391
3.04812365418
2.83670865174
2.71230375043
2.67012928096
2.66505143186
2.61542461146
2.41638878642
1.97840096606
1.28937127952
0.472930632958
-0.200302979423
-0.381547544001
0.211297784199
1.62480038411
3.56077379666
5.40235051345
6.39864862962
5.95439635254
3.90661955733
0.655572400711
-2.93266788735
-5.83558184471
-7.27575581597
-7.03876649827
-5.5563414295
-3.7047860868
-2.40219481136
-2.18975441422
-2.99903422725
-4.22405291824
-5.06912650332
-5.00145920276
-4.07372498255
-2.93444673391
-2.49433446481
-3.3953785414
-5.5474901672
-7.99008291679
-9.19685475817
-7.73035769602
-2.96828019348
4.44116432771
12.6413524513
19.1721355513
21.893840636
19.8464612272
13.6681367169
5.37683475061
-2.4062918084
-7.46767700129
-8.81813777252
-6.97456718646
-3.60449906927
-0.713495257617
0.248749964246
-1.03394565545
-3.72119246448
-6.3233611356
-7.47338428858
-6.58780017684
-4.11170543365
-1.25258710945
0.645246023839
0.768816197841
-0.777437054165
-3.0446396508
-4.72145362326
-4.78001219316
-2.97037381027
0.068507093439
3.12170246095
4.971904284
4.95306020142
3.22506134827
0.654767849609
-1.61931547181
-2.71617773307
-2.3817411785
-1.03713026043
0.491975718835
1.41063486932
1.33296851498
0.426568927725
-0.726532992869
-1.45977282274
-1.36447265997
-0.475269163666
0.778876617445
1.81250854126
2.17502459693
1.74647591178
0.751813426867
-0.39129448794
-1.29245776081
-1.75430793362
-1.80606297491
-1.6094120943
-1.31357029899
-0.958505944899
-0.487177199927
0.14635423319
0.851242603151
1.35211211209
1.27237725172
0.322698536736
-0.7150569699203402
-2.2609601985009817
-3.6675526132280964
-4.259003375801527
-3.634095574477385
-1.8720753529491247
0.4704800891080936
2.5866458986253917
3.7740979051331465
3.7538417850288255
2.7992958231827174
1.60958182662
-0.148765622981
-0.817731241158
-0.384434346144
0.656887773384
1.5532331436
1.66249971154
0.765521435246
-0.829133112723
-2.43565320327
-3.32130383424
-3.05600459665
-1.71456824994
0.16071574032
1.81279558779
2.61206722361
2.32458754447
1.18480283625
-0.250391215794
-1.38470739992
-1.3477338065299307
-0.6771028284835836
0.27074185664839945
1.0114834279806786
1.181006017431855
0.7046997554035954
-0.1869425352944205
-1.0905053580466415
-1.6320899533364752
-1.63499883998
-1.32108201888
-0.798658562215
-0.352718312129
-0.156366359964
-0.2073161213
-0.365584553244
-0.45906451031
-0.390557254662
-0.18569027268
0.0400172525986
0.168371145615
0.163132045499
0.099147252846
0.117798379598
0.335396674333
0.760125245059
1.26958756863
1.66680967719
1.78688045507
1.59520208908
1.21974889486
0.894064662025
0.836870564161
1.13126404401
1.67050703379
2.2047019523
2.46947889301
2.33207876721
1.87686706054
1.37995794455
1.17848145404
1.49598837502
2.31236504578
3.34923065724
4.18711385612
4.46494589682
4.06815144483
3.21164228186
2.36979863935
2.07620527428
2.67826477072
4.15621960019
6.09073391103
7.79944147298
8.5897829261
8.0258074851
6.10172779344
3.25546639324
0.221752047892
-2.21311108031
-3.45974888131
-3.29009942751
-1.87105137764
0.326055877553
2.69102957213
4.6500535839
5.79630765854
5.95011632897
5.15261338055
3.61555042172
1.65305644157
-0.386772412806
-2.18289045951
-3.49281270891
-4.19125839711
-4.2883912019
-3.91902969834
-3.30000255129
-2.66427141783
-2.19174106994
-1.96091086918
-1.93896870438
-2.01260972482
-2.04482236067
-1.93252574299
-1.6414606392
-1.20721957498
-0.708150358846
-0.228324071425
0.169368742234
0.448956607075
0.589204683716
0.567882415435
0.358366680696
-0.0544994476196
-0.646551590519
-1.33259207195
-1.9695480301
-2.39209925582
-2.47077199619
-2.16776541283
-1.56247028737
-0.829801665879
-0.175672667319
0.244823652412
0.390398284354
0.347703410461
0.287450928253
0.37969506964
0.70512399087
1.20278220928
1.68005667769
1.88425434122
1.60834785226
0.788169142562
-0.449047931302
-1.80580410883
-2.8990638135
-3.37864212274
-3.03792734484
-1.88009422663
-0.12011978862
1.87490809441
3.68590791366
4.95137920473
5.45625036514
5.17862239956
4.28561808765
3.08205218592
1.92578459959
1.13055858246
0.880464741591
1.17912516034
1.85016755906
2.59322206803
3.08329130633
3.08535001442
2.5465395823
1.63070554647
0.676038476717
0.0825460334565
0.163337949359
1.01149654315
2.43418886564
3.98551120868
5.09521024625
5.25416130392
4.19342913383
1.99217131638
-0.927485950989
-3.92083437562
-6.31670429002
-7.62188313047
-7.6632960891
-6.62055443857
-4.94203942174
-3.18001464896
-1.80805661689
-1.08693451064
-1.02253217354
-1.42114727259
-2.00925993336
-2.5619838687
-2.98560403662
-3.32345733899
-3.6901401331
-4.17109676115
-4.7393665605
-5.23256630199
-5.40512157815
-5.03573624702
-4.04349032108
-2.55952422335
-0.918034741959
0.436705794052
1.09537241163
0.826210365253
-0.339474555414
-2.11173629715
-4.03423018153
-5.62894736395
-6.53993657153
-6.62605278836
-5.97537470773
-4.84519462809
-3.55815516526
-2.39693599139
-1.53379567599
-1.01202784214
-0.773775365399
-0.712570512879
-0.725014085019
-0.743442176846
-0.744442369058
-0.739335898663
-0.757281355212
-0.829117272138
-0.974184817659
-1.18825835578
-1.4315028768
-1.62028294865
-1.63145380549
-1.32754015372
-0.60365372396
0.555536738155
2.03163054039
3.56652819993
4.81008089668
5.41629799441
5.16018772314
4.0327206862
2.27332154839
0.319111745529
-1.31894083084
-2.21322519255
-2.15483145475
-1.21773134035
0.2719133582
1.84984515424
3.06915970352
3.64119193722
3.51369362299
2.86350963633
2.01302677334
1.30573997305
0.987167427377
1.13072742864
1.628680735
2.24454998554
2.70426565452
2.79405857304
2.4346939455
1.71131867804
0.851812595222
0.160368295866
-0.0754648098749
0.321441019458
1.35080097733
2.81721010592
4.37170228976
5.60465066758
6.163792016
5.85943910773
4.71991799791
2.97585797828
0.977838661422
-0.921775046934
-2.47674708819
-3.60230611592
-4.35812248419
-4.871420605
-5.24021500729
-5.46605225485
-5.45146883844
-5.06533355294
-4.24415842908
-3.07652798091
-1.8221660963
-0.846056361468
-0.48850893508
-0.924860290473
-2.07730384626
-3.62103341732
-5.0863395443
-6.01643554398
-6.11735317378
-5.34206364285
-3.88254040952
-2.08473456828
-0.33198661277
1.05202362163
1.84992762029
1.94927276941
1.32214415282
0.0197021342344
-1.804055468
-3.85689406953
-5.70263617729
-6.82469602517
-6.7673129597
-5.31603946107
-2.64139231417
0.674925239984
3.77392368341
5.78809986698
6.15195342099
4.82752951016
2.34014609603
-0.407202994564
-2.47713780007
-3.26123336637
-2.70919455754
-1.32209185421
0.0909649466474
0.787836496421
0.433819750585
-0.746007401311
-2.07313699568
-2.73443395003
-2.16968779435
-0.351331106086
2.17264235481
4.49469849566
5.72771768907
5.38023428139
3.56174905532
0.931110886497
-1.58297294364
-3.16023512736
-3.39838991285
-2.42515331015
-0.779439831702
0.865921070304
2.00140875654
2.46179922154
2.42100702904
2.22595596522
2.17101692544
2.3357391228
2.56674017182
2.60344568935
2.26957615808
1.61776073473
0.940545486401
0.633445103304
0.976952891012
1.95239867363
3.19577113109
4.1281996762
4.21345705232
3.22532633311
1.39512478218
-0.64019845942
-2.07882427096
-2.28511009171
-1.06793969655
1.21639092261
3.78388365648
5.7159508549
6.30335394879
5.30009260727
2.98937555292
0.0465463729258
-2.73196920614
-4.71570678437
-5.63014407323
-5.58858234528
-4.9768249305
-4.25987994225
-3.80066748994
-3.75957417027
-4.09601778322
-4.64467270937
-5.21238244398
-5.64619274698
-5.85103869647
-5.76913545778
-5.35333181344
-4.56415240282
-3.39892381571
-1.93535134933
-0.357093423438
1.06580830191
2.0460038404
2.373979244
1.99833072558
1.05293349869
-0.184979420802
-1.39080591168
-2.30308808075
-2.80287483025
-2.93119200078
-2.84227483313
-2.71828333258
-2.68594226631
-2.77093152684
-2.90540074076
-2.97839873374
-2.90057868341
-2.6511555904
-2.28686922524
-1.91262498891
-1.63140787168
-1.49885324118
-1.5030173965
-1.57611622553
-1.6297079992
-1.59518076103
-1.45110933403
-1.22696913112
-0.984194709838
-0.785141078268
-0.66437536729
-0.614191666507
-0.589340650715
-0.528027503
-0.380260782055
-0.132319917603
0.182310404741
0.490511035742
0.704170525862
0.754057020021
0.620641914052
0.349037315432
0.0396314776331
-0.185195084186
-0.227506931392
-0.0550625486587
0.281513187399
0.666279115072
0.96617471139
1.09070639974
1.03602609637
0.890667414236
0.796510040834
0.880158162412
1.1864604365
1.64817739571
2.11086251608
2.40555134951
2.43628181982
2.23824238392
1.97294223973
1.85609804184
2.04866251593
2.5640186374
3.24172475834
3.80900216896
4.00777705343
3.72853437827
3.08213139443
2.36501571374
1.92309531517
1.97202584679
2.4605681636
3.05204033434
3.24862387354
2.6156441198
1.00955201416
-1.29863375089
-3.67409379772
-5.33831413351
-5.67582705515
-4.49988410643
-2.15976182791
0.564044243798
2.74070163879
3.63372072574
2.96885993797
1.01737998508
-1.53408540957
-3.86567216397
-5.33604319666
-5.69555522552
-5.12256326383
-4.08555396619
-3.10801512088
-2.54750904233
-2.48234450671
-2.74061339602
-3.03737783369
-3.13954976906
-2.97456067446
-2.63643473558
-2.29977516371
-2.09879904705
-2.04223003766
-2.01073111889
-1.8361138005
-1.41640558375
-0.801327432008
-0.198188534541
0.110162404752
-0.102241606266
-0.886031371926
-2.07076085765
-3.31601528469
-4.23752267679
-4.55177262083
-4.17567667074
-3.24076617028
-2.02201183147
-0.819427253021
0.15159626067
0.814759472958
1.21592081773
1.45365847959
1.59917679652
1.64829982498
1.52851160318
1.15457228665
0.501795962723
-0.34230884629
-1.17690123321
-1.74271308393
-1.81332921913
-1.28680758717
-0.240119535885
1.07804360351
2.31846547327
3.14579053299
3.35850321616
2.97170361059
2.22839269788
1.52597171333
1.27337935183
1.72261609968
2.83612964074
4.24936014158
5.36153952121
5.54240052721
4.39232133903
1.9590887553
-1.18568802332
-4.06635325341
-5.60279297879
-4.99641887672
-2.06031389067
2.64376522644
7.935214845
12.383422576
14.7885820721
14.5937599357
12.0661153131
8.17278013345
4.19928313006
1.2640186508
-0.0752284843852
0.0328438235449
0.883497128389
1.58475821896
1.47597460593
0.412592040987
-1.20016805722
-2.62615207104
-3.15892850776
-2.45568537684
-0.696389363378
1.49351074257
3.30924324169
4.09320355846
3.57625423715
1.93883421661
1.8359085355795912
1.7156952135994459
2.043657143847227
3.03124021915
2.13160719314
1.69956235753
1.56633721984
1.6282622767
1.83797247923
2.14361378439
2.43563648738
2.5514994071
2.34612069667
1.78709951093
1.00940385393
0.281025635832
-0.118612750408
-0.0502962142138
0.387721247387
0.881151806446
1.04383454345
0.619198260251
-0.366104398952
-1.58619335166
-2.56057189168
-2.89656783445
-2.50773824689
-1.68854087437
-0.992784809306
-0.964372826487
-1.85180009976
-3.45684595084
-5.20790364079
-6.43552439436
-6.71808165111
-6.11739167887
-5.16775885191
-4.60136948548
-4.93161805124
-6.10316806724
-7.40419271945
-7.72122731437
-6.0508739388
-2.04481174146
3.67438099545
9.60341887515
13.8548397009
14.8723094153
12.0661998463
6.09191497163
-0.2973118557733869
-6.054484004926337
-9.42557822353092
-9.620589487883265
-7.017582200479239
-2.9002784472394723
1.1321312325739825
3.8142334998960905
4.649044788236495
3.9700498155270054
2.649168874268568
1.6223741546946968
1.4662568639167688
2.2079822289601196
3.42128406878
3.81093570523
3.66457997717
2.91148370314
1.81319232289
0.777457107249
0.127326307662
-0.0438355704755
0.137336914497
0.463138994091
0.814584305107
1.2509428278
1.96000619509
3.09589712663
4.60192450822
6.13160326902
7.13203557409
7.0661916177
5.671290709
3.12258980499
0.0117145917909
-2.86297328414
-4.80422710769
-5.48295832366
-5.04406293998
-4.00753972957
-3.0178444036
-2.56258519667
-2.78910503928
-3.493046082
-4.26632901194
-4.71750070344
-4.65118044589
-4.12519765977
-3.37381014505
-2.65481983797
-2.11169739814
-1.72419990759
-1.3652693134
-0.920575784941
-0.393653231886
0.0688210625311
0.248623453749
-0.0156870959503
-0.717658723972
-1.65493241294
-2.50510287715
-2.96924086812
-2.90934176861
-2.40833776319
-1.72208800573
-1.1496212723
-0.890057051092
-0.959610566719
-1.20783792048
-1.41801716338
-1.43208993486
-1.22994906033
-0.921270516875
-0.659242738386
-0.530669563835
-0.490648444371
-0.384400829598
-0.0478264530913
0.569630133738
1.3338157158
1.95644149685
2.123347274
1.66071895551
0.65270517876
-0.557968412794
-1.49900265792
-1.77387647298
-1.24807181086
-0.124735204244
1.13190611676
1.99527752204
2.10850598964
1.44408061453
0.318615369524
-0.742853727785
-1.23032065303
-0.859895396907
0.317768940321
1.9518261477
3.54358897784
4.64343747084
5.0073413906
4.65532805074
3.82339770607
2.84610113153
2.02872981833
1.55972073281
1.48495456659
1.73423759431
2.17238464073
2.64855646117
3.03158734493
3.23338851343
3.22694975253
3.0586447473
2.84428074907
2.73573129531
2.85625478674
3.22374271013
3.69924384875
3.99883602835
3.7840084601
2.80670466133
1.04928252674
-1.21175393798
-3.46499722073
-5.1396995182
-5.83232161679
-5.48464371142
-4.42520807904
-3.24187107589
-2.53057621685
-2.62768368295
-3.44849996496
-4.51230855075
-5.1512608848
-4.81481343937
-3.33390208769
-1.02366035212
1.4251045856
3.21997061705
3.78589890339
2.98944922736
1.17369725287
-1.00322135013
-2.84520449785
-3.88313615391
-4.01418044266
-3.46796144456
-2.63598272029
-1.861036019
-1.29249861919
-0.870025308415
-0.426995984459
0.156405413135
0.841728977362
1.42568276434
1.64141905955
1.31082960256
0.462999416336
-0.648330481937
-1.64229048674
-2.17717037016
-2.10329923427
-1.5268342176
-0.753628954308
-0.142020097092
0.0626118486401
-0.168069312393
-0.649475683235
-1.08885771768
-1.23488182911
-0.997617812931
-0.483193675458
0.0680781827672
0.404360401828
0.383746146923
0.0380982942694
-0.445256360364
-0.808349454873
-0.830181816462
-0.40943202456
0.406750542352
1.44833866141
2.4804385907
3.26558192776
3.61172839642
3.40315579857
2.62154096869
1.36265687366
-0.156875365794
-1.61839487942
-2.65992820521
-2.97319520865
-2.41327264789
-1.0772416805
0.690778784257
2.38641582681
3.50277355856
3.70271804539
2.93613245598
1.45088218883
0.28995075639625156
-0.6835752565757645
-1.159202550049855
-1.0775217516343218
-0.6164086561282147
-0.07861068424344353
0.2621288892144662
0.2841737710549239
0.05768982733526684
-0.208429667182358
-0.277157812265
-0.694390630275
-0.738055792828
-0.507145043461
-0.149572464122
0.215699544257
0.54118562011
0.840246955349
1.13881954401
1.42676883806
1.64408716739
1.71312273874
1.59673773651
1.34284626586
1.08062058328
0.961124494388
1.06997912809
1.36134319794
1.65683763287
1.72083814458
1.38098654986
0.633219029701
-0.328051972299
-1.17973806787
-1.61390522931
-1.48814102229
-0.906010534515
-0.181783631757
0.299880037418
0.264437671251
-0.320069590581
-1.22579559778
-2.07394986566
-2.51679338699
-2.40151898914
-1.83271030528
-1.10156747108
-0.519519431438
-0.245291303796
-0.200200950177
-0.121696414078
0.268408195285
1.06911804887
2.08783447712
2.88297951017
2.95667348702
2.01169603519
0.144935520094
-2.12958544132
-4.05797874395
-4.95635841086
-4.51531047881
-2.95437659935
-0.945520819529
0.669640578396
1.24567606293
0.615868922872
-0.840466741443
-2.38002577299
-3.24508284087
-3.01929040203
-1.82359484047
-0.259250660039
0.877727415258
0.979446719749
-0.0712584248413
-1.82027354436
-3.42414959272
-4.01528590669
-3.08819573723
-0.736096714071
2.36458863427
5.21162167788
6.86117256079
6.77359663088
4.98016965954
2.01523216257
0.8084190868998888
-0.06949802534009564
-0.2072876112391242
0.429323385316
-0.498495115499
-1.20169323593
-1.86517744767
-2.45650426654
-2.76977702131
-2.56942228315
-1.751246031
-0.436040444396
1.04963445987
2.29247930571
2.95077795213
2.87713609779
2.15376171658
1.03425382023
-0.170110039859
-1.20105708954
-1.91333662683
-2.26993402702
-2.29458843836
-2.02295018012
-1.48676651688
-0.738200509079
0.109181736268
0.861543926197
1.27724430974
1.1500112528
0.408670060827
-0.818467934987
-2.21662630588
-3.38255541415
-3.97244295145
-3.8360593188
-3.07488020167
-1.99468900163
-0.972345778345
-0.297913000942
-0.0658917558844
-0.165569778369
-0.371251272508
-0.482635154687
-0.439554765871
-0.347853936457
-0.399287274254
-0.725519220229
-1.26540135868
-1.72445203262
-1.66361476615
-0.689775236331
1.33540319498
4.17016998726
7.22192782951
9.73406658683
11.0592926283
10.9036063592
9.43265724398
7.19076696454
4.86659963696
3.00953999026
1.82392948512
1.13251624237
0.521617784316
-0.40484623807
-1.7868389813
-3.40250532248
-4.74953818034
-5.27818812313
-4.66651068215
-3.00551942822
-0.801558316728
1.21257944336
2.37670086873
2.3784849168
1.37991903611
-0.0632774187568
-1.2533781536
-1.65989995967
-1.14706086829
-0.0180575422013
1.14146383669
1.74734875603
1.49797096915
0.524418808245
-0.658506889387
-1.37965242903
-1.11776331244
0.246736256548
2.34357254248
4.42719194803
5.64882291047
5.3778327465
3.44733338434
0.232229005463
-3.46536912014
-6.67663209496
-8.57635159442
-8.73612809019
-7.24055196455
-4.63780130732
-1.75128970289
0.580084109104
1.74946937693
1.54389162
0.17714896124
-1.5026995538689647
-3.1275198440380336
-4.116074871731996
-4.165513470752757
-3.334976034080384
-2.0008393601183485
-0.7005073330889786
0.07791622118389796
0.0811107172402501
-0.6203133441660782
-1.6741897920213944
-2.603316964046371
-3.0109927328260966
-2.748532552438064
-1.9728896504044968
-1.069818887745953
-0.4774541466170632
-0.48987016852619547
-1.1290138381520478
-2.1413790680878577
-3.1174350238077295
-3.674693814903563
-3.6169904646767606
-2.9968911543652013
-2.0579782615428854
-1.09403464218
-0.651707348211
-0.406329250547
-0.24087849843
-0.0103859347876
0.331480752823
0.671518040907
0.784406989461
0.469407820141
-0.29731220618
-1.2852207517
-2.06470796335
-2.18527564229
-1.39817753423
0.187607515462
2.10388967393
3.69309104826
4.38122459676
3.9298105318
2.54558690854
0.790484243288
-0.670883699523
-1.36930504482
-1.23341514647
-0.59986361807
-0.0273122619546
-0.00601465260353
-0.705809313448
-1.88614569857
-3.01148155158
-3.51389565279
-3.07262678995
-1.77329517145
-0.0707530401798
1.42246691988
2.21486437491
2.14464836427
1.4205129967
0.483830636184
0.06775094467501219
0.09563040688613
0.4900403248198586
0.9591294016471039
1.1881614672706036
1.0296362718023602
0.5874626573748856
0.1523588238689939
0.029197861936324898
0.35667706964834167
1.0230338032926056
1.7269110933214762
2.1499862706635753
2.1432591768815996
1.8183851648200005
1.4862764102868908
1.470754343981369
1.898702650648005
2.5883128494735814
3.1098951929372163
3.0019547549871817
2.0368279855317155
0.3935913735208203
-1.3659877043056667
-2.526064068890207
-2.5503168501301587
-1.3590540683976542
0.5937077034661797
2.4943685739349064
3.523619350150142
3.2268517862210615
1.7243271630481587
-0.342116611208
-2.34141195677
-3.33434586304
-3.09738515815
-1.96117077698
-0.622958261238
0.208636078172
0.160179404552
-0.637349338797
-1.63481691691
-2.15770197275
-1.75600130632
-0.437336014063
1.32900813621
2.83408749132
3.46386900797
2.9816141312
1.62457538318
-0.0232206791509
-1.31061325023
-1.81046310287
-1.48455094585
-0.654650516459
0.189224398699
0.636247701286
0.533480759963
0.0174908599784
-0.598234575167
-1.00504588466
-1.04842651816
-0.772241590959
-0.350048800125
0.0417658260556
0.327734366509
0.554393818092
0.823848548754
1.18939701821
1.58531031384
1.84094101666
1.77650011964
1.32543257003
0.607556030081
-0.0988237975819
-0.481302683292
-0.352685511212
0.241327333108
1.02976811005
1.64316029028
1.79819434014
1.44473285187
0.79585213897
0.221392987071
0.0576005439167
0.431263624373
1.19104331975
1.98343702282
2.43477808281
2.34418664501
1.78591376853
1.06708779918
0.563587600691
0.521835962473
0.932737038588
1.54542324896
2.01305020069
2.09074571868
1.77591841724
1.31032739169
1.03709736173
1.18564333996
1.70073336016
2.21466818881
2.19118765648
1.18150766865
-0.928076263599
-3.79969186737
-6.72251975514
-8.85986732491
-9.55977096696
-8.59612385254
-6.24151173799
-3.150717202
-0.116251467707
2.19462778917
3.41768680455
3.5318458234
2.77635113889
1.50829647644
0.0731294446719
-0.88555812888427
-1.5828230978927564
-1.9316026490195952
-1.9133535717839294
-1.5853278770868684
-1.0896752815672812
-0.6344233127179422
-0.4292355894495472
-0.5912793370687979
-1.0671752365122273
-1.6232270791365835
-1.928710583299221
-1.7073880728359967
-0.8877650491437947
0.3292067672902448
1.5334030498072906
2.283570263167107
2.32024998329
1.26162359873
-0.0718115803005
-1.15934372834
-1.58325405801
-1.23448905793
-0.367397253176
0.531349468087
0.998195539341
0.842081984719
0.254125322853
-0.28818209373
-0.281403519727
0.510316225194
1.8858592875
3.26268725748
3.9450391367
3.47920448713
1.91619075233
-0.16163952342
-1.88108808496
-2.48278476225
-1.69855211535
0.0860448701501
1.9739026138
2.94796434672
2.33470032644
0.123725134462
-3.00683111839
-5.97183660562
-7.7370020963
-7.74308116916
-6.10797757951
-3.52792236821
-0.941013492483
0.878617257499
1.60869742465
1.43264040304
0.864087513914
0.454627248238
0.539182368014
1.13427956436
2.01105343462
2.87094038173
3.50775192103
3.86523315091
3.97474530603
3.83655912992
3.34341756459
2.3159823785
0.643965310317
-1.55031616282
-3.83980800741
-5.58763576769
-6.19454763603
-5.39061783126
-3.41952854478
-1.0002297374
0.945498899265
1.69046917822
1.0408415681
-0.553467148761
-2.1854794961
-2.902445374
-2.15692995319
-0.0867234550538
2.51203705674
4.51210996415
4.9360214317
3.37315461566
0.148165915219
-3.0764057905372226
-5.930580422217645
-7.526409317672204
-7.5062920982884265
-6.090191130543545
-3.883898788394845
-1.569757677005427
0.3602361131806049
1.7138460820885513
2.533402052363911
2.9341772378872832
2.966343862860242
2.589934568683944
1.7710033211818086
0.624425513667
-1.30814120613
-2.7161384724
-3.12138643177
-2.31802848545
-0.526509990775
1.63821852611
3.39218268566
4.10755107834
3.58487628615
2.1377350913
0.443158735951
-0.7740885228
-1.07242454608
-0.480344252391
0.548607913407
1.3856133949
1.55323503787
0.965359107357
-0.0367548217509
-0.865587494403
-0.990794454589
-0.212052345854
1.2320090902
2.76725999449
3.74308919156
3.71780975808
2.63622463962
0.826063175154
-1.16775121993
-2.81698010418
-3.7967135156
-4.04796961321
-3.71246285396
-3.00148374658
-2.08467710604
-1.05737916997
0.0129303045275
1.01318614634
1.75226196654
2.0078837309
1.63535609379
0.673046202017
-0.628909405239
-1.89187707675
-2.77420823077
-3.13493763549
-3.10175233598
-2.99358106986
-3.12599995215
-3.59759413891
-4.17730996598
-4.37028645104
-3.65051905046
-1.75737633472
1.09202513805
4.19429560277
6.58304952865
7.3998658239
6.25187132916
3.3928289148
5.9196210423
2.51493921264
0.199258450416
-0.59393340941
-0.0147223752473
1.34852461519
2.77985584425
3.75783158218
4.14135875965
4.1475133122
4.15481675536
4.44726957167
5.03436348354
5.63433136913
5.81997436275
5.24463108246
3.83044365583
1.82655671873
-0.285631619179
-1.98734316448
-2.92082965759
-3.00205681037
-2.40857774704
-1.46722668695
-0.509904291182
0.230798627505
0.648228915594
0.72140563948
0.454100908086
-0.156880703481
-1.10161505054
-2.30223474401
-3.56801447172
-4.60400572255
-5.08789052856
-4.78956567969
-3.67963135181
-1.9726156184
-0.0789467538726
1.51856566256
2.41440533316
2.3979296443
1.49900861369
-0.0440793435624
-1.86918818715
-3.58855305477
-4.86944309123
-5.48526831844
-5.34213804822
-4.49011065971
-3.12000988429
-1.53557381767
-0.0893065907493
0.915387643984
1.3292815412
1.22472483043
0.88318620329
0.689789105705
0.966540107302
1.81400494875
3.03941143375
4.21761550181
4.8708876768
4.69232427753
3.70799453621
2.29356603632
1.02620895557
0.43236115409
0.746780682256
1.79876049655
3.0842193053
3.99377155635
4.09021470318
3.30308852908
1.94730454028
0.558787845463
-0.369977267155
-0.622923622387
-0.347631424833
0.0429297147415
0.100155130479
-0.418094262427
-1.41588010905
-2.50208700203
-3.18177120243
-3.095504692
-2.1856115378
-0.710547307736
0.889975949684
2.20023585166
2.99434688983
3.28240860575
3.22831076565
3.00336981986
2.67284967111
2.18705385859
1.47995676147
0.606382269037
-0.18337271977
-0.503267320541
-0.0198170651528
1.32060415508
3.15629038006
4.76775426137
5.33815128775
4.31754437804
1.72296075701
-1.78243247574
-5.09495865029
-7.09204080807
-7.09262974928
-5.15071636148
-2.04501163754
1.03617829011
2.97699122828
3.1699874601
1.71782638816
-0.675687102882
-3.05737372937
-4.64480989772
-5.1209941098
-4.68323700358
-3.85211416011
-3.16052941604
-2.88949295261
-2.97707038304
-3.12594190265
-3.02878768483
-2.57481977934
-1.92171487991
-1.39966158579
-1.31073855875
-1.74413129485
-2.51553058559
-3.26597378832
-3.66326889392
-3.58979432733
-3.20712443818
-2.85707575318
-2.8521110845
-3.27348398578
-3.89574412418
-4.28942376478
-4.05507162338
-3.06489465597
-1.57626847545
-0.143336889747
0.641874778588
0.453854213504
-0.573082122307
-1.86991367525
-2.67690264446
-2.39595818145
-0.882844871407
1.46399342618
3.86432245674
5.49268693226
5.83274001977
4.88520700676
3.13865677437
1.32720000391
0.0982083241719
-0.251676335818
0.143136403739
0.840203092569
1.336889933
1.31259837001
0.751637253472
-0.095622087343
-0.870614965881
-1.28702476786
-1.2399468314
-0.80195829963
-0.132571873825
0.627557125701
1.40854147934
2.18467865779
2.90201172663
3.42631999046
3.5662958241
3.17605956935
2.2820973008
1.14970411157
0.225319123803
-0.0434688220421
0.566607882329
1.90164503398
3.44762639843
4.53617660082
4.65867839208
3.74061358697
2.23100846292
0.940724729012
0.683520885544
1.87691485789
4.29254374072
7.08724626038
9.1204430941
9.42884394704
7.6507360447
4.2083610523
0.16229949816
-3.20226671338
-4.87904716485
-4.51905611893
-2.52983951379
0.131370587825
2.36447409043
3.34929679897
2.80964650307
1.02989253038
-1.34764998766
-3.62494446823
-5.30473237785
-6.20073871013
-6.38673683719
-6.04967395598
-5.34736790398
-4.34934570868
-3.07831434591
-1.60635408976
-0.129033378902
1.04309214165
1.58462447765
1.29980955812
0.23448935854
-1.30841953153
-2.86614274228
-3.98568394903
-4.38999064413
-4.06759676833
-3.2508956095
-2.30083355566
-1.55602761871
-1.21355740736
-1.2855969934
-1.63562134203
-2.06216916832
-2.38395209725
-2.49095041986
-2.35189368877
-1.99266533851
-1.46976707658
-0.855578137536
-0.235872468166
0.292552008709
0.636590159892
0.734917538474
0.586196524929
0.25806859563
-0.134628185322
-0.476148190752
-0.697650001527
-0.799488359507
-0.833815025138
-0.85669937739
-0.878969554168
-0.848418452872
-0.678942292276
-0.313173837903
0.218758363018
0.784890430513
1.19994438898
1.31833035057
1.12252814234
0.752686382566
0.450285706559
0.43577615511
0.781867284542
1.35537234694
1.87077471318
2.04007474799
1.74605394937
1.14269666295
0.614456611522
0.595803658664
1.33020433058
2.69154029527
4.17329618592
5.07459356075
4.81207200237
3.21345243214
0.643362407448
-2.11659663321
-4.1941423838
-5.01304208763
-4.55412932698
-3.3556121512
-2.24011798544
-1.89195367669
-2.4897536279
-3.58291643818
-4.28825382212
-3.72735905511
-1.50095204211
2.03306623563
5.82736426595
8.54795283042
9.13991891622
7.30000365851
3.6355727688
-0.569781326007
-3.88364559274
-5.31045572062
-4.6756277365
-2.64388137439
-0.377274543844
0.998596153868
0.87208083643
-0.642999788617
-2.83718162955
-4.78942234808
-5.80612912035
-5.70519433142
-4.82563927129
-3.78568010075
-3.13333548148
-3.07534472018
-3.4158779976
-3.71888920097
-3.59010613821
-2.91711326509
-1.93602231971
-1.09201474212
-0.774711730709
-1.0776544783
-1.71877914439
-2.17288823787
-1.9531673298
-0.896439571071
0.70081480656
2.177001346
2.79677040328
2.10481678708
0.17209079785
-2.38828881715
-4.65090508289
-5.75418238461
-5.25562883864
-3.30995386212
-0.596317654325
1.96567378119
3.58094667065
3.86707016031
2.95204256943
1.35954917911
-0.247355779614
-1.34041678811
-1.70202076196
-1.44455839443
-0.891373935673
-0.394683861846
-0.180413260614
-0.281146750832
-0.566529111507
-0.834049954382
-0.903920087221
-0.674496645764
-0.1270421516
0.700428812345
1.73810132589
2.88677859182
4.00089326084
4.87643002076
5.27183239822
4.97301514053
3.88526562014
2.11159515788
-0.0266188181388
-2.05084451714
-3.45728963046
-3.87455902028
-3.1867006426
-1.57223305705
0.557293126802
2.69541689477
4.40209194768
5.42809346954
5.76055980752
5.58155183896
5.16573747498
4.76376003518
4.51749756416
4.43467026575
4.42287939745
4.35931999471
4.1612843045
3.82699535375
3.4324956903
3.0903180304
2.89109773759
2.85462856828
2.91113908903
2.92010305876
2.71856820869
2.17981575941
1.26013148196
0.017220103611
-1.40444815969
-2.81334730041
-4.01923675167
-4.87291433042
-5.28683023768
-5.23649243047
-4.75136774907
-3.90639026817
-2.81998655894
-1.65488663212
-0.610130822668
0.107431410118
0.334196195685
0.00988912434663
-0.779778360786
-1.80561435978
-2.75579117822
-3.34197045322
-3.41156565533
-3.01540037891
-2.39220886278
-1.86560700558
-1.69147622095
-1.9236596232
-2.36620309401
-2.64660194454
-2.38905861701
-1.41472104769
0.126306218596
1.76427540051
2.87332570221
2.92959044008
1.75362743752
-0.375397658281
-2.79556192653
-4.70666436559
-5.48399062366
-4.92650447358
-3.33002946726
-1.35240113533
0.269610754182
1.02577504579
0.826242613785
0.00312134559545
-0.871517988288
-1.25980450252
-0.895713902401
0.118234556656
1.38791117777
2.42815264503
2.88382340708
2.66849103953
1.96770111923
1.12464280982
0.480214882677
0.250648841057
0.492003544141
1.14462111758
2.10577803329
3.27089581925
4.51577491168
5.64311222701
6.35286471826
6.29227499509
5.19551062095
3.05917682994
0.256699642374
-2.49751379134
-4.35983231495
-4.67943278754
-3.29297060299
-0.644283104388
2.35241743965
4.67060218689
5.60287877046
5.06788751424
3.63852931649
2.26126083783
1.78444044709
2.51443143014
4.01840026071
5.28619135577
5.19637723186
3.08175494659
-0.869608900876
-5.57801745058
-9.4401139463
-10.956394793
-9.3512381928
-4.91630446839
1.07200474146
6.82392096823
10.692494126
11.738886738
9.98431106503
6.27490964825
1.85739014566
-2.12257061297
-4.97903605302
-6.57506373965
-7.15826004993
-7.07656752642
-6.54628661333
-5.59022158886
-4.15302895637
-2.29582779678
-0.328943707753
1.21896032791
1.79928778985
1.11202195501
-0.702006122895
-3.06064729587
-5.15218158325
-6.26986864912
-6.11293586581
-4.90899860552
-3.2975729274
-2.02971365036
-1.62687840427
-2.15923241559
-3.24243384026
-4.24446834846
-4.5945994756
-4.04356636685
-2.75645358792
-1.2075863047
0.0560803744505
0.658983942108
0.532290204857
-0.110548674682
-0.924233846315
-1.6145773608
-2.05507255795
-2.2857811984
-2.41449170522
-2.49447360932
-2.46130722878
-2.17058507233
-1.51348734081
-0.536149081979
0.518853452736
1.28939060347
1.46177945427
0.945903668075
-0.0397369165764
-1.03035942414
-1.50804794502
-1.13931594894
0.0579898042922
1.70441610698
3.21737089223
4.06812139912
4.01755642814
3.21931707322
2.14152613373
1.34461182842
1.22052058781
1.81536340448
2.81608154508
3.70325246218
3.99509997043
3.46850091922
2.25811529188
0.794776944739
-0.381523431556
-0.845569303633
-0.449945779675
0.635669096787
2.0126961312
3.21922815047
3.89782512213
3.90128319937
3.30841301036
2.36270063284
1.37279265377
0.616593208658
0.275236770311
0.402473199486
0.921751164687
1.64243732022
2.29361062088
2.57902780243
2.25263543177
1.20063467893
0.8697521132785511
0.17105476466761615
-0.48047242906629606
-0.657899443036
-1.51355229138
-1.54292086454
-0.948764818948
-0.115588396051
0.539769324923
0.727959289842
0.390104010681
-0.298931297576
-1.02548186789
-1.48505042844
-1.51563744791
-1.1579004783
-0.619474312679
-0.165825200999
0.00728362250925
-0.140782640796
-0.489484667509
-0.828202751472
-0.96597594658
-0.825369697416
-0.476561485156
-0.0983509095145
0.112220329024
0.037228740503
-0.303016601017
-0.754526376464
-1.09350460366
-1.11966775503
-0.738678562218
-0.000921954210668
0.91586489573
1.76960839713
2.33601882753
2.47937924348
2.18923607182
1.57456623376
0.821785990043
0.133362975235
-0.33238205829
-0.502201979001
-0.39869083653
-0.119721963353
0.204762542635
0.462559699847
0.597214255386
0.620066368377
0.592359254842
0.5861404435
0.642549747909
0.74803142031
0.841081528069
0.847186440623
0.724578322654
0.496246352707
0.248965622687
0.0963492989289
0.122354888009
0.333977291702
0.649612538883
0.932653688193
1.05625410615
0.967255749653
0.715354200353
0.429990397985
0.254595701565
0.271521372867
0.457938101164
0.698188010423
0.848229940284
0.818513879636
0.629249635508
0.40472205083
0.305744707614
0.434756037929
0.766697122222
1.14875782502
1.37653397773
1.31084298441
0.972008598434
0.553730083426
0.336971356447
0.537769443156
1.1637034277
1.95859384929
2.47777636405
2.27291454332
1.10681136323
-0.904134576322
-3.29491282491
-5.41265650142
-6.66680350534
-6.75692544802
-5.77447898876
-4.13392920367
-2.37078044026
-0.908165937475
0.0930157853114
0.730477116551
1.21465386678
1.66758241788
1.98427845033
1.84265467365
0.868690263807
0.7295268107516364
-0.23782223793408264
-1.446760132809942
-2.09248742154
-3.32021060089
-2.96988876096
-1.2980997701
0.95447898299
2.85237766531
3.64321713423
3.05782161118
1.40050399494
-0.606585831533
-2.14932858531
-2.66739437914
-2.06667948581
-0.713381820971
0.770852788477
1.80359164885
2.08403376767
1.6776373977
0.921612117054
0.217877105291
-0.17164506956
-0.225217191466
-0.117959406011
-0.0743133102588
-0.207920556833
-0.441251819095
-0.548762793527
-0.297334720198
0.395904179622
1.37778422181
2.29635152558
2.74730028675
2.45873341148
1.42357069774
-0.0846952396042
-1.61949783815
-2.73971759287
-3.17630290722
-2.91501421269
-2.16764504275
-1.25741731939
-0.479709136201
-0.00140241440327
0.166096137485
0.125567983649
0.0202493861897
-0.030267882917
0.0405421785597
0.249826789443
0.581781716919
0.99593113491
1.42187514358
1.75388607845
1.86611957495
1.65835577073
1.11883515949
0.370135132159
-0.338413112197
-0.706917017796
-0.508576682017
0.292114725614
1.48727483235
2.6760070011
3.40662877938
3.35339353993
2.4487362427
0.908876691206
-0.860501161406
-2.43444201871
-3.53407793116
-4.10980671657
-4.30727785657
-4.34105919616
-4.34737476043
-4.29622388528
-4.00989169448
-3.27696993835
-1.99920764154
-0.290278812742
1.52950209156
3.043790681
3.90224614247
3.95381335735
3.28739613535
2.16561475881
0.892903832786
0.4315414018325754
0.12419627761428842
-0.04835743439721796
-0.11779273439393023
-0.04837025946622475
0.27429948877647803
0.9715262783565777
2.0571653981009774
3.3544056432621545
4.508588003585544
5.111721498193788
4.890309465295417
3.864665299525683
2.39125760735
0.136320857348
-1.40328174395
-1.88490870679
-1.3450099493
-0.172410116225
1.0730299962
1.90830862333
2.12169823227
1.82252102543
1.33026544523
0.969424829308
0.882997892877
0.963931437872
0.937418754575
0.543579739073
-0.285349015769
-1.35637199714
-2.29872613134
-2.75665299921
-2.58655621891
-1.94658855118
-1.22235120185
-0.821507652041
-0.944821164561
-1.45985030761
-1.95378856371
-1.94796266595
-1.16737839498
0.27729978091
1.89926060288
3.04462007188
3.20461714939
2.27603643932
0.634773157877
-1.02230391787
-1.99610953003
-1.91112499077
-0.88848562496
0.518820390762
1.59581108174
1.8058969511
1.03364937742
0.3291308308587446
-0.43266333706665705
-0.7136171417670454
-0.29371256768236265
0.6414331184954705
1.6288841844356199
2.1973753127835636
2.1299828981167366
1.5800811048512315
0.9807243732020652
0.7988529138413725
1.2686351380721277
2.2491314330435017
3.2848768959614745
3.8395148747056425
3.5799010559676674
2.560309576860803
1.2082447700092729
0.11747093488219207
-0.24480382007362778
0.23538529947632014
1.2752236172672866
2.3553777292349025
2.997868254417483
3.01446458963
1.87107904811
0.745897244679
0.101116473527
0.150982239758
0.742438994261
1.43760366736
1.75437413913
1.43597304351
0.603276509514
-0.295242870313
-0.714134015251
-0.303731784136
0.888349842367
2.41491952595
3.6314506915
4.00205670254
3.35419621966
1.95326762447
0.36113457214
-0.846278812928
-1.35580688426
-1.24710149513
-0.913556813645
-0.82226392142
-1.24521930805
-2.10745046835
-3.03362882927
-3.56706799471
-3.4407936554
-2.74985975239
-1.92431034133
-1.5078233619
-1.85329964228
-2.8974107396
-4.14314593036
-4.87720225154
-4.52802074554
-2.99148299865
-0.755876047049
1.25386948948
2.06126653993
1.0891258096
-1.52670336632
-4.91065392429
-7.73608775568
-8.72179272025
-7.13905257211
-3.12614547529
2.31472823679
7.63671405291
11.2616186461
12.0976021237
9.87952798971
5.22411046109
2.492609455208722
0.08344270330013615
-0.749604246944
-2.20803739381
-1.51290303749
0.613356099777
3.0982204094
4.9002011196
5.35280228454
4.36082020807
2.38872614376
0.251146763445
-1.21553300065
-1.4774166075
-0.499583023235
1.26144844721
3.06472663601
4.20340236916
4.29696701236
3.42822559815
2.06417912303
0.799801770987
0.0495482151564
-0.159568354081
-0.185572550263
-0.555138805535
-1.64010378437
-3.39695749614
-5.31787259304
-6.64032230307
-6.72766722143
-5.4332732591
-3.2511599779
-1.14964306027
-0.140882922595
-0.782404301144
-2.86079006202
-5.43710060838
-7.26398068734
-7.39481500875
-5.69114848169
-2.96025301646
-0.618384956696
-0.00520151337801
-1.66078036226
-4.92283597972
-8.07526826244
-9.03044321937
-6.26982772973
0.375361956303
9.47538547979
18.4340144054
24.4483843009
25.6008945383
21.6177877601
13.9679227859
5.26136641719
-1.7890670306
-5.39699659569
-5.29422116501
-2.66359341052
0.512384191886
2.36461949945
1.89964194403
-0.70099008205
-4.32271015463
-7.53030490237
-9.23052273473
-9.07846231092
-7.4776691477
-5.23584049144
-3.09768732039
-1.4096128258
-0.0716845665718
1.2377004709
2.72658001423
4.2548077902
5.34173494221
5.41320807741
4.14647359944
1.71442553694
-1.21604941963
-3.74387602719
-5.1242005999
-5.09061245696
-3.94532122994
-2.37512570076
-1.09404172713
-0.501726339031
-0.534023808501
-0.775794705586
-0.763895744885
-0.305827539697
0.368291218853
0.711866021758
0.176022010005
-1.43520094906
-3.76560068255
-5.98606384437
-7.13345533037
-6.55431775526
-4.23821588277
-0.872638571498
2.41693943804
4.52743614168
4.82935926058
3.40568967286
0.978481462427
-1.42951582805
-2.93211657756
-3.11533932649
-2.13300162231
-0.54660235788
0.986249068689
2.01155101859
2.42912030048
2.44573204837
2.38703505602
2.48711392891
2.7688508805
3.06375667144
3.13701608311
2.82912169019
2.12737946936
1.13312323958
1.0896162735647579
0.8989161755360442
0.49903401937702085
-0.18198752715906608
-1.0949697487078964
-1.98105717699
-3.57222966623
-4.23680507224
-3.71641571381
-2.12770793539
0.0178276837784
1.97991541595
3.07985222372
2.98422543586
1.84519871902
0.224641019678
-1.16684255762
-1.79342025862
-1.52540041356
-0.668515991193
0.218885648063
0.625802652685
0.353765390379
-0.385035426351
-1.08314926753
-1.20529872734
-0.471073844263
0.988988897983
2.67959485902
3.96239735931
4.34063970866
3.66775856168
2.18521254776
0.384282860768
-1.22641231426
-2.32598791046
-2.86249995756
-2.98744961766
-2.90090230979
-2.70767523058
-2.36933351407
-1.77341998909
-0.867869383323
0.232544421907
1.2457389811
1.84263488851
1.82766471298
1.27514723652
0.53231702671
0.0686069602633
0.23739776075
1.07304907023
2.23880025407
3.16952636545
3.35195512385
2.60650075896
1.22272384677
-0.134902185524
-0.722092576245
-0.0777574857807
1.72042135575
4.03956961256
5.93517877606
6.55050228562
5.49020275806
2.99576604986
-0.157604839529
-2.99221450203
-4.73132724346
-5.08971267217
-4.3261955823
-3.05128612755
-1.89990386588
-1.23741741113
-1.03979217569
-0.99220519633
-0.735993504966
-0.120054051793
0.683552669619
1.26282471346
1.20169726878
0.338721198012
-1.09587674986
-2.54716736159
-3.38262108996
-3.19986450405
-2.0402805772
-0.397120031393
0.99258011447
1.47587117231
0.775407645388
-0.2553931216267813
-1.6608707214991796
-2.7500854396558907
-3.051811401368127
-2.5129552162956372
-1.4895385779524588
-0.5431196371312694
-0.14839687370611898
-0.45609826266813513
-1.2225533442258438
-1.9324480622433668
-2.0477487649867214
-1.25937465801
-0.31532931202
1.08670656429
2.4024082452
3.1600625497
3.13392971474
2.39422944253
1.23093017496
0.00733551244086
-0.977426290373
-1.55795267046
-1.69239389026
-1.40639422335
-0.743619127856
0.24088122668
1.44640683329
2.68823160668
3.70088322985
4.20540686275
4.02049833014
3.16172090158
1.86737153626
0.520831579742
-0.506984681864
-1.02390383336
-1.10658168263
-1.06056648115
-1.25949919436
-1.93639187247
-3.03075229494
-4.17475955942
-4.83713523419
-4.56539097414
-3.21468191239
-1.05207244844
1.3197063728
3.19071948265
4.0238672211
3.66091963611
2.363877388
0.678684202732
-0.809327823993
-1.71193223722
-1.96057006797
-1.77007111571
-1.47819539085
-1.35345221652
-1.47147387872
-1.71620179529
-1.89122520687
-1.86713434129
-1.6742115665
-1.48431711295
-1.49199677078
-1.76599745915
-2.16418896984
-2.37385615053
-2.07051295448
-1.11813609753
0.299157390787
1.69882607548
2.4860350162
2.22850807368
0.889556398196
-1.10332031253
-3.00565609837
-4.06771480359
-3.87443992299
-2.55358918613
-0.744333455274
0.67423969515
0.98215796382
-0.032919628731
-1.94088658104
-3.82026765235
-4.64025502642
-3.71304278182
-1.02003214689
2.7333034099
6.36325597589
8.65472152988
8.82399302515
6.80760434884
3.26350157681
0.5873844430882968
-1.404410297658771
-2.001209944184424
-1.1155935530682939
0.754741577227918
2.7907111600662518
4.216757400081974
4.611828408128915
4.046684288033944
3.009007334993356
2.16723231522
0.684510121003
0.201200707001
0.569401890601
1.34766192654
2.00387015
2.1349910065
1.61526628708
0.621204300263
-0.465661868912
-1.2304522455
-1.39905681244
-0.947424028774
-0.107646859871
0.727018737589
1.15899341325
0.944661590529
0.09467908587
-1.12113447612
-2.26668448616
-2.89668966883
-2.72030108622
-1.71043525053
-0.11772238333
1.61607183746
3.01155470244
3.71253647603
3.59249718503
2.76850413716
1.52397777975
0.180198036267
-1.02357980986
-1.98951806887
-2.74059309303
-3.34165486436
-3.81322760574
-4.09142816572
-4.06052323087
-3.64181148044
-2.88618738324
-2.00850469579
-1.3273261627
-1.12335327332
-1.47921960986
-2.1855015487
-2.77747401132
-2.70975695139
-1.60682724959
0.519682248285
3.19487450711
5.60002679092
6.85697869308
6.36872302114
4.07361975925
0.499759666151
-0.12736487058425894
-0.0805345033449
-1.72317150091
-1.79379995412
-0.66850158123
0.918176676384
2.19705363105
2.67052389585
2.27485950794
1.34390788366
0.410640943814
-0.0492979510458
0.186575705265
1.0295397935
2.16350497899
3.2083048643
3.87213787039
4.02397819355
3.67116268313
2.88278342634
1.72504922263
0.257512277462
-1.40920690783
-3.04311290676
-4.27673993557
-4.69362800931
-4.00163331883
-2.21876467905
0.230337684482
2.5834358695
3.97948722581
3.78616005167
1.87936299915
-1.25655513287
-4.66995833074
-7.28200186604
-8.2914981049
-7.47559854638
-5.25802903197
-2.51619361854
-0.212085152408
0.992403979604
0.972017115856
0.13277033626
-0.819170150493
-1.21962281143
-0.742038744604
0.480518892266
1.94825334244
3.04439422114
3.31797147064
2.67131395975
1.37853982586
-0.0553503999116
-1.1146608328
-1.46681126606
-1.05115048718
-0.044895854796
1.25112182453
2.53447241091
3.57128840013
4.1984676128
4.28827029597
3.72748655613
2.44836562124
0.506450866808
-1.84266144419
-4.13225723048
-5.78045164763
-6.28017890856
-5.41255688788
-3.38400438923
-0.80686313949
1.49331756507
2.78078751297
2.70163953226
1.43728245665
-0.355959700444
-1.80643255888
-2.18331216905
-1.20116019895
0.856661571434
3.24941527296
5.07895119634
5.65183127685
4.75216927547
2.71409311971
0.269831813314
-1.75557492555
-2.77036678382
-2.62764816641
-1.6421482345
-0.418287818951
0.425203536817
0.510910537685
-0.16724853776
-1.28348470326
-2.35613574345
-2.97027879959
-2.94402395429
-2.3697717761
-1.52504829384
-0.709432597111
-0.0958148416741
0.328169116844
0.702218927447
1.15491870213
1.66515715523
2.00802818374
1.83012168305
0.832935062429
-1.01835554528
-3.36943101856
-5.51763600357
-6.63213028466
-6.08149116275
-3.73568650151
-0.103167801713
3.77889845751
6.68275932686
7.63626823481
6.29975843303
3.11308328044
-0.02940503048608889
-2.671112092443181
-3.794237688576814
-3.0236668416490033
-0.7287578852131986
2.1866349616676644
4.708367936152612
6.15800760656353
6.459915037770514
6.112774729100366
5.8878943400971195
6.405960634592972
7.801916471627322
9.64492982275199
11.155554173268087
11.614158031209158
10.75577092834834
8.94718913949
4.90424635293
1.71377061503
-0.0595152896165
-0.528842460379
-0.446109876672
-0.822936497759
-2.38200284069
-5.107472488
-8.13435316483
-10.0667132008
-9.61026476967
-6.24249908295
-0.604133067031
5.59563917054
10.1553655686
11.214209826
7.99126082794
1.11124861626
-7.62808737841
0.864232034589
-3.82877230554
-5.3462541244
-4.06600937594
-1.28395216975
1.44659515602
3.00277744362
3.10182995722
2.27519392197
1.46198927745
1.45057869935
2.45249193228
4.00965665929
5.26044299418
5.411517824
4.16766511006
1.90302387489
-0.506144723227
-2.09644689162
-2.26998989846
-1.06293790221
0.894193194016
2.69430284686
3.5861243716
3.31005079795
2.18303656356
0.906933984445
0.208557608256
0.493382441841
1.67583281961
3.25279866765
4.56564484349
5.11071864571
4.74815313289
3.72235495368
2.50698882758
1.5697632425
1.17832083711
1.33094039668
1.82096931841
2.37523347916
2.77991795693
2.93214088139
2.8117082678
2.41906921345
1.74132605815
0.780368168569
-0.375102936613
-1.49427964526
-2.22962695805
-2.24493849508
-1.40238554171
0.0865648086421
1.64532524625
2.49748072425
1.97148032126
-0.176247818411
-3.56884785655
-7.25389834831
-9.99442600033
-10.7054067336
-8.86515387651
-4.73444437456
0.707198885698
6.08320527074
10.0720202823
11.8161587206
11.1428351989
8.53538985535
4.89529695141
1.20724347822
-1.76202350335
-3.63594676215
-4.44166533949
-4.49721441461
-4.23940457037
-4.05959182316
-4.19114927805
-4.66375696236
-5.31979033753
-5.88021278355
-6.04498251837
-5.60777063344
-4.55481843958
-3.11019504812
-1.6959651438
-0.802178209633
-0.801937912795
-1.78247245845
-3.47199209933
-5.31194556409
-6.66257861108
-7.06335458461
-6.43313515934
-5.11160045778
-3.71139644172
-2.84048550515
-2.82185713875
-3.54630147131
-4.53438825751
-5.18215406924
-5.07119079775
-4.18688342228
-2.93060644545
-1.91465331455
-1.64148150471
-2.23275401833
-3.35293785721
-4.37429270158
-4.70359880808
-4.10188123308
-2.82563713243
-1.50677225358
-0.825167314838
-1.14152574086
-2.28698465888
-3.63054946064
-4.40126638073
-4.10319492997
-2.80250435291
-1.12311338598
0.0641784951496
0.108742501217
-1.04150220454
-2.76401420745
-4.05326625384
-4.05162612692
-2.55133257263
-0.191487637506
1.7887037563
2.15792030359
0.382670821889
-2.94955348444
-6.22077733327
-7.40006167639
-4.9441513182
1.41860392228
10.3944306463
19.4892026746
25.9088629707
27.6264796916
24.1645341649
16.7611771479
7.85770162349
0.137875811847
-4.46571340811
-5.38842411914
-3.44956996712
-0.318281861643
2.28669644872
3.2907697713
2.56554820556
0.763164254723
-0.7385350314799979
-1.6577913752115023
-1.8237249998016551
-1.576241940827103
-1.4612789216041904
-1.8522074005610705
-2.71442326240377
-3.6322853548048926
-4.064379481539419
-3.6692759959218932
-2.5135155199191956
-1.0474300980773847
0.132595818853
0.155744844456
-0.57415403149
-1.70505362627
-2.69799875907
-3.12251756162
-2.87658277442
-2.21105020708
-1.55007514316
-1.21414196387
-1.20745319411
-1.19622487882
-0.698124710281
0.616284129915
2.67628833938
4.96152003071
6.69225585766
7.17453417375
6.1300069135
3.84298944382
1.04699974679
-1.39609629959
-2.86720450683
-3.23075989018
-2.83307744317
-2.27061287488
-2.05580262897
-2.35529577669
-2.93145281423
-3.30777113337
-3.06115244391
-2.08010128071
-0.650059952876
0.678408710236
1.36710401949
1.16595459481
0.242606215027
-0.900133669108
-1.67364863057
-1.68917472478
-0.934141402923
0.245562548568
1.33929190827
1.93348622605
1.90380766304
1.44308583226
0.921708174723
0.66588191053
0.778406467807
1.09707396083
1.3059995859
1.13017971384
0.500054792369
-0.406391975128
-1.26452450691
-1.78549273031
-1.87297154847
-1.66284902653
-1.42294767147
-1.37206066837
-1.52669645452
-1.67115694929
-1.47756664856
-0.714799631207
0.571798223677
2.02057037294
3.093228702
3.33529870045
2.62589366796
1.27984688554
-0.0662610452638
-0.74282172564
-0.374508135626
0.918914732714
2.55812355998
3.77146815706
3.97200800709
3.06216617062
1.51275489617
0.169096364337
-0.131296658853
1.04761619927
3.52004648041
6.53451776579
9.07926568843
10.2941114282
9.80104033599
7.81127842269
4.97778272972
2.08224265185
-0.284121485223
-1.89848254381
-2.87911270525
-3.49823484773
-3.95830004256
-4.26275887321
-4.24912828025
-3.75423301372
-2.80284242424
-1.69440704896
-0.917580847936
-0.919679847401
-1.84594334314
-3.39322332423
-4.87565900516
-5.49685925457
-4.71486397769
-2.52812156873
0.464909822632
3.28094357895
4.96156229791
4.99977497908
3.58752792197
1.56076195531
0.0511200908131
-0.0133326153844
1.65731087775
4.53966074787
7.4684813645
9.09383108753
8.43865337781
5.32486888176
0.487272607922
-4.67781519081
-8.63190130349
-10.2742309735
-9.35008182277
-6.5255136611
-3.10227991898
-0.491710646437
0.338097562366
-0.780243238598
-3.19085313929
-5.72813431402
-7.22998362247
-7.03359568155
-5.24626207396
-2.67947446087
-0.477595798757
0.397081558303
-0.401754921156
-2.44334529177
-4.70683662755
-6.03965381579
-5.68838154401
-3.66533434669
-0.779950377383
1.69142727503
2.56226173106
1.27684364403
-1.80881958325
-5.54281968481
-8.45264277068
-9.37898049256
-7.98807194111
-4.92748992661
-1.54342561392
0.726724628298
1.02176750567
-0.516620740761
-2.7599671434
-4.0611419618
-2.98187106453
1.03373451284
7.33668711691
14.2508519532
19.6852511955
21.9284333552
20.29580544
15.3670509987
8.72839415945
2.34330022876
-2.1766418688
-4.10330499753
-3.73075685157
-2.10382762824
-0.490768480126
0.154899219357
-0.478853549228
-2.05318868568
-3.84352824311
-5.124414205
-5.49022561622
-4.98434478615
-4.01421354896
-3.12770424936
-2.77266515945
-3.14287741018
-4.15058640346
-5.49823589713
-6.78609460096
-7.60129139876
-7.57288265006
-6.41591244597
-3.99726037688
-0.430052587551
3.84088671771
8.03065849121
11.1411437581
12.2264743212
10.7243747195
6.72362673681
1.03614989662
0.9562050909872113
1.99978681186
-0.988567473906
-1.40472375151
0.254080590565
2.85719416141
5.09260758322
5.97010345324
5.16941977362
3.09643499343
0.638582653752
-1.25999088279
-2.01055061458
-1.60161410062
-0.546472866895
0.401042229199
0.618843873566
-0.097874985724
-1.46297252381
-2.85891077561
-3.64307437237
-3.45189297195
-2.36266852746
-0.845380182824
0.463697647097
1.05462028507
0.765320035161
-0.167169403207
-1.24364871894
-1.95922945851
-2.05774608517
-1.66500121036
-1.23681476927
-1.34037282498
-2.36176995498
-4.26797691972
-6.53357141729
-8.27875887565
-8.58055401323
-6.84629186775
-3.10615611541
1.8972838294
6.87544901611
10.3758294397
11.255936694
9.08299016531
4.31053242873
3.072627886453489
2.05082761865
-1.89063890801
-3.32291941011
-2.26756298173
0.457251795862
3.58475956989
5.8929300774
6.64957225789
5.83822379591
4.08605246935
2.33884892266
1.43121344145
1.7381319377
3.05136628754
4.7202901004
5.97900170582
6.30267129539
5.63070028828
4.36273003865
3.14210760433
2.53854486826
2.78260243366
3.6723509555
4.68542480726
5.23150176676
4.91840484139
3.70734983405
1.89471598443
-0.0544672157149
-1.72702402141
-2.92446610457
-3.69612080334
-4.24323746213
-4.76106638691
-5.3118165419
-5.79589720637
-6.02870717209
-5.86997095199
-5.32532322943
-4.55930598642
-3.81268771105
-3.27375872383
-2.98056863947
-2.8134441145
-2.58455512417
-2.17368328094
-1.62978371257
-1.17412558759
-1.09485480563
-1.58520748541
-2.61322580252
-3.89856637381
-5.01687143299
-5.58331101815
-5.42202817879
-4.63299554569
-3.52123669596
-2.42754193166
-1.55437195586
-0.884682123696
-0.240801008134
0.548800321568
1.47209897268
2.25654524354
2.45544729579
1.67313556733
-0.177327289948
-2.72139771886
-5.17356603313
-6.59572880836
-6.26486274287
-3.99061340876
-0.236955239272
4.01441325299
7.60696594725
9.61593866878
9.65166966491
7.9443994804
5.19562209521
2.28062573838
-0.0608028778494
-1.423662741
-1.77329546974
-1.34520296172
-0.490167060147
0.452520067145
1.21295446743
1.59374879725
1.46501037343
0.789533984131
-0.323748869996
-1.58252473106
-2.54692569712
-2.76362051298
-1.96210978559
-0.222597621171
1.98569798505
3.94795538427
4.99112983773
4.79234371405
3.55411130318
1.94012327793
0.776425254242
0.644742946391
1.5636514178
2.92759085996
3.75809043933
3.16826436293
0.826581110633
-2.80947795132
-6.62077226301
-9.27651647125
-9.80979882982
-8.05269777203
-4.7238177678
-1.12202717156
1.43364838267
2.15785770069
1.09187905149
-0.99014518444
-2.99955584325
-4.0604221972
-3.88682725836
-2.83811213407
-1.65004760074
-1.00448439217
-1.17436881536
-1.92833910729
-2.72981465139
-3.10099483458
-2.93187587265
-2.54785683551
-2.48940542753
-3.1275655238
-4.34499574859
-5.49114232524
-5.67692157899
-4.28136851075
-1.40402152161
2.00673504305
4.47434583673
4.66096495038
2.0809190271
-2.4990244103
-7.21378085774
-9.79901687549
-8.55932549551
-3.17828051261
5.01275344499
13.462175245
19.3664873123
20.7745617797
17.3534249715
10.4865402649
2.67023930062
-3.51785833352
-6.42431958975
-5.87301878774
-3.05769933169
0.131849722778
2.01083454616
1.81076851749
-0.0991433894541
-2.53429934545
-4.16055028116
-4.16118121343
-2.59120176806
-0.279227036315
1.63623060078
2.28217787069
1.45237132372
-0.343527928778
-2.17603984344
-3.16479459405
-2.88058643985
-1.49623322896
0.35810723799
1.93191979723
2.69924847694
2.54657175411
1.73845312411
0.716453233059
-0.136540151147
-0.637536157767
-0.794110230396
-0.684061598264
-0.32598770836
0.361745583394
1.48109535821
3.0053913151
4.6658927667
5.96705488475
6.3533457938
5.46033848423
3.32440737503
0.433590057734
-2.42431306598
-4.45889799186
-5.18615982688
-4.6062604156
-3.16959352872
-1.55353826233
-0.362357891756
0.105885531206
-0.0766925387857
-0.584059803378
-1.05285203015
-1.27584052019
-1.27349634606
-1.22099923393
-1.29150621732
-1.52046276591
-1.77661489459
-1.85570380633
-1.63403180602
-1.1780958836
-0.728954203027
-0.555111491351
-0.753216356258
-1.12098956126
-1.20093566167
-0.504711533951
1.17860029873
3.55268689944
5.80829484738
6.88830999374
5.9338772098
2.71630209492
nan
nan
nan
nan
nan
nan
nan
nan
nan
nan
nan
nan
nan
nan
nan
nan
nan
nan
nan
nan
nan
nan
nan
nan
nan
nan
nan
nan
nan
nan
nan
nan
nan
nan
nan
nan
nan
nan
nan
nan
nan
nan
nan
nan
nan
nan
nan
nan
nan
nan
nan
nan
nan
nan
nan
nan
nan
nan
nan
nan
nan
nan
nan
nan
nan
nan
nan
nan
nan
nan
nan
nan
nan
nan
nan
nan
nan
nan
nan
nan
nan
nan
nan
nan
nan
nan
