nan
nan
nan
nan
nan
nan
nan
nan
nan
-0.83764676199
-0.682037874854
-0.500387666336
-0.303534537491
-0.148224741973
-0.126446015816
-0.316125652845
-0.715576827368
-1.19962970366
-1.53110668831
-1.43708715024
-0.725885455589
0.605479906091
2.32771118867
4.03125295396
5.26429357164
5.70548305135
5.29833356973
4.2847242066
3.11548109958
2.26996758197
2.05969886602
2.50232212693
3.32454924649
4.09633048852
4.43823923657
4.20753214908
3.57395132801
2.94372931118
2.75965646945
3.26539170007
4.34491235054
5.52048121872
6.12466020263
5.5826835627
3.68652755391
0.73752395176
-2.51513709112
-5.12735933978
-6.30840062378
-5.72371180095
-3.62679490656
-0.764208758757
1.90751471172
3.57581759125
3.85181358099
2.86547540154
1.14791575395
-0.635433045537
-1.97549706682
-2.7050695255
-3.0044791531
-3.23920790483
-3.71936694021
-4.50462424607
-5.35242225818
-5.83510868249
-5.56769442296
-4.43247997725
-2.68629700259
-0.890985207559
0.308008904946
0.456431899419
-0.506809009974
-2.21509881344
-4.0251052047
-5.28597700751
-5.60518493134
-4.99190386929
-3.81672591489
-2.61240159634
-1.81371898896
-1.56112433054
-1.66017056281
-1.71316503296
-1.35652892215
-0.486503848303
0.639310526143
1.47915143696
1.43393872746
0.124363347941
-2.40595449837
-5.65393752565
-8.80739193827
-11.02237403
-11.7156234023
-10.7574819597
-8.49606414191
-5.61424750725
-2.88538540418
-0.92520433761
-0.0267034491855
-0.121909804335
-0.861549042794
-1.76433107557
-2.37495217332
-2.38296052915
-1.68095647337
-0.364906489789
1.30812893204
2.98904951707
4.32107150394
5.02880724378
4.99600250751
4.30862109332
3.23999983408
2.16883098824
1.44717381128
1.26342587016
1.55846596343
2.04049664577
2.30600540344
2.02539039471
1.11525211609
-0.184543897799
-1.37579661902
-1.89410787444
-1.3527050825
0.268060920395
2.57469143463
4.8876438664
6.4947260905
6.92562194682
6.13025061427
4.48467221046
2.6242946012
1.18017412239
0.534899993848
0.701314350291
1.36731707977
2.07262006477
2.42569410673
2.25799361461
1.65120075207
0.840525718823
0.0583902328606
-0.43358127080404074
-0.8516544870480516
-1.3384922015170275
-1.9906289797932857
-2.751984614494532
-3.399449092658898
-3.636825116483948
-3.2524184953286124
-2.2571896978596726
-0.9255474801932877
0.29220884873390673
0.9517972456536938
0.8075438490807301
-0.07649495733487299
-1.3514126978375032
-2.53374534621
-3.38952500375
-3.56166806375
-3.15676529122
-2.48538498486
-1.89766663002
-1.61973070569
-1.66941624499
-1.88514972961
-2.04260615138
-1.99102508989
-1.73577545904
-1.42693225706
-1.26606269925
-1.38658282548
-1.77442304944
-2.2706216051
-2.65093174108
-2.73576591749
-2.4695770639
-1.92905021158
-1.26184064617
-0.597443014808
0.0137934089235
0.596730294022
1.1875398628
1.75448341841
2.16160631838
2.2113666241
1.75503580708
0.813794773059
-0.363754128119
-1.35732021519
-1.73675909594
-1.26248789526
-0.026126237391
1.5484993163
2.86126134914
3.38829001748
2.91759233726
1.65415207741
0.137668278438
-0.995905228655
-1.3011558882
-0.723741458364
0.381747993602
1.42686514894
1.87483486995
1.50010559425
0.497263850266
-0.613086657249
-1.23619073537
-0.991944350473
0.0969572869865
1.60567008986
2.89409831505
3.39020088309
2.83790035443
1.39967714231
-0.423609305349
-2.00751033308
-2.84841021636
-2.72996143636
-1.75234347389
-0.236233383782
1.43059336004
2.92201017604
4.02606619368
4.62321943873
4.63621490803
4.00716689928
2.7291290693
0.91255219087
-1.167996003
-3.10102436534
-4.45493202658
-4.94445901288
-4.56676080004
-3.62894426986
-2.63638599127
-2.08181419972
-2.23132025887
-3.01261630258
-4.06417827654
-4.92289876732
-5.25438063758
-5.00446894725
-4.38974618763
-3.73084587929
-3.22109740495
-2.76553738634
-1.99512877561
-0.469502761698
2.02565494699
5.24577821206
8.46261394677
10.6954985357
11.115838871
9.441757085
6.12555826976
2.22247348852
-1.02164790126
-2.68510087542
-2.54826533191
-1.15032027558
0.510523096618
1.49502020697
1.40853042663
0.611199407478
0.0381457545809
0.705540526149
3.13852378179
7.00610568446
11.1582880181
14.0712404958
14.50735538
12.0854917504
7.48939197852
2.20662727504
-2.09037132834
-4.2403818189
-4.04835291136
-2.29445359524
-0.302808440389
0.71785417517
0.245521127286
-1.33996286449
-2.99064459842
-3.54871103862
-2.35113436494
0.414513694055
3.77276172299
6.40606367089
7.26441086391
6.04512257975
3.31812784321
0.247338402139
-1.94734835698
-2.52485428942
-1.50478869394
0.420385413669
2.27581330599
3.28769561641
3.21749379549
2.39389887847
1.45124465087
0.932974806881
0.981161158038
1.27856610456
1.26929285135
0.532046774522
-0.90430790281
-2.48619298369
-3.3604834084
-2.79982077535
-0.617678780924
2.6431593364
5.86140737912
7.77704517221
7.52729311738
5.03413503281
1.06294847933
-3.07872103808
-6.06998009816
-7.10062779542
-6.16618197492
-4.01878081396
-1.81458170968
-0.62692398889
-1.03896640475
-2.97543591517
-5.81322079986
-8.68579360934
-10.8248980733
-11.7919695373
-11.5273965118
-10.2431031004
-8.2523546167
-5.83970619235
-3.22711403409
-0.621998954156
1.71852661101
3.47795860383
4.35451084704
4.18761584784
3.06279845634
1.32272262508
-0.2907467018157064
-1.5746914842353306
-2.2915783164992405
-2.497222215110213
-2.476118908480103
-2.5652306727651677
-2.9567237704425793
-3.5837224550858053
-4.151683627351758
-4.301920589405967
-3.8225475874642996
-2.793602699058198
-1.5836592011717698
-0.6905269733592689
-0.5005676142117323
-1.0872029371946326
-2.15446131025
-3.40912922729
-4.06999731755
-3.86802333495
-2.93523705659
-1.747438849
-0.894123126829
-0.781331912487
-1.4085404206
-2.32915682833
-2.82060299213
-2.19379157201
-0.108024919586
3.24533687212
7.16910579739
10.6846738262
12.861643647
13.1224886026
11.4114033234
8.17888159344
4.20790979725
0.361539886399
-2.65390495089
-4.43932403239
-4.94041950002
-4.3876243991
-3.17748924564
-1.73760631776
-0.407372988283
0.644343842098
1.45006821996
2.21251632806
3.2096546343
4.65319983804
6.54287477052
8.57713024234
10.1770348312
10.6456743156
9.42841018641
6.38303038899
1.94250807458
-2.92297206353
-6.9654829241
-9.06645463044
-8.64264573468
-5.88503345058
-1.71992679744
2.50895031168
5.52058756809
6.54868105172
5.58204639497
3.29781502565
0.723474831883
-1.21923139079
-2.08673054552
-2.04276562526
-1.6988259624
-1.7537968261
-2.61142228521
-4.16015846621
-5.81920957574
-6.82577650572
-6.62301755557
-5.16042232262
-2.96020115563
-0.914185366315
0.0974746378865
-0.408299623042
-2.30284817367
-4.8964365795
-7.22691942032
-8.45311015255
-8.17805980264
-6.56709175095
-4.22439414566
-1.90167411688
-0.181605116262
0.722025808643
0.971484355489
0.939344073568
0.968165120167
1.17960015451
1.42170335778
1.36874162093
0.712856995076
-0.652597478812
-2.54651336109
-4.54613025451
-6.13735187957
-6.89685759355
-6.62854998144
-5.4080451304
-3.53582937375
-1.43669565591
0.44664346622
1.73409808616
2.15878343256
1.60254661914
0.129728127035
-1.98684608615
-4.27465444196
-6.13597849327
-6.99661630054
-6.49617620551
-4.64944351095
-1.89853909597
0.99298122584
3.18844614934
4.08358070004
3.54448578271
1.96838681514
0.126567968237
-1.15565659723
-1.34897801015
-0.445401165929
1.04677559144
2.34265409239
2.75116499345
2.0079715567
0.414691202762
-1.28581384816
-2.24655563521
-1.91322205323
-0.295813363964
2.01561342979
4.10478426222
5.14015153629
4.75452608741
3.21614392998
1.3085415041
-0.0284657736515
-0.132128224352
1.07657783765
3.05644082289
4.89761563011
5.74425227596
5.19010253189
3.46095728772
1.29785356345
-0.403199890524
-1.02248737407
-0.510489362599
0.600599069352
1.47863313358
1.43498489745
0.314934459417
-1.36258457229
-2.60106512895
-2.38599613914
-0.205443318762
3.61186274089
7.91415853448
11.1200856579
11.8391077526
9.46133010193
4.46107595696
-1.72691522649
-7.22095185489
-10.392011894
-10.4656739548
-7.7828879939
-3.61974596146
0.34914014751
2.7135064199
2.84164152979
1.04410331776
-1.4066110241753336
-3.5356046814596453
-4.452500976022819
-3.948511760418967
-2.5085832408071695
-1.00987725403715
-0.2648014241959089
-0.6280288615395335
-1.8461842260297914
-3.208570389906626
-3.915197250107525
-3.4801875544628587
-1.9779245506739187
-0.01817579825046778
1.5342388244450689
1.9610526283496341
1.025805346651822
-0.9103612610019383
-3.0414694182882727
-4.46365107446
-4.97309843802
-4.06151536087
-2.1749378654
-0.0772021840163
1.48785312496
2.09651342772
1.78002412972
0.950841786331
0.174787386053
-0.0918137368411
0.32244513356
1.28371626081
2.47336191026
3.568168444
4.37973802368
4.88652196075
5.15814957787
5.23307750434
5.03430419082
4.38229663767
3.10451707928
1.1805460574
-1.16533422442
-3.48998886671
-5.28043620512
-6.16250091252
-6.06705418663
-5.26519949132
-4.24481298648
-3.48004168794
-3.20261391714
-3.28880183003
-3.32384049841
-2.82047140794
-1.49126169795
0.556305513045
2.80108286355
4.48467969888
4.91100122938
3.73847783357
1.13616679858
-1.028787095293879
-3.1301721936065263
-4.389106455708756
-4.376470231763477
-3.1289260655938875
-1.0819049571258432
1.1349729622025677
2.944198045382322
4.009127004632717
4.304965661718285
4.069527319182441
3.678650045707414
3.508489890362469
3.83285470703
3.31967786664
3.38477182171
3.85030658224
4.43284313221
4.79735658027
4.63757591225
3.77586523925
2.25251226968
0.358546273442
-1.42545128687
-2.58590116381
-2.77964018218
-1.99868216582
-0.611444095474
0.758436666093
1.47993819305
1.18565990853
-0.0612309319691
-1.79277569431
-3.3552761854
-4.22509469523
-4.26826791753
-3.80844269059
-3.45647540633
-3.77520683864
-4.94455160103
-6.60514219948
-7.98017110759
-8.23817942893
-6.93053174577
-4.28334842533
-1.17830754805
1.19963214053
1.90325704403
0.701979565554
-1.74157958377
-4.10714047662
-4.98166635637
-3.50727602479
0.187150702115
4.98152647481
9.20540232532
11.3346657648
10.6315989047
7.43818285562
2.992042822
-0.1075865687097064
-1.6952518892607742
-1.4155421168933486
0.17391294176091776
1.9652232085114463
2.898786221063787
2.4969861872970682
1.074973171779618
-0.4612864311254157
-1.1111763205073686
-0.30748724265222904
1.7943107255393045
4.407234908318088
6.527303115001587
7.4482890085213285
7.105268773682852
6.068861150289649
5.198018515393159
5.140781527619836
5.954577033464815
7.056583534716324
7.540828555476324
6.701670755179791
4.48628353648
0.896344118943
-2.10918584757
-3.37488256706
-2.40616200105
0.333443634348
3.58008329586
5.82585406888
6.01515663089
4.04461550034
0.817746283321
-2.1812135545
-3.59498430773
-2.84272535883
-0.396386559919
2.45163276422
4.21823436509
3.95204086326
1.69857870841
-1.51650254488
-4.17693650738
-5.00063888386
-3.55087744419
-0.443025266691
2.94652025749
5.12374126263
5.16284526443
3.11235556571
-0.0591156754158
-2.93511253406
-4.30498927267
-3.68870723072
-1.49957156915
1.20484029729
3.23741978382
3.80273971305
2.78486401317
0.695181818743
-1.65270635674
-3.54922802833
-4.66715551983
-5.09352706802
-5.139853228
-5.07186934614
-4.92960678435
-4.5402725426
-3.7031127533
-2.41853245193
-1.00387153821
-0.00229263524353
0.086470859936
-0.887119918175
-2.55604853867
-4.1269000369
-4.71102423751
-3.74823251967
-1.31215402804
1.86841429426
4.70343235983
6.22430538408
6.02789857835
4.46396157939
2.46687259603
1.1043010252
1.05572305309
2.27259640084
3.98856903556
5.08156918107
4.62022647426
2.3367480922
-1.19924429418
-4.79199008967
-7.12245350492
-7.31469721998
-5.31064321763
-1.88900475008
1.67213314814
4.13083985667
4.77542951875
3.66736063751
1.54489542918
-0.547168785258
-1.7223852817
-1.60647047631
-0.440445410536
1.08535991552
2.16771002258
2.23679688735
1.16689161146
-0.40318417237394044
-2.1903922386229198
-3.5791039572262093
-4.161690898346109
-3.849557319824214
-2.8493367265518685
-1.5413408357756708
-0.3268739440896553
0.49407329243385334
0.7820994981543521
0.5553451919236778
-0.053580001906453845
-0.8543411075146281
-1.651390301415887
-2.285239318319668
-2.661097248925998
-2.7627937822625057
-2.647702374443341
-2.420397240334424
-2.1906596073666265
-2.0309851445635445
-1.9526592381446193
-1.9127917325947266
-1.8490509622468636
-1.722474622772225
-1.5420119360675528
-1.3531999717003629
-1.19442433933
-1.46189540441
-1.63914890255
-1.57209870936
-1.12790343091
-0.282335585886
0.828834926781
1.93177081899
2.71265138804
2.95365882919
2.6429198132
1.99987611013
1.39427740358
1.18830925738
1.57155198513
2.46600115073
3.54771247998
4.37688655025
4.57651508632
3.97733649463
2.66533060522
0.917754380955
-0.931140785593
-2.62175677446
-4.03290686184
-5.15457711412
-5.99952245672
-6.51780610559
-6.57488650851
-6.01445336663
-4.77404672081
-2.98494408941
-0.989652469293
0.748699355803
1.81212638829
1.99169140001
1.36839902145
0.269781235037
-0.875668908722
-1.7112884374
-2.06478462608
-1.94874370461
-1.46238365731
-0.665934859825
0.48380311294
2.0841967994
4.14270132345
6.42410203827
8.39782647483
9.35372307698
8.66728233922
6.10497811461
2.01760378152
-2.69649572806
-6.87510489565
-9.51763343427
-10.1666593409
-9.06579769676
-7.01088826724
-4.9562788493
-3.56064305899
-2.89396999263
-2.45550330936
-1.50189734052
0.472534990843
3.34709498959
6.28834067417
8.03676768005
7.45452193423
4.08561372188
3.0314128095199067
1.1175362492064949
0.107012543179
-2.92832551947
-3.04703664569
-0.75258722131
2.63730664357
5.57446937372
6.92454481665
6.38682451879
4.51846655125
2.38086313255
0.998355795604
0.89420654802
1.91397295724
3.39413767137
4.56223486629
4.94858615387
4.59849666786
3.9880251562
3.70461652828
4.074425715
4.94103293682
5.7165146076
5.68082625437
4.3745776742
1.88023330731
-1.15795678785
-3.79360361166
-5.19532309292
-5.02043203163
-3.56543569084
-1.62275806307
-0.115012919605
0.317551284565
-0.416249101155
-1.85465580963
-3.23039080623
-3.84068421677
-3.36114479829
-1.96227989057
-0.1896670033
1.31740753974
2.12397409171
2.17343048645
1.76783844558
1.38272732127
1.42033343534
2.02397462689
3.03443742298
4.09313655803
4.82692713983
5.01904150625
4.68973748142
4.06316899275
3.45310418701
3.13131406062
3.23736005354
3.7562505064
4.55296851122
5.43116543184
6.18567423408
6.6374815018
6.65877352163
6.20043062128
5.32240751442
4.20937156197
3.14601040584
2.43907879489
2.30313923783
2.75722413112
3.58943537869
4.42404278538
4.8773206146
4.73761019005
4.08085002511
3.253231811
2.71315706382
2.79770690239
3.52646880671
4.5492509153
5.2813136925
5.17746342498
4.01996167118
2.07570062305
0.0303721651665
-1.28946096079
-1.28975789098
0.0942202193295
2.32428793099
4.45704710564
5.53463102804
4.99611414263
2.92235122401
0.000762176701116
-2.77464631323
-4.52996619613
-4.86893146369
-4.00059418694
-2.58741216239
-1.39701890652
-0.931525542035
-1.21305173687
-1.8222361309
-2.15918592667
-1.78691635464
-0.679439213852
0.752047571099
1.86758905125
2.13517022166
1.42426147848
0.105588866722
-1.09778307922
-1.4401681089
-0.506646759854
1.57923195473
4.19283503132
6.47315506523
7.69004948951
7.54358637063
6.26130690554
4.45780088389
2.83301211148
1.85733777138
1.59026921941
1.70861482009
1.71689981436
1.22714632882
0.16784569923
-1.17704482644
-2.3115914487
-2.77756934301
-2.38554204564
-1.31550985936
-0.0407806079287
0.886588102009
1.08702346736
0.525801611765
-0.469506577861
-1.35075235815
-1.58447207907
-0.87801180217
0.696667670428
2.72654932169
4.61074811017
5.77594836517
5.8691954012
4.86090253378
3.03208681418
0.864780695619
-1.11461560798
-2.48168734943
-3.00667979255
-2.6761269915
-1.65230088384
-0.196734036906
1.41108153434
2.93497109081
4.21129484714
5.14808737627
5.70672630742
5.88292477728
5.70048548854
5.22158822085
4.56514657631
3.91553602947
3.50323894455
3.54926577629
4.1840000271
5.37040912617
6.87084057487
8.28790426632
9.18284697052
9.23866169785
8.4061968889
6.96584315084
5.46250959656
4.52106240669
4.60358724756
5.80385621263
7.76963160943
9.79755462431
11.0752030546
10.9803430826
9.31817871816
6.3988965918
2.92276494379
-0.279241305564
-2.54086982245
-3.57105443527
-3.49946649321
-2.75278397552
-1.83198468517
-1.09992776416
-0.674289150736
-0.461998681866
-0.297852233091
-0.0989048730897
0.0570584046811
-0.0247715407561
-0.514350300254
-1.39890222789
-2.40615479073
-3.06820501012
-2.91317540197
-1.7010696217
0.411983849065
2.87196859455
4.9060998268
5.81516556228
5.25370274067
3.37252432424
0.757492232848
-1.80980056037
-3.66288267338
-4.49478097378
-4.43095181089
-3.9074322137
-3.42186707746
-3.28187325889
-3.47111683493
-3.69153781542
-3.55146843569
-2.79776890715
-1.47053076739
0.0995844300164
1.44990122656
2.21831087146
2.32894591019
2.03215027119
1.77276850409
1.94847308381
2.67877454469
3.70545563207
4.48485446761
4.43970586296
3.25750611834
1.09308586744
-1.42917424971
-3.42934253569
-4.11876199082
-3.13246260687
-0.701447923432
2.41387490381
5.20526074001
6.79704589534
6.76821157309
5.28642006928
3.00695747127
0.789530465193
-0.640909896863
-0.947439157901
-0.252493452003
0.984702019829
2.21328810678
3.04106972151
3.38121339968
3.44219468554
3.58203105235
4.10607139646
5.10522162069
6.40416793689
7.63338825742
8.38250521798
8.36140080113
7.50091501621
5.96010488119
4.05191565843
2.13140888842
0.496973631319
-0.663557566273
-1.27954069428
-1.37746322203
-1.05925714268
-0.490473053148
0.110322534296
0.500911676975
0.476450034095
-0.0480948017156
-0.969737455096
-1.98906849437
-2.69055092669
-2.70045089354
-1.86602618915
-0.373558246561
1.26554172333
2.38084609418
2.4114884906
1.17016620781
-1.01861148782
-3.38549719029
-4.9837617273
-5.06129603584
-3.38538110491
-0.377137565899
3.01336108656
5.65078086162
6.63983411605
5.65608395574
3.04480843075
-0.348838955534
-3.53747702178
-5.77539602028
-6.80100968888
-6.84134165819
-6.39662572943
-5.92625395315
-5.59946220242
-5.23524054336
-4.45560611854
-2.9646817254
-0.799146866528
1.59210547089
3.49493199801
4.24159705884
3.53558925033
1.62332528259
-0.783454827512
-2.80881736168
-3.79793195374
-3.59999071706
-2.60761190904
-1.52976392026
-1.0088625009
-1.27468940011
-2.01488344373
-2.53710070096
-2.15103902853
-0.581916685277
1.79937503189
4.06345169013
5.10901420181
4.18042300029
1.27325994641
-2.77444099075
-6.56751463859
-8.70300567293
-8.34463177642
-5.56672209732
-1.31426688245
3.00045605669
6.08063539252
7.24644509057
6.63990808381
5.06099811827
3.53430569481
2.82330588991
3.11939713845
4.03505270251
4.87653744647
5.03894769926
4.31861317617
2.99428608473
1.65545174226
0.885897923545
0.977114453183
1.81808591177
3.00464503927
4.090644485
4.83014515198
5.27271265854
5.663669881
6.21682586551
6.90372457872
7.39709125064
7.21873349993
6.02097620754
3.84367267216
1.18764330224
-1.16368010233
-2.5043962251
-2.56656163422
-1.67912574137
-0.613733852409
-0.166815506373
-0.678301818833
-1.74579847118
-2.31901096649
-1.17901687335
2.39546578961
8.09495680774
14.4717041595
19.3730240223
20.7791176664
17.7003426887
10.7275025097
1.95413334184
-5.74556185776
-9.81154219386
-9.01476609507
-3.96124788661
3.14153060452
9.36704267573
12.2337621526
10.6648161311
5.35051971294
-1.61680166516
-7.65391243031
-10.7382150727
-10.1550513801
-6.65143899327
-1.97939051966
1.92525406286
3.74569210335
3.22806585863
1.1155920901
-1.33709162454
-3.00120745864
-3.3557523126
-2.61370909095
-1.48173510292
-0.7178242032
-0.729835295897
-1.40982269792
-2.2593515472
-2.70674035424
-2.42741257717
-1.49428616716
-0.290965673839
0.744564755118
1.38708875682
1.74339470955
2.15292722121
2.92599166715
4.07196235775
5.18329095536
5.56309244954
4.55454420685
1.91662010623
-1.94709427366
-6.03964645479
-9.10478101244
-10.1094149546
-8.66378680234
-5.19113607036
-0.770069520046
3.28043995278
5.89096003349
6.59783597029
5.62705558296
3.69639304762
1.65179767668
0.116488239338
-0.694752435764
-0.939374743764
-0.946078324251
-0.980342905497
-1.10778596742
-1.21769042541
-1.17167831818
-0.970522238183
-0.82400622549
-1.06786172462
-1.96485671965
-3.50216273163
-5.3112218004
-6.77869562936
-7.31561266774
-6.65947186835
-5.05162184073
-3.18150728691
-1.90038929843
-1.82648273422
-3.03005878949
-4.96304340998
-6.68869925248
-7.32183721733
-6.47839015017
-4.51242859668
-2.40497815294
-1.32739089783
-2.06090508008
-4.5376707009
-7.73291446041
-9.99288653874
-9.68998822997
-5.94112325355
0.919984562749
9.33618091432
17.0162077468
21.7413075869
22.1727245775
18.3378065388
11.6019139261
4.14309679927
-1.85310188377
-4.954968764
-4.90879913481
-2.58317271725
0.506763587851
2.86826630972
3.60467100276
2.66926570752
0.729968862481
-1.25120143576
-2.50527718246
-2.78260927565
-2.38478737732
-1.91684005895
-1.90568044393
-2.48569171159
-3.30913750994
-3.72232223207
-3.11591347206
-1.27269465544
1.46271105828
4.28229840685
6.24368010681
6.68215974027
5.51747900682
3.31298781472
1.056033053
-0.247098033371
0.0132232748808
1.80158588863
4.458850146
6.97768514993
8.40953195465
8.22998554487
6.51578830636
3.87392596909
1.17036304314
-0.81482970648
-1.66008455096
-1.40134445849
-0.439529472069
0.679178785823
1.50067801335
1.81633894432
1.68256516218
1.32357534662
0.984139987612
0.810409350935
0.809503826879
0.890413641662
0.946429138049
0.923703442663
0.836951165815
0.729881300001
0.61301797079
0.425380683534
0.0517732908189
-0.607192991028
-1.55005804703
-2.6271332257
-3.56885998968
-4.08991581293
-4.02665332938
-3.44118372668
-2.63360138814
-2.04290394455
-2.06971430154
-2.89483555346
-4.37622419785
-6.07712007576
-7.42194905959
-7.91927133715
-7.35893598796
-5.89915724635
-4.00545669672
-2.26702818502
-1.16868607888
-0.914649639807
-1.37612692697
-2.17927583722
-2.88878783021
-3.20248850905
-3.07119916739
-2.69504602122
-2.40466773643
-2.48692628685
-3.03695489858
-3.90278729101
-4.74406609475
-5.17407223616
-4.91874030279
-3.92285426853
-2.36206330579
-0.564615396637
1.11349855605
2.40048614861
3.16240802997
3.38817192336
3.13221432821
2.46033699636
1.43605774482
0.154531171326
-1.20423562985
-2.35102259673
-2.93148289399
-2.64315261466
-1.38492646486
0.632333918993
2.88312698136
4.66232451437
5.32600487255
4.55012005195
2.49665475537
-0.196764728772
-2.6198228621
-3.91858982089
-3.62384013923
-1.84246561224
0.774418265705
3.28272920087
4.8189210344
4.94352319705
3.81118147784
2.09439210348
0.691645143998
0.342550105768
1.3125553142
3.28022680042
5.47335222742
6.99409230922
7.1940962306
5.94189932057
3.67393936242
1.21434463476
-0.554559406976
-1.03107853529
-0.106326301908
1.82536867824
4.04492763391
5.78770891573
6.5042910604
6.00640152189
4.46235310882
2.27388889951
-0.090787057733
-2.23131334302
-3.87474993801
-4.86661768983
-5.13470857787
-4.67156975197
-3.55624018897
-1.99790519304
-0.357561072203
0.894303531346
1.29478766022
0.546884253772
-1.34724166011
-4.04547462893
-6.95057577149
-9.39845828217
-10.8781986966
-11.1934402717
-10.4979744998
-9.19361683133
-7.74025218295
-6.46657735953
-5.46686394602
-4.62544283403
-3.74767903025
-2.72451464904
-1.64228687847
-0.77783503351
-0.476984350518
-0.973992797095
-2.24151255794
-3.9494531374
-5.56196244714
-6.53771128591
-6.54969731341
-5.62939077756
-4.17105198675
-2.79094764801
-2.09650969663
-2.45628591037
-3.85893252916
-5.91188352516
-7.97544773693
-9.37903872702
-9.64115249877
-8.61989293299
-6.55013711879
-3.96297032468
-1.51832087585
0.196705059188
0.846111587872
0.451064304575
-0.606524783638
-1.68836430298
-2.08997747808
-1.26855405088
0.957360985647
4.30334905427
8.05594565415
11.2556985453
12.9806400516
12.6425600827
10.1942273801
6.16913345258
1.53157720383
-2.61591967512
-5.36641981015
-6.26589100468
-5.40647499223
-3.33291694926
-0.811520432678
1.44019309279
2.9595380869
3.61498401881
3.54928201274
3.04199891127
2.36884031787
1.71994208418
1.19574908642
0.852486841821
0.744983864292
0.924807625391
1.38881207635
2.01437920248
2.53726630002
2.61209493889
1.95024255584
0.479060045517
-1.56070564892
-3.64672693785
-5.14797139009
-5.57971956706
-4.83141227997
-3.25629426202
-1.56472127297
-0.549402599835
-0.751397104334
-2.21123115985
-4.4204076265
-6.50511925512
-7.57260269001
-7.07725194335
-5.05231447368
-2.10951124742
0.792007712688
2.70884723148
3.05796101403
1.8062477119
-0.559489694137
-3.25213535638
-5.48857225005
-6.75031782044
-6.90552872325
-6.16742504772
-4.93561235951
-3.60750996653
-2.44289443097
-1.52404741878
-0.801937093437
-0.182159899222
0.401704110626
0.957876951701
1.4473249544
1.81104012828
1.98763298359
1.91289141139
1.51492628954
0.727980657909
-0.463257677278
-1.9629797403
-3.5250765933
-4.7768250796
-5.32257395245
-4.90154791498
-3.53426357798
-1.57989728213
0.345406666405
1.57972141066
1.68121625613
0.635768719042
-1.09501514952
-2.7252224524
-3.44867773307
-2.7759328836
-0.760710584161
1.98827567625
4.52622929251
5.93922780603
5.71082696519
3.93703678567
1.30026077835
-1.18753380925
-2.56799972608
-2.29293353482
-0.417043164562
2.4393539181
5.33094413803
7.32904246
7.83307453105
6.74538197275
4.46467140975
1.72300275198
-0.659721112383
-2.01613944881
-1.99822768539
-0.638598242867
1.68998647724
4.39053741403
6.79882893477
8.34764357468
8.70644616388
7.86581192389
6.14030239329
4.07756012428
2.28756754491
1.23794742246
1.08467962012
1.60737917312
2.28721373896
2.51115086523
1.82988912845
0.165044810448
-2.12739997399
-4.37561471495
-5.85340314533
-6.07981177537
-5.02904107359
-3.15627256417
-1.22268310098
0.00891334592541
0.0779000876917
-1.00165046692
-2.77235028501
-4.54981032365
-5.72248361157
-5.99850289243
-5.49155031564
-4.61623485963
-3.8541392416
-3.51114738105
-3.58647588665
-3.81452324584
-3.85155786111
-3.50444699493
-2.87545598313
-2.33795566411
-2.34360413461
-3.15060253782
-4.61071299056
-6.13445618248
-6.87539551141
-6.07104735172
-3.39809170221
0.818149204208
5.6449596679
9.83429435364
12.2571362848
12.3077988823
10.1155004428
6.47973496631
2.55995686465
-0.550708192558
-2.1958143324
-2.32919370912
-1.43933115638
-0.277375716569
0.481879532818
0.500161335301
-0.142193887788
-1.05600855693
-1.77440854197
-1.98860121672
-1.68086775997
-1.10391774884
-0.630652611869
-0.556412548025
-0.951729309047
-1.63306105122
-2.25906274502
-2.50018726701
-2.19752164802
-1.43598025155
-0.500776352028
0.257746428176
0.584142981055
0.427489814818
-0.0475847908
-0.548382426577
-0.794224737431
-0.641294066019
-0.135506716937
0.525903506519
1.09882948338
1.40750692277
1.41379910302
1.2105419325
0.94952751207
0.748300580277
0.629431902479
0.526500891224
0.352670404692
0.0904928214587
-0.154411996007
-0.177936570064
0.218227345553
1.08775481735
2.23973574795
3.24388326721
3.56391185104
2.78018011709
0.810797682968
-1.97461665899
-4.82059004893
-6.8306274903
-7.30960621714
-6.06828188953
-3.55550046298
-0.744328827292
1.20334310043
1.37353853796
-0.532819807338
-4.05498589001
-8.11764203552
-11.4178648663
-12.9049739885
-12.1636156879
-9.5480674125
-6.01726300501
-2.74296828037
-0.655592425426
-0.113982464812
-0.828267161982
-2.0539322812
-2.95963903088
-3.00127732035
-2.13999620158
-0.818217483329
0.280962177454
0.569961965116
-0.169689228687
-1.69821936423
-3.44399744183
-4.77494760741
-5.27994280509
-4.92684146504
-4.02915031326
-3.04927152082
-2.34576816883
-1.99649245175
-1.78740242968
-1.36976512685
-0.499853392163
0.770130130407
2.05962451259
2.81634055909
2.59408532987
1.31532610586
-0.620835974672
-2.45720874768
-3.38782641406
-2.92542510378
-1.15630184443
1.24625998048
3.27312777404
3.99629157209
2.97188187393
0.448686559604
-2.71601214118
-5.40206313182
-6.68474294951
-6.20555102309
-4.2944684559
-1.79482601121
0.324317985901
1.38964804971
1.28945451624
0.470672738333
-0.319345057787
-0.415290164732
0.44383340164
2.00245572005
3.63151634652
4.64880528695
4.65558764033
3.72513279657
2.35510032532
1.2134057693
0.808166995405
1.24733705119
2.20615715755
3.11481080829
3.46749718541
3.09300304781
2.24633683647
1.47164568285
1.30346861574
1.95795556263
3.17505019252
4.30081931602
4.58050965936
3.52575108699
1.17714598139
-1.87139522108
-4.70816302309
-6.49525275481
-6.83489716525
-5.93785097671
-4.51315769782
-3.43040547622
-3.31385216661
-4.26019518829
-5.81231841526
-7.19845125895
-7.71895530116
-7.09270888622
-5.59557214368
-3.92460341102
-2.85455330477
-2.85353733334
-3.8444474685
-5.2285007418
-6.16151856878
-5.95275877108
-4.39810786555
-1.89123499177
0.73831831167
2.5832776928
3.04670617786
2.08398453836
0.195168319955
-1.81773401903
-3.20744725883
-3.58553338338
-3.04172118651
-2.04027170594
-1.16113540107
-0.820444698189
-1.10290820045
-1.77322649618
-2.44069295859
-2.77814847642
-2.67837696355
-2.27347856548
-1.82055872777
-1.52829342055
-1.42686824941
-1.35551485892
-1.07408844679
-0.434742738611
0.485677129052
1.37359400008
1.80543604481
1.45706346501
0.292091404866
-1.37046888491
-2.95382465849
-3.85172444094
-3.6884326879
-2.49291743374
-0.706483289865
0.982800839174
1.90901824266
1.68712436174
0.355765309189
-1.64808618696
-3.66240050895
-5.04266110961
-5.37529860043
-4.58688300911
-2.92518234897
-0.841269499276
1.16655768648
2.686183724
3.46665992076
3.43223995924
2.65659701749
1.32331933919
-0.312079741988
-1.95876904757
-3.33388142639
-4.21578335454
-4.49743299825
-4.21867729515
-3.556778585
-2.76920042817
-2.10513205426
-1.72010014398
-1.63036795309
-1.72761911155
-1.84676923111
-1.85443304862
-1.71576398734
-1.50845547147
-1.3791922808
-1.46625366577
-1.82785576464
-2.41141480997
-3.07710680008
-3.66168356471
-4.04970477498
-4.21823283979
-4.23694824671
-4.22900502294
-4.31591305059
-4.57337324144
-5.0139911527
-5.59512426256
-6.23697311372
-6.83506145322
-7.26205966074
-7.36839148873
-6.9984943364
-6.03340785761
-4.45263685717
-2.38913149335
-0.143385811526
1.866362898
3.21372601763
3.59869411271
2.95413539963
1.47701983765
-0.433719522363
-2.31091795937
-3.77120420033
-4.62447464552
-4.90039560003
-4.78986485
-4.53660354228
-4.33200857405
-4.2572762894
-4.28715408678
-4.33660004957
-4.31328065873
-4.14431083745
-3.76996022789
-3.12410892763
-2.13322979733
-0.753790896151
0.961782148474
2.80990655684
4.43968980874
5.44248136972
5.50893277175
4.58994487972
2.97857654053
1.2527249579
0.0779278083165
-0.060186620638
0.921151782505
2.63241877813
4.34422775636
5.27945288729
4.94435598013
3.3510666489
1.02527455107
-1.21271330272
-2.60080637487
-2.76395940982
-1.8682301194
-0.527833473769
0.492536540693
0.641211363031
-0.162232629507
-1.4964183418
-2.65013722015
-2.9761274046
-2.21747339903
-0.649123515964
1.03626030929
2.04811404261
1.87576140166
0.547983406208
-1.34813046424
-2.9014017783
-3.26142907187
-2.00518743705
0.672603335133
4.02244674734
7.02202531578
8.75218011316
8.71121965732
6.95030234184
3.99744005342
0.626929157056
-2.41518480265
-4.62008285222
-5.79784271533
-6.03561212454
-5.58608111098
-4.75358309782
-3.8227089001
-3.03481057342
-2.58636071897
-2.61688232675
-3.17337847508
-4.16767802873
-5.36206577
-6.41314144385
-6.9753334067
-6.82959270304
-5.98069703387
-4.67284176673
-3.30717401403
-2.29065887775
-1.88002307099
-2.08940622343
-2.70233701693
-3.3809363162
-3.820955884
-3.88168238148
-3.63369587613
-3.30725356109
-3.16980571725
-3.39112854464
-3.95593957859
-4.65835837637
-5.17448838231
-5.17751362691
-4.44764856817
-2.93938504671
-0.792071123306
1.70680725395
4.18408604121
6.24919765277
7.55806902397
7.8709303297
7.10294290882
5.35966315383
2.94174456545
0.303442726522
-2.03835490124
-3.62727663004
-4.18662573088
-3.69244360589
-2.37106084644
-0.619330159135
1.12367897631
2.50550675031
3.34304521178
3.63399954315
3.50293869098
3.11384319489
2.59053748531
1.97656741355
1.24377193982
0.336120574788
-0.776988363701
-2.06202062463
-3.40947284866
-4.64796829945
-5.57593400091
-6.00262527665
-5.79371220436
-4.91718818283
-3.48001062935
-1.73800257834
-0.0593529143038
1.16699490656
1.66239280581
1.38519202026
0.593758671772
-0.202379946549
-0.41103585878
0.402640702363
2.29836102715
4.86782554865
7.32997622235
8.80055857708
8.6398528084
6.73443705088
3.58292344738
0.132026124095
-2.58231546726
-3.84263784452
-3.53069628076
-2.15565804031
-0.614827205397
0.20659999482
-0.184535905648
-1.70196187739
-3.76652576358
-5.61756672035
-6.69227213104
-6.88432296418
-6.55398101375
-6.28678078083
-6.52615198177
-7.27269884747
-8.01441136715
-7.9396604717
-6.34242464276
-3.02698039737
1.49088225691
6.09967765926
9.491012548
10.671944087
9.36395031236
6.11018442726
2.04479795222
-1.56909340859
-3.82507405944
-4.47220349223
-3.91081454661
-2.9132831204
-2.2213176808
-2.21658721034
-2.81052709816
-3.58147825497
-4.06382712302
-4.02563936821
-3.58944421131
-3.14189683192
-3.09245238489
-3.61942897259
-4.54491202057
-5.40851355571
-5.70289798494
-5.14745773322
-3.85508064026
-2.30094925545
-1.10338507615
-0.722995761099
-1.22909508601
-2.25051810236
-3.13815083799
-3.26379708031
-2.31482981725
-0.447163359837
1.77290364871
3.60894889724
4.46633511754
4.13792565578
2.8818100026
1.30785662424
0.132179965657
-0.0924877083908
0.835157937932
2.71831354134
5.0534573377
7.20632025464
8.60049483049
8.86044221818
7.88181834487
5.83145338933
3.09449679456
0.186858116071
-2.35377302576
-4.08516418753
-4.76509761563
-4.41310338326
-3.3000699767
-1.85504922646
-0.511669457106
0.450726251593
1.00304700511
1.35025521791
1.80103423621
2.57693599252
3.6506163006
4.69794243693
5.20085465238
4.66681689327
2.8702197806
0.00227910349976
-3.34895792212
-6.39194414571
-8.42147305228
-9.08118182644
-8.48461015224
-7.14356423921
-5.73906374908
-4.83937837731
-4.68920455104
-5.15589524208
-5.84277195212
-6.30338141339
-6.25020710487
-5.66384779979
-4.76444120673
-3.87598570176
-3.26162684921
-3.01253296492
-3.0364139904
-3.13641885659
-3.12710754872
-2.92293723599
-2.55855474572
-2.14256365181
-1.78227254892
-1.52709733945
-1.35980740801
-1.23141164549
-1.10861791294
-0.998544323013
-0.934981360228
-0.940110970784
-0.994982044259
-1.04746116994
-1.05950695658
-1.06327013014
-1.17984450185
-1.56916505798
-2.32014331278
-3.33477426117
-4.28071524017
-4.66600598004
-4.0316533529
-2.18975202637
0.606444547617
3.6613773934
6.03795396359
6.89850651372
5.84832134564
3.12760384642
-0.445671074512
-3.77206733659
-5.88695079533
-6.31932363257
-5.23876230868
-3.33127556913
-1.46816464402
-0.324377979292
-0.12012674886
-0.594131767482
-1.20196644697
-1.42582675395
-1.03526313447
-0.17334031643
0.76095018288
1.35653013025
1.42112660884
1.07406064112
0.656129137767
0.51412759626
0.786411015812
1.31410433231
1.73123084448
1.68500184139
1.06084397294
0.0785756204303
-0.806872534319
-1.15894769762
-0.834987910652
-0.12832623904
0.317743713043
-0.197533446482
-2.06787082062
-5.12694268532
-8.64650945251
-11.6065667413
-13.122649869
-12.8313848065
-11.0477959909
-8.61377730618
-6.50604106534
-5.39032257022
-5.3368694445
-5.83462260873
-6.09503833488
-5.49310450011
-3.92395845888
-1.89356900239
-0.292252592349
0.0433550689478
-1.23209504146
-3.75094616604
-6.5409029142
-8.42088691436
-8.50536015168
-6.5873282165
-3.22819842246
0.480198155257
3.36654654476
4.63783133767
4.14549349422
2.35996818086
0.0920322933633
-1.88958437666
-3.16179254679
-3.74450803217
-3.97481960864
-4.24944577439
-4.7809725071
-5.49084976352
-6.08032210426
-6.22483597804
-5.77720399671
-4.86797133555
-3.85214728467
-3.13499936827
-2.97171285967
-3.34568322912
-3.98569826749
-4.5088917049
-4.6130448648
-4.22026269735
-3.50298958748
-2.78542523084
-2.37557126327
-2.41425343457
-2.81394173239
-3.31169792793
-3.60356196301
-3.49086331788
-2.96871786469
-2.22022690005
-1.52726236795
-1.14580933584
-1.20397879267
-1.66261564887
-2.34472729867
-3.00946339278
-3.43326777166
-3.46796624252
-3.06466511061
-2.27026509455
-1.21038712806
-0.0675083327926
0.946727405407
1.63094958064
1.84567629457
1.56446046887
0.900826697311
0.0882504248168
-0.592793585547
-0.92034959625
-0.826522956468
-0.436380140658
-0.0233030361503
0.109139929117
-0.228455284216
-1.00631257464
-1.96343168987
-2.70308228259
-2.8610994192
-2.27579329353
-1.08278909809
0.312371840372
1.37887461712
1.66592558461
0.984332635176
-0.511456216504
-2.37569878698
-4.03762838742
-5.01538422315
-5.09381897387
-4.39904013877
-3.34469933513
-2.47437085666
-2.26128942055
-2.93847803904
-4.41707825427
-6.31676574429
-8.09318583412
-9.21670939709
-9.34311214342
-8.42226367472
-6.71219052461
-4.69590952303
-2.92859882486
-1.86454029794
-1.72018679253
-2.41862224177
-3.6337568442
-4.91776557393
-5.86462265705
-6.24834090308
-6.08384515858
-5.58928032641
-5.06929080708
-4.77217300341
-4.78448751772
-5.00885951378
-5.23155719841
-5.24389071495
-4.95591531706
-4.44528078465
-3.91689581055
-3.59455486506
-3.60101150897
-3.88979592165
-4.26607376086
-4.48762289859
-4.39414604499
-3.99629653964
-3.47477212666
-3.08592086548
-3.02016846226
-3.28699948988
-3.6898246946
-3.90980680086
-3.6615165558
-2.84411637617
-1.61065398795
-0.316811738647
0.629808720201
0.948379892311
0.605085249444
-0.182797854968
-1.05855425574
-1.69526300254
-1.93687818297
-1.84231485796
-1.61606555952
-1.46903534648
-1.48929701817
-1.59508065723
-1.59539004797
-1.32241445864
-0.757753297442
-0.0750707318332
0.433885254859
0.517786766218
0.125628399505
-0.523246702848
-1.00884286838
-0.898406148539
0.033827541013
1.66502724672
3.53832602123
5.03789115589
5.64943118269
5.18592030943
3.87112258877
2.23918741503
0.895528464751
0.249881289012
0.344773882284
0.856000262647
1.259479964
1.08156591192
0.114507922885
-1.49919246564
-3.34357587956
-4.92094683555
-5.86323427457
-6.06743481088
-5.70421339346
-5.11246849985
-4.64244586218
-4.52296639591
-4.80288706189
-5.37161504345
-6.02532662099
-6.5342682273
-6.68409591049
-6.29497807389
-5.24336508214
-3.5075034406
-1.23077724127
1.23475937133
3.35470774343
4.5372226629
4.33568715093
2.65541190489
-0.134373954414
-3.25858259298
-5.77179615392
-6.89515906365
-6.32044433683
-4.34686722754
-1.77978197511
0.377924591063
1.31750716816
0.734568688514
-1.07300318439
-3.35662878947
-5.24526720169
-6.10208069375
-5.75544967819
-4.51474865749
-2.98339393428
-1.77159710318
-1.24707297983
-1.42996379531
-2.05867332147
-2.76870183203
-3.27932378862
-3.49374913284
-3.47675623583
-3.34507515537
-3.15075992141
-2.83362034078
-2.27073667681
-1.38852316541
-0.262302978042
0.86679799778
1.68040715801
1.93673114236
1.60711103422
0.91594135828
0.253027291407
-0.00447488075275
0.327208415811
1.14769739244
2.11977584039
2.83214580915
2.99557115107
2.57408213971
1.78831465105
0.99579784156
0.516359412435
0.495749177601
0.874386659036
1.46639630923
2.09198946562
2.6789439127
3.27176542556
3.94672499254
4.69243885854
5.34208614221
5.6170719857
5.27551776384
4.28940728637
2.94298894517
1.77445760051
1.36217515065
2.04551908157
3.71974981442
5.82272773671
7.54391372065
8.17405338397
7.43480783769
5.62540047031
3.50439984707
1.95214174757
1.57001934018
2.40953610505
3.96491712589
5.43489185652
6.12503841116
5.78991254273
4.74231043881
3.67331514425
3.27372306629
3.85057466036
5.13826982874
6.4073926479
6.82333713782
5.87736391129
3.67134168577
0.906748294307
-1.42496826661
-2.50310295364
-2.06370884975
-0.519584951864
1.24628650812
2.31236262305
2.16183849764
0.918876383661
-0.736934015204
-1.93135387841
-2.04757801182
-1.04103116502
0.541490157973
1.8472484988
2.16306658426
1.29584950748
-0.304712369836
-1.74587188013
-2.11877634829
-0.945445360546
1.57088001179
4.61238268556
7.09752277882
8.14899743385
7.46077510128
5.40058809198
2.81401103265
0.635928652701
-0.502508894221
-0.494624940407
0.276429107892
1.18502497572
1.68539572069
1.55031678679
0.924596558542
0.192248772048
-0.253357419544
-0.210371273957
0.255677698411
0.882321169429
1.37127615997
1.54520293969
1.41948483236
1.16331346815
0.986244010681
1.02136158635
1.26829696226
1.61765850633
1.9300374306
2.11589774761
2.17071255391
2.15432880788
2.14099828256
2.18270485191
2.31366207081
2.58865609908
3.11638641092
4.04381179011
5.47545908871
7.35811785406
9.39794121869
11.0779357296
11.8020809267
11.1257353986
8.97545400222
5.74836012786
2.22473671647
-0.689201898668
-2.28805853588
-2.32287724677
-1.07118850904
0.809817356253
2.57751946377
3.70760711587
4.06828856893
3.89336227712
3.58472345998
3.45959071973
3.58125272397
3.76218972711
3.73118409395
3.36300790239
2.83063124095
2.57790564509
3.10726918348
4.68226472372
7.10223213868
9.68317048843
11.4824675163
11.6823987182
9.96005347629
6.66584568648
2.71527829556
-0.768724577912
-2.90675104746
-3.40430228371
-2.6302227725
-1.40108001702
-0.577120690779
-0.660965895778
-1.58425667321
-2.77432960251
-3.45889421466
-3.05648241699
-1.46582433505
0.877907664577
3.19737554723
4.71772772892
4.99692416771
4.09317541425
2.50537046759
0.930714693825
-0.0369079920818
-0.129378268806
0.53989673006
1.58790333248
2.56570950904
3.14690536587
3.21855997662
2.85419647595
2.21120794847
1.42648529418
0.570876159009
-0.32247312594
-1.19012799246
-1.88938514309
-2.21368052883
-1.97595885924
-1.11836578134
0.215439378101
1.69477303627
2.90922227355
3.52552131992
3.42230012291
2.73867248959
1.81271958121
1.03786128528
0.702686191273
0.88492429348
1.44185546677
2.09325563276
2.55245567456
2.64500176801
2.36770327876
1.87342318703
1.40041911801
1.18324758182
1.37956620467
2.03006391502
3.05034564225
4.24495016687
5.33710655541
6.01629255982
6.00832709744
5.16316807306
3.53719077614
1.43174876757
-0.647865593139
-2.12331292922
-2.53292048126
-1.71175781879
0.118033879251
2.40063336955
4.44009941491
5.66572623666
5.86003980327
5.24655464344
4.38967505397
3.94124157819
4.34008356705
5.59778803997
7.27056104029
8.6363665952
9.00431384858
8.02194769277
5.84461134148
3.09084216685
0.601834369177
-0.891481825721
-1.05177183139
-0.0520541157106
1.51574450968
2.8918725386
3.44668143977
2.90131102738
1.39011663813
-0.642035589373
-2.6448594766
-4.17278535526
-5.01488673794
-5.20714400265
-4.94684484203
-4.46803377321
-3.94228869121
-3.44327440111
-2.97385737984
-2.52288899627
-2.10990818189
-1.79112887748
-1.62766559517
-1.64033913942
-1.78213902465
-1.94746485356
-2.01503998897
-1.90216099162
-1.60215576448
-1.18673109256
-0.773740585514
-0.477912168371
-0.368402778973
-0.450569196289
-0.675131009331
-0.964625386234
-1.24168069109
-1.44762629043
-1.54905679881
-1.53746442091
-1.42826112655
-1.26068341141
-1.09392607433
-0.993130711579
-1.00415190396
-1.12561849729
-1.29403391113
-1.39612968433
-1.31081764602
-0.966019647111
-0.383056188952
0.318053532662
0.962762129653
1.40073673696
1.58289806708
1.59564958451
1.62802425102
1.87975021408
2.45051028266
3.2657212579
4.08210790789
4.58063075621
4.51106257286
3.82309072713
2.71923549481
1.59712009748
0.898860305884
0.930004875258
1.72763712744
3.0376308515
4.41293763765
5.39043211014
5.66884416272
5.21114527042
4.2307679516
3.07478701142
2.06305062548
1.35890318725
0.927790693008
0.595306466081
0.168493848517
-0.443641540591
-1.17014826127
-1.80571905673
-2.10908786134
-1.92220026355
-1.2526887668
-0.282445408309
0.698554908924
1.40004388466
1.63196447323
1.35695564616
0.679830696415
-0.211738770568
-1.12265685903
-1.90875067993
-2.49966031437
-2.88824679211
-3.10320757719
-3.18422443071
-3.17058109075
-3.1017547452
-3.02021741756
-2.96713006604
-2.9693410258
-3.0250951641
-3.09957457971
-3.13692299173
-3.08529529288
-2.92212260882
-2.66449228069
-2.35656270346
-2.03888949916
-1.71618304078
-1.34332503441
-0.841747029289
-0.142888285143
0.759793030592
1.77578228015
2.71967710539
3.35537584351
3.46879790254
2.94300042465
1.8080820617
0.247955411722
-1.4381259038
-2.90656692908
-3.85182420208
-4.07858989975
-3.54746329069
-2.38519583456
-0.857493909672
0.691520168388
1.92261202892
2.58969042956
2.60925718437
2.08686932163
1.28538242088
0.538191214884
0.133075814081
0.208690569934
0.70647261112
1.40192901579
2.00644466853
2.2978446026
2.22123012184
1.91145620518
1.62314208299
1.59854991692
1.93658156896
2.52983943385
3.10681060542
3.36523687276
3.13495045446
2.48847247701
1.73769114203
1.3076221159
1.53917588395
2.51190614759
3.97410239776
5.42089213851
6.2923477238
6.20585543143
5.11876759234
3.34836893651
1.44201370854
-0.0409028784368
-0.735173928672
-0.574754781779
0.239833898752
1.3797416175
2.55113531375
3.59829034077
4.50099598375
5.28311358885
5.89970582797
6.18154162185
5.8817049546
4.8080058857
2.97050422372
0.656451342168
-1.62351856968
-3.30905087838
-4.00984930862
-3.66812272394
-2.58301190766
-1.28154010583
-0.295565947169
0.049850395244
-0.261419788317
-0.984806500797
-1.7770886514
-2.37882647409
-2.71763298099
-2.88074631556
-2.98166566772
-3.00849263658
-2.75568038737
-1.89647965089
-0.172703953259
2.39525551017
5.40031721397
8.12371358735
9.78475005822
9.86332343811
8.34491560748
5.76316269067
3.00554462399
0.960544955488
0.163738981366
0.604659594585
1.78152385317
2.97245687806
3.58804345384
3.43284574704
2.75202063932
2.04929892829
1.77882704306
2.07664955753
2.67543349256
3.04938943239
2.71453483301
1.52523187101
-0.194526809631
-1.76466510861
-2.46139410974
-1.87703068418
-0.145344306055
2.08790419018
3.94518134618
4.71858488559
4.1993734034
2.77390962991
1.23613730822
0.404399376298
0.726147560345
2.06066408287
3.74410030413
4.90516292684
4.8801537121
3.53057100321
1.31587603933
-0.907480610118
-2.26082110523
-2.21472258982
-0.789769245222
1.49285621007
3.86991977194
5.66943678511
6.56128460154
6.62135742987
6.20427054832
5.71167973729
5.38369445981
5.21380517583
5.0127195932
4.56613606769
3.78803826606
2.78441863722
1.80070236717
1.09427579795
0.812873224854
0.949545692903
1.39360388278
2.03572190375
2.85093198931
3.8964975759
5.21588174775
6.70418039431
8.02619770118
8.66185964655
8.08948952656
6.03769540907
2.68461128643
-1.30942010099
-4.98089365809
-7.3992980079
-8.02356381924
-6.92011499711
-4.73701704264
-2.43508756826
-0.887521763504
-0.522032751503
-1.16305212897
-2.14260008412
-2.62776385799
-2.0160339598
-0.221265504603
2.27519500613
4.62683392724
5.98420881221
5.85660077822
4.31874317758
1.98118627785
-0.253432243136
-1.538676009
-1.39317267625
0.145618418415
2.56583887405
5.08588563105
6.92660976365
7.54856058633
6.78292194144
4.83593561726
2.19238236829
-0.53296286233
-2.74840656641
-4.01154881798
-4.11397381195
-3.1182258615
-1.34172004328
0.716694797058
2.50252121387
3.56011909672
3.67237680297
2.93395926514
1.72057641574
0.552467810619
-0.10518378365
-0.0293919722443
0.664622289602
1.5652291143
2.13465252791
1.94208625999
0.863249421395
-0.840033202296
-2.59863780008
-3.74591486134
-3.77588318595
-2.54675634153
-0.349201390992
2.18621458242
4.30442992138
5.38078891978
5.12207574942
3.6469197883
1.42802550706
-0.871182950954
-2.60117537668
-3.30367574102
-2.81335213901
-1.26763925258
0.961363574398
3.38077732426
5.50069973799
6.93878222598
7.48775815024
7.1386126555
6.06030559128
4.5436311734
2.92297977901
1.4948989018
0.45409812693
0.11878867298403861
0.1749716299579802
0.4858894099091202
0.8948768031409031
1.27598851867819
1.5601966209590188
1.7325362215222668
1.8086761516497916
1.8070218928131254
1.7313207085347386
1.570284114633779
1.3102391861725664
0.9502682961463904
0.509971470622915
0.026633610497299287
-0.4536528403390889
-0.8828084676068357
-1.21048908354
-1.75641762857
-2.07791328222
-2.11415816918
-1.83581938077
-1.27584717055
-0.545520877757
0.181031587141
0.717239561768
0.933578824256
0.815538000489
0.478774874563
0.126648636368
-0.03729470989
0.0956807304758
0.483290663493
0.946687056812
1.25480583349
1.24205582067
0.902299537568
0.409000205355
0.0446508246438
0.0672511951818
0.575649147583
1.44084210647
2.34219943218
2.89816458832
2.83402165178
2.10848069526
0.937766517129
-0.296381146518
-1.21263979594
-1.59161947978
-1.45650109066
-1.03608977717
-0.631827953485
-0.457949987278
-0.536750128449
-0.70200987957
-0.707346410009
-0.381211373418
0.255087979916
0.972061832114
1.4324580369
1.35971451888
0.689214638764
-0.377180800772
-1.44589167949
-2.10330490962
-2.10212682049
-1.47113820941
-0.494277847545
0.429992101326
0.978131983194
1.04473259183
0.768790952115
0.433053050572
0.292383370671
0.424168913085
0.682268608543
0.781309263092
0.468163105722
-0.311303178091
-1.34343512645
-2.22098245199
-2.53128527699
-2.0674518584
-0.954279933345
0.381180255143
1.38858818887
1.64082892923
1.02865960639
0.2640382199585787
-0.6257262915350594
-1.1684072001393417
-1.145081199956337
-0.7033018053169968
-0.2823025857536692
-0.38119586519978554
-1.2808610484203342
-2.857624611646628
-4.587052359371668
-5.747042495285896
-5.733226510799753
-4.342867337947752
-1.8939676957608924
0.8800038916088369
3.1169564939185648
4.168877421861353
3.8501116482654254
2.4856420260768886
0.745869420097236
-0.6499782091585047
-1.2250033898415467
-0.903840889511
-0.496975824104
0.0362163104453
0.285529268097
0.0866822503557
-0.440934404847
-1.00252852398
-1.31274249429
-1.25476841332
-0.932275188992
-0.594027023109
-0.479862157316
-0.677161038716
-1.06878778312
-1.40195684992
-1.44020815454
-1.11334836952
-0.578180878125
-0.148072196041
-0.119304779679
-0.58087290494
-1.31080361227
-1.82579014512
-1.57784340116
-0.216765323536
2.20235255183
5.17064274862
7.8725583279
9.47715685451
9.45445544254
7.78232878767
4.95445586705
1.78548663967
-0.902755968857
-2.58017743304
-3.16832965352
-3.00163438307
-2.61922752984
-2.48983020529
-2.79674285421
-3.37667852781
-3.83170074642
-3.75321686393
-2.94760081212
-1.55608353954
-0.0138787836009
1.13051688627
1.45089111354
0.825634608889
0.9559821452749873
0.8500512172862642
1.0272084177317282
1.83331500538
2.00277177376
2.5960818122
3.20472019987
3.45284720895
3.15999071168
2.40572428961
1.47636418206
0.727573803763
0.430976820958
0.673284582517
1.34559302757
2.21538883548
3.03686902358
3.64324579836
3.98124252654
4.08226866615
3.99806013337
3.74395781362
3.2837903642
2.56300910232
1.56703462526
0.366180011293
-0.884511581928
-1.9965487243
-2.82629748943
-3.33843102724
-3.617698422
-3.81841118662
-4.07509457878
-4.42132206828
-4.7631607492
-4.92739266505
-4.76491661153
-4.25676086556
-3.56222794731
-2.97244512775
-2.77866241436
-3.11134716064
-3.82956733676
-4.52608258615
-4.66520892338
-3.80829412993
-1.83435244955
0.945086937992
3.84041497866
6.00171431808
6.72212382043
5.70721488666
3.19908618584
-0.0993927977576
-3.27307103456
-5.5171437084
-6.40529736043
-5.99937081632
-4.76489071743
-3.3387624819
-2.25499551702
-1.74614284871
-1.69838167601
-1.76615360315
-1.58123744124
-0.952841894807
0.0342478625069
1.06398976713
1.74768956572
1.8161363483
1.25192936581
0.300537306794
-0.641510586813
-1.20426668842
-1.20125589349
-0.691945729101
0.0756735914738
0.808362251498
1.32100244202
1.62060223795
1.8774524329
2.29804873993
2.96614972972
3.73809964972
4.25575437115
4.08480311697
2.92375051404
0.789108829394
-1.9147072319
-4.48628380489
-6.15492217997
-6.359098046
-4.96315171802
-2.32156328153
0.838391964792
3.67018486176
5.49683661548
6.02151511871
5.38178954617
4.0365844715
2.54427255035
1.33204902802
0.553702981429
0.0881722974142
-0.333935293476
-0.9448595636
-1.78697690447
-2.66516509427
-3.22532750801
-3.12128420728
-2.19232313206
-0.569865244803
1.33573018001
2.96409148373
3.79600227088
3.52911052376
2.17054494901
0.0166096393496
0.4906312486039184
1.1236794876008247
2.27765405321
0.839840204646
0.0684619629023
-0.183914305602
-0.109345014445
0.119102646696
0.376040884644
0.582120775063
0.690108000528
0.676043720949
0.541131847586
0.316502365063
0.0573652454476
-0.180592553894
-0.375310983066
-0.562927464374
-0.831307883963
-1.27442469695
-1.92226302274
-2.68084052007
-3.32124303139
-3.53954517027
-3.07651749921
-1.85219766756
-0.0535000089703
1.87562194392
3.35416480779
3.85807977594
3.11471369191
1.21697789619
nan
nan
nan
nan
nan
nan
nan
nan
nan
nan
nan
nan
nan
nan
nan
nan
nan
nan
nan
nan
nan
nan
nan
nan
nan
nan
nan
nan
nan
nan
nan
nan
nan
nan
nan
nan
nan
nan
nan
nan
nan
nan
nan
nan
nan
nan
nan
nan
nan
nan
nan
nan
nan
nan
nan
nan
nan
nan
nan
nan
nan
nan
nan
nan
nan
nan
nan
nan
nan
nan
nan
nan
nan
nan
nan
nan
nan
nan
nan
nan
nan
nan
nan
nan
nan
nan
nan
nan
nan
nan
nan
nan
nan
nan
nan
nan
nan
nan
nan
nan
nan
nan
nan
nan
nan
nan
nan
nan
nan
nan
nan
nan
nan
nan
nan
nan
nan
nan
nan
nan
nan
nan
nan
nan
nan
nan
nan
nan
nan
nan
nan
nan
nan
nan
nan
nan
nan
nan
nan
nan
nan
nan
nan
nan
nan
nan
nan
nan
nan
nan
nan
nan
nan
nan
nan
nan
nan
nan
nan
nan
nan
nan
nan
nan
nan
nan
nan
nan
nan
nan
nan
nan
nan
nan
nan
nan
nan
nan
nan
nan
nan
nan
nan
nan
nan
nan
nan
nan
nan
nan
nan
nan
nan
nan
nan
nan
nan
nan
nan
nan
nan
nan
nan
nan
nan
nan
nan
nan
nan
nan
nan
nan
nan
nan
nan
nan
nan
nan
nan
nan
nan
nan
nan
nan
nan
nan
nan
nan
nan
nan
nan
nan
nan
nan
nan
nan
nan
nan
nan
nan
nan
nan
nan
nan
nan
nan
nan
nan
nan
nan
nan
nan
