nan
nan
nan
nan
nan
nan
nan
nan
6.47823970924
1.29244343388
-2.46642125375
-3.86230193588
-2.9864747288
-0.814897614608
1.3162361894
2.35997052111
2.02788387837
0.868403466185
-0.0668902144362
0.204115045463
2.06312684275
5.05581593761
8.06010325339
9.77535289364
9.30218532264
6.54679871791
2.27177743886
-2.21853464312
-5.60615945339
-7.06283881705
-6.51670488062
-4.5900674201
-2.26765384855
-0.465986498891
0.301925921162
0.0392113336829
-0.855629642261
-1.84735077699
-2.51832796974
-2.70450370045
-2.47770591002
-2.02255711337
-1.50050698684
-0.980562483577
-0.460629771047
0.0582650786376
0.513313920829
0.788681957136
0.792298107737
0.548688021162
0.235938901442
0.122281034919
0.418584801508
1.12213883082
1.94770059693
2.40714974612
2.02315719768
0.584127408306
-1.68894647277
-4.1636455127
-6.01933481176
-6.58483491239
-5.63771301783
-3.51985220914
-1.00491355138
1.02945621297
1.97581121633
1.74287476095
0.758238068275
-0.270089950635
-0.713895079493
-0.328706931341
0.646538597559
1.63804324508
2.0520041187
1.59036495352
0.403715721061
-0.996057774026
-2.01407257568
-2.29115442216
-1.89010685718
-1.246376681
-0.90654132736
-1.19556978202
-1.99910948004
-2.79301197971
-2.92331969596
-2.00106089114
-0.200847619698
1.71567256496
2.70073061107
1.92839985144
-0.727777489581
-4.49411277354
-7.90593008916
-9.37139961988
-7.86031927844
-3.41235280449
2.77670815055
8.75277682163
12.5330881679
12.8643788867
9.68961171415
4.12943008266
-0.8988919694901512
-4.729466026340802
-6.297544268221202
-5.564286452538383
-3.3835193355143502
-1.0103329351293695
0.5026072352677176
0.7443775301129278
0.040786844545053214
-0.80278332494
-2.03690456735
-2.14110065399
-1.25270378885
0.031178165725
0.988571821525
1.14318637125
0.484076847944
-0.564264988038
-1.38951367633
-1.51862432075
-0.855315865702
0.286017225205
1.35515212037
1.84997638423
1.56116427897
0.657896950732
-0.417963972744
-1.18364016272
-1.34858200324
-0.932383481616
-0.217694130094
0.423644140556
0.730464809927
0.671309802545
0.42625590764
0.252622026203
0.317654810477
0.59533583268
0.884764871275
0.937332227542
0.61808870514
0.00698283617972
-0.621636345019
-0.935683361995
-0.72748068069
-0.0429496583892
0.815620724298
1.42174233281
1.42940517218
0.748220916601
-0.400268496022
-1.57557116807
-2.31622073657
-2.34617911543
-1.689905615
-0.64338142274
0.378985805861
1.04089728917
1.2253497308
1.05446748781
0.787422218477
0.659149471871
0.750598051004
0.960040579342
1.08676241436
0.975026258366
0.632015457343
0.247258475367
0.0958566143245
0.374430549867
1.06083039384
1.88227228824
2.42290410175
2.32743754274
1.50111859474
0.198902758287
-1.05493037542
-1.69310064157
-1.37779524267
-0.188477058345
1.37365298561
2.58069098267
2.79383748102
1.75950885923
-0.252421136245
-2.53903756134
-4.25165939039
-4.75748134858
-3.91653302683
-2.1500144013
-0.2674010726
0.873954562195
0.729566555283
1.6724870135513612
1.85358072116
-0.222758515704
-1.42949765595
-1.33743228657
-0.0435149984271
1.889522489
3.67946123054
4.64567676778
4.46931136044
3.29064883604
1.61584435303
0.0853952944367
-0.790924687939
-0.823056070655
-0.184425906462
0.693672333135
1.32082229621
1.3513362695
0.711941147907
-0.389714626053
-1.56778138766
-2.42201936535
-2.69435052176
-2.35939760091
-1.62045193023
-0.819422368043
-0.299371080688
-0.271968903751
-0.737205946089
-1.48273576597
-2.16279840539
-2.43023159777
-2.07702022281
-1.13416503878
0.107785657898
1.17235032413
1.54852611663
0.874457284363
-0.909043925184
-3.49411249118
-6.26403860834
-8.46627806815
-9.44920990682
-8.88291845221
-6.88321982774
-3.98808199607
-0.987549688887
1.33662194602
2.46903454659
2.32190126355
1.24003867374
-0.150464461457
-1.18956067174
-1.42935148712
-0.783924186624
0.471633245542
1.84538295257
2.85024957176
3.20818045133
2.95257601895
2.39084381437
1.94973005491
1.9752876776
2.57609415683
3.57631701629
4.59516433273
5.21384691173
5.15478882858
4.3956711829
3.17255637638
1.87643902342
0.893162091783
0.457789408601
0.583173843936
1.08555900517
1.68574731288
2.13318210732
2.29557246621
2.17877893444
1.87839809673
1.49746882858
1.07839964349
0.586074552866
-0.050139772788
-0.859894868633
-1.76431734662
-2.55776960567
-2.95600327811
-2.69598263514
-1.64755572708
0.10975293674
2.27779902739
4.40444559212
5.9994852673
6.6627398562
6.18511048843
4.59735084088
2.16098563769
-0.688160364781
-3.42615852003
-5.54007120564
-6.62681561171
-6.47981426832
-5.14841998035
-2.95141450031
-0.427997652529
1.77756746546
3.07915641144
3.11750391606
1.87881911586
-0.28519084749
-2.75506987871
-4.83581596236
-5.98142958856
-5.97219057263
-4.978610926
-3.48723209983
-2.11625181498
-1.39136648497
-1.56610822174
-2.55055689373
-3.96693209735
-5.30035187946
-6.07957141915
-6.01887351418
-5.07734874586
-3.43148588494
-1.39169531773
0.692164302902
2.50072798918
3.77970613226
4.35224397332
4.13148144738
3.14597959143
1.5693265063
-0.27287080507
-1.94666573338
-3.01243364795
-3.16250991416
-2.34215804475
-0.796308964316
0.992396340491
2.46413189182
3.18449481833
3.00742026636
2.12688474334
0.989924388684
0.103106530245
-0.186974156748
0.155823470356
0.843227902597
1.39433163767
1.35866331046
0.535257399717
-0.907534533611
-2.46585486829
-3.47828077564
-3.37896131107
-1.92660121935
0.680039176959
3.84482272774
6.75988411691
8.66765089528
9.10802674428
8.06803447967
5.98663613676
3.61539900383
1.78011852658
1.11715951566
1.86507037829
3.77676622964
6.18437348669
8.20491689139
9.03043001736
8.21309193335
5.84708889927
2.57229026556
-0.620780666568
-2.733819466
-3.13704364929
-1.83632757274
0.485957873448
2.69601052521
3.63459052161
2.58853707434
-0.382655052808
-4.41316585319
-8.12773211278
-10.1698359954
-9.75603522437
-7.02555981911
-3.02649561079
0.674648066647
2.61349467409
2.02724749142
-0.819333909698
-4.72620879326
-8.03991992788
-9.33060407258
-7.98391336137
-4.46057873004
-0.11524908621
3.34841120883
4.55771282972
3.00459331134
0.9101063637335187
-2.0931451715752587
-4.43203542003
-6.5738507281
-6.40176186242
-4.34170826605
-1.41658919079
1.22043698326
2.74295195885
2.91164738568
2.05540250185
0.820272037674
-0.171147643302
-0.586386002079
-0.467500032139
-0.123443251862
0.0878843015835
-0.0358494260328
-0.451644416288
-0.927802009086
-1.20032157752
-1.13506869858
-0.806363647592
-0.452922032098
-0.339344941579
-0.600390556181
-1.15221340937
-1.71826075243
-1.9579570129
-1.634424325
-0.738597573203
0.490974280689
1.66296021033
2.39945564359
2.49873113193
2.02329768485
1.2769045931
0.682440778135
0.612617217449
1.24090566577
2.46794400604
3.94693009409
5.19517621018
5.75166755703
5.32949636276
3.91734409278
1.80081254275
-0.503677642452
-2.38718980891
-3.32376104346
-3.03444576614
-1.58831677457
0.599131145518
2.88168220562
4.58521584566
5.23432659068
4.72119436502
3.34699920543
1.70896258396
0.46637668538
0.0726561743236
0.582611169018
1.62100065436
2.53544505422
2.67840809259
1.70309881751
-0.254921445351
-2.59592659253
-4.47685268532
-5.14985084595
-4.27952886889
-2.10440099545
0.629214827003
2.93817542402
3.97033271815
3.32175097213
1.17882090818
-1.76506899691
-4.57642468844
-6.41972708691
-6.83405932406
-5.85075649095
-3.92594568631
-1.73626886474
0.0679592615773
1.056277219
1.09977707611
0.337036146177
0.18963907987712503
-0.13271165239660832
-0.3506922986429686
-0.278389612942
-0.96293469295
-1.2454398777
-1.17028471264
-0.838322528078
-0.396585571917
-0.0103797355858
0.184097290467
0.131283884382
-0.114217961854
-0.401971513511
-0.546548307413
-0.412913740126
0.0119989593299
0.597824805142
1.11450578934
1.32564985671
1.09107508925
0.432004453851
-0.471298336787
-1.34860538286
-1.94409304567
-2.10943070377
-1.8463317797
-1.2847614556
-0.613354460849
0.00126824244163
0.468910010867
0.784165302797
0.994407630274
1.15252241005
1.28329883738
1.37991249153
1.42652057102
1.42693060778
1.41677211768
1.44857344332
1.558005254
1.73359180843
1.91245417783
2.0102379296
1.97220702571
1.8169799432
1.64443323518
1.59638546389
1.78452680137
2.22074307105
2.78838212469
3.27567970365
3.46215137443
3.22049907949
2.58550368533
1.7542795595
1.01376263618
0.626155993723
0.723803847352
1.26091284847
2.04243855237
2.81378797329
3.36713241757
3.61487345559
3.60021438671
3.44813573238
3.28955088086
3.20162477339
3.19342614268
3.23672700695
3.31396183615
3.44541963972
3.6719592609
4.00024475015
4.34677750402
4.52637103273
4.31174645023
3.55100847261
2.28946984584
0.825204008296
-0.352412683945
-0.739830012376
-0.0494409720513
1.60960512992
3.69632628713
5.39028972463
5.89047578621
4.74605257474
2.07645860778
-1.4263916544
-4.73301983374
-6.86388209293
-7.27212939918
-6.05789663025
-3.91704609989
-1.84031272581
-0.688920915978
-0.830019511379
-1.99213385161
-3.40552270913
-4.16621405794
-3.66191356008
-1.86876311942
0.615771820584
2.82127419556
3.82546059372
3.16162703819
1.03161612311
-1.77015468383
-4.18784868147
-5.34452709572
-4.89945988765
-3.17005098032
-0.972484098411
0.740632136654
1.28147273888
0.492687097815
-1.22929011146
-3.1481353783
-4.52930521707
-4.95034021502
-4.44545631137
-3.43420727135
-2.48563974863
-2.04056822584
-2.22404653586
-2.82711225519
-3.45031262426
-3.72471846306
-3.49541796249
-2.87994258864
-2.18279092522
-1.72084089597
-1.65598987783
-1.92161168847
-2.27582329283
-2.44649621616
-2.28608645873
-1.85223600041
-1.37241158915
-1.114190102
-1.23330688182
-1.68274407476
-2.2325454627
-2.5899986881
-2.55550555775
-2.12988793081
-1.51457410591
-1.00350790699
-0.824162916468
-1.01331418687
-1.39565932588
-1.67875546082
-1.61480108803
-1.14226054134
-0.428976783375
0.210280982675
0.481413045664
0.27549432187
-0.259887656739
-0.785924232163
-0.946221056742
-0.56107272208
0.260320095753
1.15342464757
1.6673338622
1.48736736912
0.598720038784
-0.694381064919
-1.90716967985
-2.60273610378
-2.59538235902
-2.02600093327
-1.27257958844
-0.745104110912
-0.675050951609
-1.01232439564
-1.48424144227
-1.78203833148
-1.76802678442
-1.58120581008
-1.5716477983
-2.08862279616
-3.23421916325
-4.72473338224
-5.95569775678
-6.26289543781
-5.26300468271
-3.10178088857
-0.468725989497
1.65491202197
2.41421896258
1.47229352697
-0.816941159026
-3.54990423601
-5.67320300315
-6.4570570135
-5.8146046902
-4.30914283665
-2.84252969687
-2.1771842177
-2.53119763345
-3.45469356796
-4.05789905015
-3.48386286995
-1.3901072814
1.80957204753
5.07921791543
7.22136111707
7.4480219107
5.78218944566
3.08423632686
0.676591534612
-0.263215460657
0.746260859213
3.26049094427
6.11343875946
7.96002005033
7.89650409646
5.86187661666
2.63164161637
-0.584012246506
-2.73254200745
-3.40645643755
-2.98739940532
-2.38365643163
-2.50295872253
-3.73468606224
-5.70889049604
-7.4579228123
-7.90159481325
-6.41204641921
-3.17259116225
0.853501384387
4.3345539099
6.16417244797
5.94981229578
4.16272403496
1.88395973463
0.278432338177
0.0570007080536
1.1832390321
2.9520556747
4.37996625048
4.69723656542
3.69412153735
1.76196797607
-0.365157193833
-2.00930818435
-2.86643134462
-3.07934577306
-3.04572679292
-3.09057939068
-3.20695721644
-3.02737705919
-2.05419632662
-0.0236580269856
2.80952586035
5.65127665486
7.46069711705
7.43457786353
5.44543129001
2.19756028633
-1.00687802867
-2.80844748522
-2.39498500521
0.116944460889
3.71374221168
6.92572878382
8.47691664564
7.84120668253
5.44643941414
2.43651225317
0.112809374626
-0.673826187959
0.107173609095
1.69970830078
2.96401069378
2.93911911444
1.28749045524
0.41398848317858494
-0.7731410528448066
-1.3287254495740228
-0.711701621641
-0.998021060569
-0.739676859217
-0.635820646221
-1.13360515657
-2.20580225975
-3.40230121538
-4.13017248869
-3.99789998738
-3.03361190904
-1.66478931226
-0.482437620284
0.0694713770931
-0.0974463696252
-0.721985436823
-1.39944060805
-1.85560849719
-2.11535652374
-2.45290988885
-3.14143195911
-4.14746712187
-4.96725198282
-4.74186423874
-2.64195884807
1.64493865125
7.57492712833
13.7634505637
18.4065058888
19.958958155
17.7803158619
12.4495709672
5.58649555758
-0.762589561124
-4.91503738188
-6.17382548953
-5.01200118002
-2.75127445205
-0.898084316725
-0.452710683725
-1.5082082026
-3.30786952708
-4.70638285073
-4.78994018614
-3.34497530378
-0.952223188163
1.32445948652
2.48403619803
2.0881905071
0.466467944648
-1.4675751177
-2.68668200002
-2.56404699313
-1.17346317555
0.768536782995
2.27990443507
2.6126042388
1.62169730139
-0.17665494033
-1.87851112946
-2.65103936164
-2.14285915211
-0.6430439375
1.08216408786
2.18261573226
2.14343479557
1.02043233253
-0.617905444086
-1.99965839167
-2.54254402286
-2.12761027924
-1.11945826004
-0.134569529382
0.309919367557
0.076063971577
-0.534978943
-0.971958131232
-0.766877764108
0.169680032197
1.45532863998
2.40386935277
2.37611429585
1.13593180918
-0.975535553927
-3.1481816409
-4.45479924085
-4.28406146165
-2.64677313855
-0.203506325927
2.00750934262
3.02102780559
2.36749189846
0.273863360858
-1.6841557891407035
-3.2417281380271845
-3.6093666405963774
-2.570851402067987
-0.5509478337846048
1.6036396578700192
3.019875063440068
3.1858365650351317
2.1583201324058194
0.5092019479812677
-0.948885129385
-2.33746025424
-2.54173043959
-1.74303604155
-0.472185122088
0.655473332089
1.20791481509
1.08795408121
0.515091520168
-0.131752090213
-0.519274011075
-0.510003449329
-0.193822509155
0.197899970365
0.436818266664
0.419667539157
0.207237105191
-0.0311945831604
-0.128779466729
-0.0219728933434
0.214163570537
0.413214659969
0.418604729577
0.181498135827
-0.199268729015
-0.51851798102
-0.567408804198
-0.244999918276
0.379185294579
1.08535668908
1.59898754226
1.7166841111
1.40201445741
0.805029963503
0.195643458853
-0.158075456245
-0.109909288638
0.301537621981
0.874866161518
1.340973459
1.48586342077
1.24432040948
0.722712582
0.143125587965
-0.262548155369
-0.357963523222
-0.158663085997
0.18461268006
0.464990799814
0.521714263049
0.316930218015
-0.0482899313341
-0.38480080536
-0.508086182736
-0.329088001607
0.0987459199986
0.597302063313
0.937962277489
0.93866737721
0.541340668019
-0.162947420074
-0.970073119815
-1.6430058523
-2.00152388872
-1.98540430613
-1.66838807935
-1.2215222645
-0.843957440719
-0.6892085517
-0.812751661413
-1.15567568559
-1.56521915393
-1.84235814298
-1.80200304966
-1.33184915661
-0.438360693011
0.729899511244
1.89048500962
2.67322221692
2.70363425655
1.71061857272
1.8074571075179477
1.0283225141065344
-0.15022161020263525
-1.0806362162787195
-1.1123416568
-2.02821505985
-1.47672090582
0.243483905432
2.49462434123
4.48466289695
5.51063579353
5.17875626086
3.52484485807
0.993099454134
-1.71804186491
-3.88692126791
-4.99505597096
-4.87289461129
-3.72188243404
-2.01597705474
-0.326755248262
0.862688046247
1.29411246502
0.984368728916
0.185880868537
-0.718131136914
-1.34422334215
-1.42539092901
-0.884543255188
0.149608875523
1.38417579307
2.44905150381
3.00736753319
2.86059671842
2.01722061039
0.699682745279
-0.719794425924
-1.84030200708
-2.37214725464
-2.24405565946
-1.63201862907
-0.890803000661
-0.408261124639
-0.438095765549
-0.981635641423
-1.77389991791
-2.38745168121
-2.41600799248
-1.66152888001
-0.242280439009
1.4298396831
2.79873164093
3.38017014129
2.95361599907
1.64815829392
0.04578622006634703
-1.4667647910130484
-2.43273141717
-2.65487481644
-2.21679015356
-1.43271409962
-0.681716723254
-0.246125442809
-0.215222122156
-0.486786719055
-0.850421307214
-1.10109102826
-1.12511624466
-0.924043135228
-0.579345171624
-0.191349096571
0.166786194419
0.456759273465
0.651248981548
0.708393606881
0.575976146175
0.234882632621
-0.240488664282
-0.648788581389
-0.694679368408
-0.0957142317233
1.27345518536
3.26796005878
5.45814481883
7.2427794643
8.05942671589
7.60895818519
5.99438545451
3.70488393655
1.44253716403
-0.138814005712
-0.671285004312
-0.18556322023
0.945304715887
2.19611542618
3.1181850293
3.49824662413
3.38053738929
2.95869223066
2.41175390669
1.78481836212
0.985554055039
-0.101584084855
-1.45389135951
-2.80724063104
-3.69318881505
-3.62544310676
-2.35899650017
-0.0922661633389
2.50641260819
4.49193796357
4.9943831742
3.58478136581
0.489901228173
-3.4509277511
-7.08230958786
-9.36398117779
-9.75560954133
-8.39336729003
-5.98917115877
-3.50633918118
-1.76115344054
-1.12469861452
-1.44409613272
-2.19579860998
-2.77817765545
-2.79578662626
-2.2063208
-1.27957170483
-0.413360699732
0.0838042069908
0.129761960515
-0.133736872695
-0.461792245333
-0.662197010079
-0.691440307695
-0.638501366549
-0.614998613271
-0.628705751789
-0.529901989329
-0.0786392172284
0.891967724651
2.30531158764
3.77048357884
4.67623215831
4.43215613928
2.75739826471
-0.121015955843
-3.46916184856
-6.26991927339
-7.58993987779
-6.93970291847
-4.47293832767
-0.938484860696
2.59571961595
5.12971857992
6.0696456789
5.38557933818
3.54260791989
1.25789433685
-0.79561030119
-2.21026261484
-2.91151579766
-3.07393669745
-2.95532864658
-2.74452300012
-2.49400126478
-2.1522566648
-1.65523711402
-1.01028311119
-0.320244060086
0.262090844353
0.614999541644
0.709867221116
0.614188782018
0.434450195461
0.237413803525
0.00431591261852
-0.345667550163
-0.869187617573
-1.49936454431
-2.00043490107
-2.02254005127
-1.25147050132
0.407726434768
2.70456853756
5.05133822763
6.68690010564
6.9449806056
5.52123706156
2.62432179937
-0.6739319830447812
-3.818890121866019
-5.932003887084292
-6.493398432247176
-5.4993645231935915
-3.426219416912616
-1.0244127952154116
0.9675647624983981
2.0748847266937105
2.2123648911076117
1.651297231855935
0.8590607562161949
0.2887998926060362
0.20578124342210913
0.6113758763325023
1.2801477587606058
1.8810398107031574
2.126879104725802
1.8940078690753808
1.2718911359164622
0.530810345205
-0.461716128159
-0.915495451936
-0.690461184226
0.122491370449
1.21338379076
2.14637649602
2.5108947033
2.08268817861
0.934510529276
-0.555385366719
-1.816960521
-2.29706561612
-1.69056273176
-0.0992283994467
1.96028280237
3.72421665804
4.47638758355
3.85822266433
2.06134448173
-0.1948270373
-1.91507018469
-2.22614503978
-0.765144731624
2.10694189763
5.37118336229
7.69097770477
7.90692374759
5.4965250556
0.815132757208
-4.98333476439
-10.3222005204
-13.734182403
-14.3499750082
-12.1641051485
-7.98973532511
-3.13571864755
1.05873680647
3.6535944266
4.35266701409
3.49795167544
1.84781957479
0.248112016434
-0.671113721434
-0.670254676854
0.0929512091693
1.19610536723
2.15170671223
2.59187215436
2.37873542349
1.6189040057
0.59603968107
-0.342733132325
-0.905898416517
-0.948449014919
-0.513236688588
0.185643546122
0.833140041353
1.11981376914
0.854828668431
0.0479413292904
-1.0735758517
-2.12929984507
-2.71812103903
-2.57501390598
-1.69076565997
-0.339991337688
1.00493150594
1.8494773434
1.87597842501
1.08345359458
-0.195349820211
-1.41459952368
-2.0301677334
-1.72273463394
-0.536979311029
1.12184046167
2.63329336963
3.38949925288
3.01279340317
1.47847361577
-0.23918248206159376
-2.279997757232266
-4.108048907195723
-5.33764925044585
-5.816578679800941
-5.610303009441282
-4.91561056138417
-3.956969290943377
-2.914795632389982
-1.9075000156376518
-1.015464934959212
-0.31350130511208363
0.12073622816139107
0.23397284893995618
0.04431503076789056
-0.32528465259682093
-0.657389466684
-1.36931027032
-1.60466876541
-1.31599545141
-0.627186171201
0.207639304018
0.901418567833
1.24582897234
1.1880766455
0.839564113209
0.414944184433
0.131819761638
0.117796190843
0.365411842151
0.75072242255
1.10093943922
1.27547000936
1.22235483738
0.987927708606
0.682048902893
0.421552523889
0.281073546275
0.271700346354
0.350519437206
0.44846365988
0.498116906156
0.44889502924
0.269045715502
-0.0563369356559
-0.521019648816
-1.08479771896
-1.66111114679
-2.12022225178
-2.31849010093
-2.15005000877
-1.6009764542
-0.777913041561
0.110143912017
0.817966032423
1.15471045688
1.05990868658
0.628346191384
0.0689566097894
-0.38614501898
-0.581335610363
-0.498992043469
-0.253613136545
-0.0223995499363
0.0518173658469
-0.06495994897
-0.284876106201
-0.453409608777
-0.44302407116
-0.233845726871
0.0648026779987
0.267630285503
0.216409683842
-0.121399235006
-0.614182968442
-1.01498365236
-1.07940089314
-0.695594295134
0.0418189267856
0.857995643768
1.41903812216
1.49280854091
1.06920745695
0.374710106255
-0.234302672706
-0.45367700265
-0.201268625291
0.313715109959
0.665612881304
0.405948841682
-0.08061771356706515
-1.3175588481573612
-2.851856771153777
-4.053802958870108
-4.381090861111161
-3.619865549935625
-1.9909313333609617
-0.06807687406674745
1.4592024105615877
2.07429811735841
1.6447150123302237
0.462551470132496
-0.900374343819
-2.41211933505
-3.15340838327
-3.12758122674
-2.65394879437
-2.1751359483
-2.01823387508
-2.22885164194
-2.55842456882
-2.60795678516
-2.05383220859
-0.841258459537
0.752556682821
2.21899057036
3.0356028339
2.89729693897
1.85179160913
0.277276489152
-1.28370685677
-2.35260266066
-2.69766542444
-2.39034377763
-1.71931991589
-1.01623429716
-0.487088254868
-0.134340107881
0.197056021404
0.683297230069
1.37590533697
2.13077406327
2.65508834898
2.65098188065
1.9816055082
0.770919381406
-0.619335470947
-1.72987023669
-2.19559121094
-1.89626556132
-0.993822258427
0.158897532735
1.18868025471
1.86401723203
2.1682689819
2.252551265
2.30193997929
2.3950376424
2.43997687899
2.22739590051
1.57489227353
0.483076705625
-0.789489932916
-1.78775870805
-2.04330837008
-1.29737546117
0.346398064877
2.42277096533
4.27141766121
5.30037807299
5.22754137781
4.18817799722
2.65858705193
1.23335833975
0.363454093091
0.179444440992
0.479972933732
0.881948430891
1.04817278682
0.871086689728
0.516953529691
0.310021776117
0.522259830515
1.18631016557
2.0394776576
2.63863889362
2.59410060947
1.80222956555
0.548880608204
-0.585062884843
-0.986076905098
-0.319309683977
1.26375830769
3.13257763773
4.41239313898
4.35025549109
2.6493270638
-0.381608125685
-3.93385487559
-7.01345604871
-8.82346611385
-9.04453599559
-7.89632750089
-5.96797586477
-3.91358613234
-2.16653754182
-0.807446133493
0.363580002864
1.60585354784
2.99817961504
4.31626804954
5.09952335029
4.87812205516
3.44481281581
1.02795663186
-1.73274572313
-4.01082824931
-5.12208590307
-4.80887067612
-3.34873939635
-1.43723266134
0.101677676291
0.646914894395
0.00833112941488
-0.8981062258730645
-2.1411504101149745
-3.11651868475478
-3.4389039017878105
-3.0626642498341994
-2.235553273576059
-1.3279945230455183
-0.633528307899013
-0.238462299813051
-0.013935624884410913
0.282153334361
0.0908317703987
0.242151526821
0.627667478921
1.03260532982
1.24736996636
1.16471782665
0.816884752463
0.343911678355
-0.0794047012355
-0.314529475792
-0.295136688244
-0.0222053575722
0.461755042161
1.0909946313
1.77196020273
2.36490710927
2.67907889489
2.50725169522
1.70249068804
0.268414704174
-1.58599357186
-3.46971484867
-4.92023605838
-5.56505747132
-5.26527820532
-4.17237126871
-2.66555829642
-1.19372601694
-0.0941153015661
0.526093702005
0.78909160513
0.930672392703
1.13353175662
1.40182756157
1.54882856496
1.30946024066
0.5203265303
-0.731822403265
-2.08235417625
-3.01211138096
-3.07318114191
-2.11005030875
-0.363440178341
1.60318056804
3.12800770266
3.72314749276
3.26472151434
2.00947039032
0.432780197482
-0.3020082627649998
-0.7304498502440424
-0.974653920554033
-1.3420288963653633
-2.0822129010958577
-3.1623185861729723
-4.194009108787881
-4.571496527444481
-3.76859956590836
-1.651770479466208
1.3567142408572437
4.3695156488088145
6.363501925847714
6.611865346864931
5.022755234692781
2.22002729118
-1.31000913597
-3.79125997861
-4.50236612691
-3.43596901727
-1.2695569903
0.960911246057
2.33305850919
2.43954444385
1.53879658295
0.393882565811
-0.116756752937
0.569468482928
2.4255750188
4.83882573858
6.88031689831
7.70794780505
6.91673955378
4.68541623758
1.67033262408
-1.28486912363
-3.47925244355
-4.57733419214
-4.64437009299
-4.01141928683
-3.06525548866
-2.07961527109
-1.16380547302
-0.328985510062
0.39531826574
0.885401590095
0.947814091096
0.437028952611
-0.603726450809
-1.87185465146
-2.86750137466
-3.08115095328
-2.22766713061
-0.412956831098
1.85779822421
3.85010080576
4.88263176041
4.59959819381
3.11072677437
0.935569407769
-1.2217987579
-2.76452088163
-3.42990905401
-3.35399441072
-2.95418246033
-2.69501479223
-2.85280471805
-3.38924357214
-3.98701100466
-4.22130401679
-3.77856151554
-2.61631615971
-0.991769007737
0.647586266009
1.85331147505
2.35438027887
2.14570253088
1.45611429783
0.623537890164
-0.0550789421465
-0.427621488636
-0.503949742459
-0.393183324613
-0.206932871016
0.0139261903065
0.310375645421
0.753436813113
1.36422431451
2.0558576593
2.63502587377
2.86883635487
2.58760771646
1.77431635767
0.596082224669
-0.640529334925
-1.5938213614
-2.00782438168
-1.80030199499
-1.08414506263
-0.117629406806
0.792009224072
1.39099706907
1.54889697708
1.27490518972
0.683169125812
0.7795958289753457
0.8456782786508512
0.9506718077672218
1.0949999100637342
1.233774311686446
1.3145919552487584
1.3119844689256297
1.245426414483262
1.1761950846539975
1.1868199505112074
1.35253435152
0.844535529508
0.530650555882
0.364746169083
0.276514090562
0.19834963284
0.0906331246554
-0.0444821409527
-0.166845541042
-0.219112854334
-0.156941763818
0.0237303406816
0.274558963783
0.504715526266
0.610989895471
0.517539094495
0.209950315385
-0.250422078971
-0.738881293278
-1.10371660551
-1.21475311663
-1.00799393898
-0.511475993327
0.156540451989
0.817599457207
1.28380440955
1.41590541605
1.17244127803
0.634183185497
-0.00755316054948
-0.501748993803
-0.618814279679
-0.240321188997
0.573463884104
1.56901778805
2.35603620492
2.52893657565
1.81925448017
0.224295069943
-1.94416135945
-4.12476122611
-5.677206375
-6.10530866019
-5.24966013949
-3.36925708512
-1.0687240194
0.911969739805
1.96949346988
1.86379998102
0.805161728305
-0.638224847759
-1.77725256502
-2.08603485855
-1.4135039934
-0.0327348020089
1.49155209868
2.55703392089
2.78565868822
2.17728050276
1.08929509646
0.0566049161225
-0.460894080426
-0.284403429761
0.418811724203
1.23779284551
1.73367421323
1.66142276369
1.08864734292
0.353821163876
-0.114662716823
-0.028511033425
0.596445652823
1.42631741987
1.9571696605
1.75797587145
0.693860105287
-0.978437179206
-2.69299803631
-3.80312339022
-3.85600892366
-2.7920866765
-0.980999125559
0.920903979408
2.22834806174
2.4888112529
1.63923948243
0.5250324113991098
-0.8351517288632948
-1.9015471601315284
-2.3423371435200977
-2.1289464751111637
-1.4970345244575043
-0.8062965405447926
-0.37114975829361185
-0.33751381638204236
-0.6508019335662283
-1.1142588703280438
-1.4974738693164085
-1.6390719921341343
-1.4992046843489817
-1.1473586969011507
-0.7028406495667099
-0.2641470823530767
0.13740884799766206
0.5414969290000187
1.02447435878
0.775817196688
0.675398357733
0.662339530425
0.627353156919
0.45516345057
0.0726087054482
-0.515082851925
-1.2122942986
-1.85033759915
-2.23153159121
-2.19048709155
-1.65698064098
-0.700876441461
0.459789276826
1.49882258096
2.06653696236
1.89763489067
0.906868553647
-0.765216506145
-0.3114493799808855
0.234194664904
-0.867006667448
-1.26494038906
-0.98094428798
-0.25579694649
0.552801913249
1.11199994178
1.23641063143
0.942307072828
0.414982395377
-0.0906458522063
-0.367866331879
-0.34107314552
-0.0802104203115
0.252404115124
0.490359831336
0.540334507915
0.412068587039
0.192443285465
-0.0153534529683
-0.150275130074
-0.217160051428
-0.265944279173
-0.343322137992
-0.449677554493
-0.530111873336
-0.506987011523
-0.335028831846
-0.0442356587311
0.259526713861
0.442919352707
0.4195942765
0.209043584629
-0.0579008627317
-0.198232493269
-0.0760407138943
0.308638524032
0.792561597809
1.10737029696
1.00367272502
0.384620970237
-0.618484946118
-1.67309674807
-2.3718884944
-2.40649372955
-1.70972833188
-0.498309148629
0.807655781496
1.75503988929
2.04222880812
1.6353281425
0.765881204141
-0.184368499775
-0.854239729267
-1.04899232268
-0.797336247354
-0.302139804448
0.180017022591
0.463233755498
0.49728156849
0.346248491754
0.102662442452
0.19319729853144452
0.13891286094342092
-0.20795857709438792
-0.9620984191416966
-2.0978727677206876
-3.4004125845130204
-4.511995430458327
-5.061773043313181
-4.8217201795172855
-3.81423458233661
-2.3169882226832783
-0.7589152359630873
0.44653304193816723
1.054940344314275
1.0630454361711372
0.6722395142367645
0.169542393399
-0.584143634337
-1.11640059671
-1.46526714499
-1.72574811416
-1.94700599454
-2.06966573323
-1.9430499921
-1.41564559859
-0.44865804286
0.814018996654
2.06605580738
2.94904521915
3.20378383026
2.78814910109
1.90025772203
0.891229841129
0.107356512545
-0.261731092361
-0.253671751421
-0.087352159593
-0.0235962519609
-0.204072950304
-0.552832896067
-0.7953136427
-0.591667125399
0.276705868536
1.75781284653
3.4932302629
4.92110554857
5.479761656
4.82750075141
2.98658659859
0.352712556055
-2.43120511071
-4.68331704356
-5.89151539658
-5.84905849744
-4.68057472334
-2.76752161856
-0.615594144572
1.28413413108
2.56166744085
3.02675487354
2.6834179876
1.71065932251
0.415916324109
-0.837170578581
-1.72224253435
-2.04789931972
-1.82769912984
-1.28641140208
-0.782328734889
-0.659840573081
-1.08501097002
-1.93844002854
-2.82767429918
-3.23459005012
-2.7491754046
-1.29018259781
0.796357890585
2.82647943209
4.03928030765
3.92844157254
2.49666169649
0.304640941938
-1.73099003164
-2.72343864177
-2.22570649261
-0.479339208663
1.62545463656
2.88459328511
2.28343389868
2.5370487766746095
1.0687359261141438
-0.892309640005
-4.91256903938
-6.72120824245
-5.90277264438
-2.99258822728
0.736477131876
3.78056014041
4.99411799444
4.01901280916
1.38171849111
-1.77003732414
-4.16827344749
-4.94562469304
-3.95926688254
-1.79410013657
0.537099415999
2.05174703738
2.2101765911
1.11089435419
-0.600509904674
-2.05103302009
-2.53661969473
-1.82022494129
-0.209979065097
1.60216904444
2.8574007963
3.05796712558
2.16662130407
0.601973846046
-0.954619410827
-1.84730887906
-1.70332081151
-0.55676550132
1.20053908262
3.00567630043
4.35956811511
5.0092603441
5.00768244713
4.63846764615
4.25116375876
4.08624133753
4.16746025646
4.30480327695
4.20074818994
3.60797783442
2.46590373655
0.954144376851
-0.562149458757
-1.67329126787
-2.09295993238
-1.78086850195
-0.965633098599
-0.054305617375
0.536981772891
0.561668947517
0.0540079961517
-0.678710335191
-1.1862410201
-1.07877155064
-0.220199407869
1.17306536755
2.57739922823
3.34333534691
2.94756609792
1.21716640175
-1.56601902184
-4.72838926302
-7.41728714882
-8.8861626094
-8.74583280596
-7.08876251061
-4.44331675301
-1.58073007768
0.748008717037
2.04655374448
2.19823997986
1.44904608492
0.271760257109
-0.824584929764
-1.46504085446
-1.50335463562
-1.022875087
-0.263007841064
0.487662148802
0.989567050378
1.11476229698
0.86696356066
0.366291126641
-0.189770613111
-0.580477681617
-0.625081495026
-0.246745227592
0.478907191028
1.31274732897
1.89721286181
1.85896190052
0.94425205902
1.7903119271494319
2.0209133935419743
2.14554568887
0.0987245561405
-1.00416493803
-1.0030813818
-0.108656338667
1.17190659557
2.22940537044
2.59097992421
2.10272434758
0.978106944852
-0.308979440077
-1.23930386811
-1.47611857746
-1.00511376526
-0.126586835839
0.69226022594
1.03369449765
0.71408919191
-0.145550959463
-1.18978106464
-2.0000889164
-2.28312027296
-1.98853105238
-1.30783499098
-0.565092882312
-0.0606343893951
0.0539654723099
-0.185853145383
-0.613098130458
-1.03737359858
-1.34200449362
-1.51941696832
-1.63363002776
-1.74184464015
-1.82958873612
-1.80352686631
-1.54931613284
-1.02018910727
-0.29973087048
0.406613032642
0.857320864882
0.897536166461
0.551700410438
0.0288381931277
-0.373040049312
-0.4212927046
-0.0821905967981
0.442808946813
0.809066839555
0.713345468814
0.0814019906518
-0.84223197604
-1.56234241827
-1.54342118321
-0.47263406109
1.54911393858
3.98780495333
6.05304118698
7.00373743579
6.45181990922
4.528784919
1.83906810757
-0.780383654156
-2.58803133125
-3.20952865147
-2.7392505996
-1.63878199127
-0.493061637627
0.254266085146
0.464361794698
0.301332181948
0.0857584523355
0.0934554686095
0.408798276689
0.904371561399
1.34590315283
1.55278119343
1.51613822607
1.40285854828
1.44015750076
1.74560446263
2.2033123418
2.46801136799
2.11316617497
0.86038331419
-1.22362676841
-3.67116102436
-5.74586639547
-6.72104012974
-6.18757854137
-4.25356230874
-1.5402412206
1.03243182465
2.58445099553
2.59768212647
1.08884940468
-0.4680832174478695
-2.259498438301705
-3.5493960348815676
-3.90000747249141
-3.279308666474492
-1.9933957377077718
-0.4959066115046369
0.8266234669767272
1.79726226116
1.47058248146
1.03776077604
0.695553907107
0.536147694315
0.517553230604
0.516255393104
0.422414326057
0.219537163635
0.00390681168756
-0.065415406244
0.142633968698
0.648974810252
1.33467120837
1.9799981802
2.35425878922
2.31418350248
1.86570772903
1.1619743354
0.439737677096
-0.0770488989775
-0.265151134788
-0.145724526643
0.132390581468
0.361313040152
0.366497334858
0.0862575335156
-0.393278329623
-0.863797790105
-1.0756291088
-0.847595504734
-0.165945793032
0.769083147077
1.57702860454
1.81255648637
1.13113992555
-0.552682695184
-2.98002667812
-5.58250736104
-7.64234293589
-8.53132595063
-7.94269027631
-6.02204939981
-3.33568860905
-0.677252286555
1.21768093258
1.93612101026
1.5218161946
0.422172146409
-0.728268294276
-1.39117027101
-1.34736887117
-0.75997857771
-0.0530804328393
0.330984602489
0.174348555355
-0.394981767721
-0.964754378169
-1.05370282706
-0.372952666066
0.999433959764
2.6230269333
3.8827841359
4.27185652357
3.63148193499
2.22862783518
0.631068885738
-0.559823804093
-0.986716532127
-0.686701058917
-0.0406926086557
0.449824139084
0.441758253977
-0.0613401058363
-0.712396531294
-1.0171343194
-0.623545539836
0.447959769993
1.76085055513
2.64023847638
2.49372461999
1.11962090757
-0.18550839366113792
-1.6416556971169456
-2.3958278540946196
-1.8708079906307375
-0.031681036514100924
2.5875425348332897
5.111062963544541
6.69728071633773
6.891108155664654
5.795440138648118
3.993762443200808
2.2737722108790166
1.29073703207
0.255738433701
0.106537780387
0.44109109246
0.835884221746
1.05662915264
1.13093197033
1.26191163969
1.64759103516
2.31659778664
3.07461394995
3.58988489672
3.56761351045
2.91487414961
1.80459284237
0.603543257419
-0.29681476804
-0.656885422075
-0.481909101718
0.0119282848142
0.532279843232
0.867762779422
0.981054211339
0.991409177714
1.0641628489
1.27699937082
1.54428456496
1.64592145174
1.34628522753
0.536414009052
-0.681792732655
-2.01919311237
-3.12127438005
-3.72478901168
-3.76731279028
-3.39494633509
-2.87002927555
-2.43458018484
-2.20581972428
-2.15660037379
-2.1805997346
-2.19163792606
-2.18880822722
-2.24494517156
-2.42941906691
-2.72371363426
-2.9982560175
-3.08192772731
-2.89149994469
-2.53649943936
-2.31223515682
-2.55015381018
-3.38456044265
-4.56703345897
-5.46564403225
-5.30813039535
-3.59605652617
-0.497205883604
3.01282629706
5.40517650751
5.21357695429
1.77964509173
-4.21753028968
-10.7502500768
-15.0524311111
-14.6743092989
-8.57149313274
2.25071341924
14.8713727812
25.3880232937
30.3243881117
27.957682412
19.0149857277
6.43261216001
-5.74175963536
-13.8643179361
-16.0128583607
-12.5808568892
-5.93477319179
0.680623467728
4.497400373
4.26501751165
0.569535100868
-3.281832214932109
-6.329243272594823
-6.922895388814467
-4.711758272968709
-0.6360763486001133
3.6430531353698683
6.5587866373707016
7.304976049933018
6.073440902372965
3.812287860445963
1.6841103348911304
0.5208559985047856
0.533938946685
0.144707015307
0.0138344215902
-0.280909336298
-0.790755928209
-1.2341773757
-1.239548219
-0.628992605611
0.430117419707
1.49218132473
2.07417980606
1.92600915352
1.17201942025
0.241683335319
-0.37139215073
-0.385510993022
0.114006242589
0.72820992598
0.976680235416
0.578273165504
-0.377543602728
-1.46654793002
-2.155649414
-2.09545020927
-1.31746569559
-0.224668356767
0.623156277781
0.814276561751
0.313374904397
-0.514201981053
-1.10007192326
-0.988563069124
-0.0997359739588
1.20632353757
2.30507280844
2.63457794399
2.00120847678
0.698075399354
-0.633165738193
-1.33055706208
-1.06016457412
0.000385041310537
1.24483302187
1.95041048814
1.65979497014
0.433144823085
-1.16555684166
-2.34715725674
-2.5017499011
-1.52134061334
0.128233431168
1.62852316878
2.2150893973
1.56534852266
-0.029360141793
-1.79687656671
-2.85851279054
-2.65941935125
-1.24224033998
0.769639925929
2.46809834831
3.08743341619
2.35399190448
0.59371354731
-1.44317956154
-2.9422451727
-3.38752846459
-2.75525999771
-1.46180491446
-0.115925436657
0.78228539161
1.04088409212
0.787618034022
0.315502273614
-0.127916034222
-0.477375936537
-0.837018918086
-1.33774925255
-1.96593804116
-2.48440914181
-2.51342668721
-1.74284651535
-0.161514779614
1.83393666588
3.53471417747
4.19779753096
3.38204527056
1.17609503042
-0.873874760986908
-2.804839100257851
-3.8265644261182103
-3.5909994729701538
-2.323816522855566
-0.6859818779413018
0.5661925971520532
0.955835725227
-0.408152537917
-2.09506760792
-3.37831732706
-3.67737503587
-2.84044805134
-1.2103858783
0.551493964858
1.78855356104
2.15442211563
1.75124070519
1.03964389418
0.575567354236
0.713101642592
1.42394524901
2.31971455299
2.85868208287
2.62744975734
1.55539791439
-0.0410908988681
-1.59980092355
-2.56407234637
-2.62107676623
-1.818485303
-0.516900915129
0.784151774759
1.65463668182
1.8807170194
1.49630029455
0.708506884588
-0.225395912817
-1.10053162053
-1.80348301273
-2.2891921265
-2.53228980228
-2.49693533327
-2.14809962417
-1.49355694409
-0.621931445547
0.297248073581
1.06160154153
1.51069129735
1.58736975169
1.35146341404
0.93893246107
0.491579713826
0.0990059179309
-0.214827758412
-0.457928607685
-0.618775716732
-0.639393345844
-0.440107774808
0.0126466362346
0.638508814541
1.22838956319
1.51135512396
1.28383644892
0.537034346764
-0.49463620827
-1.40951939909
-1.82025353415
-1.55810278002
-0.790917327976
0.0230783909452
0.344350605722
-0.166230499056
-1.43415093376
-2.94844108385
-3.96463217237
-3.85403640288
-2.43507558562
-0.11507108541
2.24801415146
3.71943462613
3.72915619385
2.3653160652
0.36215113611
-1.23308597397
-1.56998387249
-0.439185056423
1.57512668322
3.3310720051
3.66501082106
1.98708840519
-1.34774565436
-5.08642625026
-7.54811837429
-7.32667843562
-3.91920073087
2.00112733597
8.79570205604
14.469135394
17.4156463156
16.9870293997
13.6525241232
8.7072609315
3.68424619941
-0.25579017664
-2.69299855731
-3.94105158104
-4.71122307472
-5.64225521307
-6.93599768624
-8.26804486688
-8.99630599415
-8.54298098099
-6.74731772977
-4.01099225451
-1.16710404461
0.859720478535
1.43765625087
0.478304289603
-0.9693290297470725
-2.6945092589368755
-3.913353265379129
-4.1570915162175055
-3.4120006173238977
-2.054312095906795
-0.6335219621246608
0.38285880487357815
0.7885899204568432
0.6775079155563759
0.3489401841781046
0.14400525208257875
0.295781496093
0.26116642656
0.515998816271
0.854726313483
1.07826669512
1.06242891471
0.78180228903
0.295592657281
-0.285172855337
-0.831613083007
-1.22507671832
-1.38099629568
-1.27066824564
-0.936551456481
-0.490320013496
-0.0844403115505
0.140417110062
0.113960261336
-0.127120965655
-0.447805128065
-0.672220226017
-0.667790693484
-0.416186920564
-0.0328643387242
0.280490198692
0.332969491341
0.0461705200528
-0.490083680197
-1.03906114141
-1.31007778526
-1.08258081156
-0.30495517547
0.87677576625
2.17200509969
3.25410942367
3.87464774129
3.93500174343
3.4918683641
2.70639843284
1.77113089469
0.852467783096
0.069666345737
-0.494203076535
-0.772535909926
-0.711218399135
-0.289457863656
0.44687027675
1.36464787698
2.25688171962
2.892134149
3.08007522896
2.72244361289
1.82682022597
0.483249875684
-1.17339869762
-2.98500722498
-4.7601830355
-6.24655625938
-7.12453086782
-7.06303422371
-5.84786576505
-3.54345072907
-0.606182681645
2.13890623743
3.70265099621
3.27997142597
0.620165088858
-3.74442107507
-8.54488461235
-12.1307570171
-13.0343232978
-10.5391168903
-5.02087258396
2.09738479763
8.78570593811
13.0899587017
13.7987351565
10.8371956402
5.23994632326
1.6845067735981303
-1.023510428274676
-1.67171938687
-2.95809143255
-2.35168252875
-0.842429505078
0.565312865034
1.24132605494
1.08647490668
0.433284356839
-0.217707940399
-0.475021195303
-0.216201288981
0.420209702531
1.16937983519
1.80347991633
2.22892156282
2.47716010696
2.61799594528
2.66788395949
2.56054976548
2.19977164331
1.55557382009
0.732118108454
-0.0507180266537
-0.566849594743
-0.727946078119
-0.673356141679
-0.737288132738
-1.28881597683
-2.5152571269
-4.26259252361
-6.03021382326
-7.14511113495
-7.04761686669
-5.55583728415
-2.97582709776
0.00625966912091
2.60761461569
4.27563340838
4.90005408861
4.80616772167
4.53381191282
4.51639535029
4.8277827921
5.13303174846
4.87549867443
3.60895939207
1.30249461983
-1.54875320505
-4.0818506288
-5.43352089847
-5.14642794911
-3.41449380728
-1.03664654113
0.914977996831
1.56781091063
0.6454223621
-1.39922659681
-3.58102819861
-4.82428074637
-4.44844088764
-2.47750376487
0.365330217547
2.97072307222
4.31750076844
3.89282030388
1.87472413559
0.15613301718789785
-1.456762136587841
-2.219014219137364
-1.8829041054136155
-0.7372497455137221
0.5990587502345903
1.513926963140662
1.7026098008214774
1.29487983026
-0.25415583292
-1.36274197097
-1.65290217579
-1.10551544251
-0.0517987358871
1.00027014326
1.61218136628
1.61347475349
1.16259649346
0.649866919054
0.496621471438
0.948656563413
1.9583247735
3.20365150642
4.22891094738
4.63914793779
4.26278763257
3.21635917707
1.85107342926
0.610625762803
-0.137656936412
-0.231462670998
0.243321918222
1.00388428501
1.68972888057
2.00138984914
1.80745333753
1.1838636898
0.375414792065
-0.303261511361
-0.589694318041
-0.374019469274
0.258523248602
1.05864045767
1.70640263863
1.9323259799
1.62010018955
0.8510148963
-0.12768606794
-0.998119154477
-1.49239318429
-1.48976770569
-1.05169431996
-0.382875567409
0.261814712542
0.682327196337
0.805173271737
0.694163309523
0.501508373499
0.387267953927
0.44677115392
0.677666854266
0.996006667509
1.28644590834
1.45769892026
1.47687270381
1.37198469396
1.21059437426
1.07297338109
1.03523792676
1.16477066454
1.51699460789
2.1192761225
2.93810464382
3.84395212887
4.6019514501
4.91405943377
4.51649058267
3.30372417853
1.4247255336
-0.704826576115
-2.50208373332
-3.40687933843
-3.09287055714
-1.61008761908
0.610812542783
2.90619635363
4.62460053433
5.36729267271
5.11956152851
4.21465311846
3.14816037105
2.33050963694
1.89502784305
1.65329287218
1.21913477571
0.240857511548
-1.372651622
-3.34583279068
-5.1091265091
-6.0252328433
-5.67091143433
-4.04873802391
-1.6333475469
0.770639747284
2.30110665494
2.33143515887
0.672215736423
-2.38503041605
-6.18113031069
-9.90046023718
-12.7962538415
-14.3596274248
-14.3994888482
-13.03916458
-10.6568383271
-7.79615772127
-5.06038328846
-2.99408747203
-1.96117586046
-2.04455149583
-3.00702059424
-4.34857303193
-5.4649479422
-5.86587027938
-5.37167534964
-4.19917175517
-2.88342272176
-2.05123369747
-2.13416438637
-3.14746722357
-4.6429654941
-5.87169242222
-6.09686998925
-4.92427695608
-2.50217844269
0.503249509276
3.15192818491
4.58985084791
4.37056242161
2.60412589773
-0.119241167217
-2.9817786895
-5.24459691785
-6.47422956514
-6.60808126223
-5.86312347247
-4.56537964473
-3.00207510245
-1.36543813493
0.209842086732
1.5736845156
2.52849347286
2.88044470926
2.55279678545
1.68595831926
0.641126344921
-0.127937192128
-0.290882899739
0.165230116303
0.883068042493
1.28187929622
0.857737585272
-0.504206803723
-2.37682351733
-3.90838162238
-4.19184707548
-2.73086457593
0.22531754108
3.66861402389
6.19207717172
6.59441280174
4.46624292054
0.478031482641
-3.79327855719
-6.45804841353
-6.08976949272
-2.34805321201
3.83144060609
10.5749394497
15.7981297941
18.0118895792
16.8618529221
13.1801437027
8.54805867704
4.583779629
2.28050516459
1.67975823898
1.99661476297
2.101655736
1.1092620699
-0.5255369272707497
-2.987125355356909
-5.337611934406127
-6.666733821397841
-6.5085076187266395
-5.017089457562292
-2.8454493875011195
-0.8172838679041234
0.42999148458864056
0.6628291569041664
0.05310604072647607
-0.9945046090890344
-2.0667416947702435
-2.89063258301
-4.27240347928
-5.22823026864
-5.66141677282
-5.41768307144
-4.37667377603
-2.59809049462
-0.416367926778
1.6055344131
2.87459029277
3.0337621082
2.15432422294
0.734111185187
-0.524145175549
-1.05933721066
-0.747416901264
0.021473681385
0.549118436732
0.235037510955
-1.01974201379
-2.63412166026
-3.52139189887
-2.57259135369
0.760661155413
6.06630471297
11.9741477886
16.6025457783
18.2817604313
16.2448610849
10.9759046438
4.05017442969
-2.47260920466
-6.83973603844
-8.23800197813
-7.00131166037
-4.32663990727
-1.65684298598
-0.0329538711152
0.285059488689
-0.224238580462
-0.748246086751
-0.672257146868
0.0472495660606
0.860268096744
0.955360268519
-0.237352987802
-2.64658865735
-5.48723295781
-7.57207054984
-7.86775387895
-6.025013319
-2.61644336351
1.04899620308
3.46340378899
3.56777173062
1.21311674206
2.0612601433227127
2.70796369083
-0.0212268357166
-0.707381972242
0.559358618479
2.88334961439
5.01161156843
5.90582884476
5.17527761132
3.18744143693
0.832205288502
-0.924588170135
-1.47656158833
-0.803211941633
0.595997249262
1.99812610487
2.81807789986
2.85312903523
2.30291526824
1.57859951687
1.0211693051
0.687943576012
0.322378077643
-0.479007805493
-1.99420688599
-4.14592496284
-6.44291866812
-8.13634802584
-8.52795366029
-7.2898326433
-4.6454302517
-1.32228412651
1.71030501014
3.6091751031
3.97502691827
2.987628698
1.30673056791
-0.212819454771
-0.867777491327
-0.371698299804
1.06268989189
2.84348822222
4.25738089607
4.7496839786
4.11270587545
2.5174065544
0.395099010386
-1.76204194476
-3.58640491086
-4.92855973246
-5.83160615458
-6.41704046135
-6.75240584453
-6.77478518862
-6.31216788111
-5.19294645209
-3.38697620155
-1.10193931614
1.22406173993
3.04581752619
3.90668290489
3.62435621361
2.38173916663
0.674297723664
-0.873506800717
-1.75088643083
-1.76044514928
-1.08706669631
-0.202535253912
0.355575484961
0.234649514519
-0.564919687412
-1.68242086461
-2.55717839307
-2.68682434935
-1.86676069815
-0.299605722742
1.47932890539
2.83051684149
3.29039992016
2.7747512559
1.61005461742
0.376610973671
-0.364657471488
-0.333734048602
0.342908119917
1.20385998547
1.68895788683
1.42745222744
0.437832615597
-0.861586592347
-1.84286835002
-1.97342442472
-1.09074073108
0.489045668756
2.08971068819
2.97480283326
2.69420352702
1.3148673368
-0.57887336364
-2.12670816875
-2.57479783322
-1.62993949311
0.376640556696
2.59665701429
4.00461256343
3.8273834037
1.87905674651
1.7743480510917493
1.38646196011
-1.30794327615
-2.41569177202
-1.77752804818
0.116515154805
2.35168252613
3.9705288192
4.34912838967
3.41484992563
1.62707881038
-0.255132683263
-1.50826816186
-1.73756605173
-1.01147012602
0.205009247116
1.27414182131
1.66165191417
1.14789539479
-0.106175547516
-1.65165043818
-2.95021768333
-3.58794323146
-3.41663838403
-2.57400948704
-1.38874053552
-0.223399686974
0.671942477636
1.23489203673
1.5707569756
1.85674694966
2.22110877055
2.65541505142
3.00034313124
3.01111676197
2.47338175137
1.31830522709
-0.314357741836
-2.09521772656
-3.60270854692
-4.46346172001
-4.48216844259
-3.71085842849
-2.43062460517
-1.05245106814
0.0253284251463
0.549409054474
0.485194490653
0.00698375576752
-0.587342682218
-1.00050306455
-1.0490058656
-0.722485421771
-0.169947650718
0.376275475109
0.704106025453
0.709596284774
0.435353537161
0.0480976706932
-0.231042801796
-0.21268340852
0.192114061153
0.943737673851
1.89123005051
2.82209903257
3.52273758754
3.82873419221
3.65349049122
2.99468381968
1.92552444916
0.578818287919
-0.872064532185
-2.23598586936
-3.33277657592
-4.02675818854
-4.25770259383
-4.05723741181
-3.53980604878
-2.86545969681
-2.1842075992
-1.58248558959
-1.0553477882
-0.520088223722
0.129898045624
0.951355722089
1.89042760384
2.76693381503
3.31977670734
3.30390720967
2.60414106794
1.31778709647
-0.236034461114
-1.59744527588
-2.31845005996
-2.13566304052
-1.09618821236
0.419928789631
1.802457217
2.41309161197
1.81876310769
2.5802573091834233
2.4662563486718767
2.17818097024
-0.297257777041
-1.56232049104
-1.42657096107
-0.17314727432
1.55166020077
2.98633913885
3.5427103712
3.01982639949
1.65726508171
0.00822702690633
-1.31119130272
-1.88745549706
-1.67501873546
-0.99188496553
-0.351783609171
-0.212987667225
-0.760867338801
-1.82424028658
-2.9618609098
-3.67466248865
-3.64003241083
-2.85528136938
-1.6234570721
-0.393599121034
0.459606274213
0.801973636285
0.766274503404
0.628271387939
0.604082056247
0.687390877767
0.629142251935
0.0883573194463
-1.11381632868
-2.7736518307
-4.25656020105
-4.68637526962
-3.32013281432
0.049236267166
4.85818720332
9.84663961191
13.4514683011
14.3815006513
12.1393512436
7.26032082891
1.14945427298
-4.43112013175
-8.01765292949
-8.96942317295
-7.64345682537
-5.15342072984
-2.82999552872
-1.62963777048
-1.75535537392
-2.64992101465
-3.34754495465
-3.00590258712
-1.36233419765
1.09951831319
3.34589969973
4.2546139665
3.12442308264
3.4943619105717545
2.6535095521918493
1.81063822161
-1.19234614557
-2.36969619812
-1.72248863934
0.167756717633
2.44873722011
4.36116573453
5.49260904617
5.83123689143
5.63656511173
5.22837168225
4.81639049392
4.44840492498
4.07436945014
3.65665197008
3.23834772879
2.91959029613
2.75998086352
2.68085900958
2.44925060494
1.7791459002
0.51090033109
-1.22994254083
-2.99953028492
-4.17739148657
-4.23948578692
-3.03880120132
-0.947454014242
1.23211234736
2.57153720658
2.41158406224
0.66763963902
-2.10362950237
-4.91963755179
-6.78046168532
-7.0882405498
-5.88671230149
-3.81300487033
-1.7884937838
-0.597090845513
-0.548893965865
-1.3813433568
-2.43248194394
-2.99014316464
-2.64094277542
-1.45149676961
0.0956940129938
1.36504706494
1.88730515752
1.57337305266
0.722783044001
-0.163087171953
-0.653463139146
-0.598512265074
-0.170467835418
0.275927912789
0.436596512517
0.248924605969
-0.0697220916354
-0.159388381625
0.245299265835
1.11351842595
2.07360797455
2.56575347693
2.12588417733
0.658657130078
-1.44709783348
-3.4353487021
-4.49353993039
-4.11926491769
-2.37078952178
0.122151482105
2.40173118891
3.57642871175
3.19325684906
1.42479678432
-1.0076359074
-3.13565955496
-4.13521961862
-3.64072368579
-1.85797655341
0.554358292728
2.76631735517
4.09294618799
4.2182625194
3.25405758421
1.63727613338
-0.0680016709673
-1.37430088827
-2.00805490249
-1.95020420662
-1.39175762432
-0.639754931664
-0.0106368681266
0.2637382563
0.10400658568
-0.384374362626
-0.925727652749
-1.14523939751
-0.692413001273
0.611911262636
2.65763477364
5.01530041665
7.02956111984
8.02354441988
7.54731284005
5.57124466953
2.53531553015
-0.780632105721
-3.52387566407
-5.06753883291
-5.21696852964
-4.2382614254
-2.70315635621
-1.2278531376
-0.229490959901
0.190238567428
0.192670713005
0.026231698766
-0.166324475111
-0.446950924924
-1.03280355573
-2.12914931221
-3.74511243332
-5.60719218051
-7.23505906526
-8.15395687405
-8.13624902362
-7.3373129576
-6.23702797472
-5.39760021989
-5.15115866881
-5.38096332496
-5.52677778554
-4.83879103844
-2.77545734648
0.64568801346
4.73076708579
8.31255778793
10.2087959817
9.73975297151
7.06493561664
3.16840328818
-0.522204908743
-2.72732311549
-2.85784331152
-1.26214517419
0.939301410449
2.36264477915
1.98637599263
-0.386705812062
-4.03781222573
-7.64854132239
-9.87822423482
-9.93967304141
-7.91697211539
-4.69183996106
-1.5255280595
0.503265177023
0.947137910392
0.13065431677
-1.06312416806
-1.64357924398
-0.983014091664
0.907480495999
3.4094085651
5.60125433626
6.67992944217
6.30147444212
4.69512370557
2.51970693345
0.550966406342
-0.643461135127
-0.895501918841
-0.426412232314
0.33163697444
0.973999192094
1.29958024077
1.34910084761
1.30932706063
1.35534962595
1.52687605049
1.70555349006
1.69801596868
1.36907104404
0.743326814442
0.0139228490901
-0.549051610289
-0.740663676265
-0.53457707152
-0.102620435502
0.275013131869
0.365383108014
0.123368575421
-0.259586801876
-0.431438655121
-0.0512126700102
1.02179603737
2.61170458914
4.24233138736
5.28696662125
5.19322660257
3.69198424267
0.907122823866
-0.841029773042564
-2.6886239925601245
-3.9416912931815915
-4.10418451105
-4.78176145692
-4.316303118
-3.07366308069
-1.5205094876
-0.0914427704315
0.909176938003
1.35572282703
1.30192077723
0.943512045816
0.553988787188
0.404231477923
0.679944869279
1.41673461158
2.47603261733
3.57913813606
4.39874700687
4.68238160981
4.3615559653
3.59687475515
2.72898335842
2.14357783369
2.09998560411
2.59719786882
3.34406161801
3.86058468027
3.67980683347
2.56968642712
0.676363755134
-1.48432449545
-3.19889375618
-3.83171816142
-3.0933777773
-1.18645776418
1.24071431592
3.32320227462
4.30416743279
3.82476079078
2.06059812094
-0.351188520506
-2.56351597953
-3.84518578432
-3.84805771049
-2.71071892665
-0.965265551958
0.703408373779
1.738412936
1.91500159061
1.39198037049
0.604225210797
0.0567086382739
0.114797748346
0.875585330619
2.15970296832
3.60690377559
4.81873837674
5.48421282823
5.44788653603
4.71738821441
3.43643464166
1.85495504618
0.309941905727
-0.79612568068
-1.04766070626
-0.11760663474
2.09616281853
5.35217645232
9.03520554807
12.2664636669
14.1511039009
14.0911788069
12.0435491018
8.60274982479
4.8467510845
1.97924108438
0.894678404582
1.83796475527
4.30343016878
7.22443647556
9.383442518
9.87650156757
8.44047910069
5.50978324687
1.98758995696
-1.15839737872
-3.29078222182
-4.31300538554
-4.61079413843
-4.7677581779
-5.20400357276
-5.92015218696
-6.47502369394
-6.20971695478
-4.60947222105
-1.62574723135
2.20262346797
5.89655503703
8.39345325636
8.95673329135
7.45722211349
4.40586622681
0.731754528705
-2.58694313571
-4.87222637048
-5.92948790586
-6.00557923886
-5.5710899038
-5.05276324047
-4.6513276491
-4.32181997265
-3.90110588314
-3.28988199723
-2.57337659972
-2.0060841
-1.86716804655
-2.26999918878
-3.03998162166
-3.74242404223
-3.86327309106
-3.06137688415
-1.36621677884
0.785538014273
2.70585665004
3.74035507099
3.55321582332
2.27858764286
0.465686040924
-1.15894700317
-2.00343578128
-1.85510863361
-0.949830953197
0.158252033706
0.859154633933
0.757673530616
-0.168197346744
-1.58262475376
-2.95966347983
-3.81549880234
-3.89730347843
-3.25244639168
-2.16502919415
-1.0080553918
-0.0897908233414
0.438571069491
0.588502267106
0.474044863703
0.23374754359
-0.0216488458472
-0.21936366346
-0.307157192553
-0.23818089348
0.0204296660143
0.458029721047
0.995231248027
1.49231811811
1.80202535542
1.84664327772
1.67629866631
1.46664363466
1.44306637667
1.76092932869
2.40311778856
3.15663716615
3.69451452494
3.73368289225
3.19306362916
2.26593156922
1.35654162036
0.898074291464
1.13389574956
1.97179512718
2.99322400917
3.62666874112
3.41089971059
2.22266608348
0.353078620747
-1.61381052447
-3.07000178377
-3.67363179269
-3.51756897792
-3.08871197164
-3.03089545601
-3.82189561034
-5.52048782522
-7.70880678708
-9.66211516366
-10.6678229185
-10.3427777771
-8.79885291563
-6.58134409313
-4.4154893469
-2.88817943239
-2.21906938191
-2.22516225378
-2.48210780721
-2.58607815911
-2.37300786517
-1.98063424038
-1.72711254486
-1.88092666156
-2.45676844052
-3.15891522725
-3.5137518203
-3.12828309408
-1.93749707531
-0.300816969817
1.11956713551
1.65364661121
0.952840417057
-0.81188928627
-2.99100180687
-4.72942939467
-5.34885413371
-4.65799058827
-3.03954962979
-1.26779149377
-0.140430648433
-0.0995168642277
-1.02280547304
-2.28609099369
-3.0671451252
-2.74622709835
-1.21245472608
1.06887541831
3.25861675967
4.51916891446
4.38712218682
2.97252523415
0.898978346462
-0.979359525052
-1.94748548801
-1.71701094063
-0.509372195424
1.08690744602
2.40303312766
2.98063770023
2.73703516829
1.94523788422
1.05963350595
0.485531317523
0.405205035691
0.7330746617
1.20307590835
1.52865663049
1.54954390057
1.29776584605
0.963754439535
0.793911602868
0.978372035002
1.58152772854
2.5365669074
3.68926908037
4.85570935333
5.8621698275
6.55723553755
6.80963088975
6.51513153229
5.62605494871
4.19459584191
2.40208363554
0.54413702716
-1.03952036804
-2.07135462579
-2.43437602222
-2.21486654857
-1.66387628219
-1.08993450161
-0.730098647849
-0.659094918748
-0.779135466405
-0.89379997965
-0.827754302512
-0.531368424759
-0.117315112431
0.189000795766
0.159605961262
-0.321196391103
-1.19486936563
-2.24975169332
-3.21349296111
-3.87025847808
-4.14583495008
-4.12225018948
-3.98017272107
-3.90268048329
-3.99009376519
-4.22544322407
-4.50082164032
-4.68302075929
-4.67943451951
-4.470339229
-4.09669045543
-3.61928069078
-3.08002920073
-2.491382469
-1.85910865478
-1.22023857643
-0.666102085902
-0.32785667661
-0.324633316186
-0.699138638083
-1.37724472305
-2.17880552791
-2.88066560834
-3.30372084004
-3.38054223372
-3.16812039421
-2.79859110191
-2.39459829961
-1.99658783642
-1.5445156672
-0.927438361663
-0.0759930733413
0.954309590284
1.96100085325
2.65676203348
2.79448059707
2.2973615791
1.32717231849
0.248834358794
-0.502089164094
-0.594391573243
0.0594501233306
1.26412750761
2.62191032524
3.69689703015
4.18904648527
4.04089599957
3.43327215457
2.67936440849
2.07312346777
1.76572706928
1.72531865741
1.79104994951
1.78561909563
1.6243109303
1.36492097484
1.17680860565
1.24993130398
1.69384252523
2.4782029072
3.44133188303
4.35653634915
5.01760763767
5.29957300655
5.16987303416
4.65646470179
3.80437394014
2.65646008538
1.27528983353
-0.207789366711
-1.55457439692
-2.43345097538
-2.50166190334
-1.53577146128
0.443015529966
3.11089851775
5.89093236756
8.10526682561
9.17900682752
8.81861453449
7.09564878618
4.40533885622
1.32125756149
-1.59166803109
-3.93168767521
-5.52936815128
-6.42083943878
-6.7570391041
-6.70331209076
-6.37745911073
-5.84538235844
-5.1588384279
-4.39810265231
-3.68412395577
-3.1473541914
-2.87000960301
-2.83782833256
-2.93523027089
-2.99500480991
-2.88260164729
-2.57296522743
-2.177403756
-1.9006467063
-1.94313753314
-2.39302645637
-3.16083899737
-3.99223588503
-4.55854509072
-4.58795688349
-3.98027490155
-2.85463866994
-1.50953130371
-0.313308058371
0.426970591228
0.563875193896
0.138751988396
-0.66147518224
-1.59131797797
-2.43378693353
-3.05093704759
-3.38546929051
-3.42835081052
-3.18344896603
-2.65689583105
-1.87898763603
-0.941622455596
-0.0191365612386
0.65549678385
0.864466423918
0.504069191412
-0.337663962889
-1.37105597286
-2.18418886988
-2.39310990708
-1.80701194502
-0.536719694434
1.00941412092
2.2546515026
2.66667530814
1.97209331892
0.282798832011
-1.92469073938
-3.97692508483
-5.25563579037
-5.43266936318
-4.58923189458
-3.16696926452
-1.76920619051
-0.896168814984
-0.72905542246
-1.05921350007
-1.39669755104
-1.21305309282
-0.211160676343
1.50111162061
3.41784134036
4.82855647403
5.12019521519
4.05731914859
1.9149012723
-0.601059455208
-2.61825880542
-3.43942995181
-2.81639702221
-1.04096939821
1.18380275195
3.03315698045
3.88375325213
3.53264417258
2.22556811584
0.496646681635
-1.09417463238
-2.19879324412
-2.78715209133
-3.08564856193
-3.39579738645
-3.89787124787
-4.54573261025
-5.10586065915
-5.31384872062
-5.05705673582
-4.47659454529
-3.92408241465
-3.7872561374
-4.27243701056
-5.26147459171
-6.3283993398
-6.9211274312
-6.62619589107
-5.38538502239
-3.54992653857
-1.73531039423
-0.540218520738
-0.265758984972
-0.776982383045
-1.5815126907
-2.09138798566
-1.93821070874
-1.17870334926
-0.277788091033
0.132565127984
-0.397202948433
-1.85600915497
-3.71839271234
-5.16106375655
-5.45770632567
-4.36105118855
-2.27421504601
-0.107279316462
1.13180213671
0.824829722598
-0.929853417133
-3.32575272164
-5.20949879198
-5.63736594839
-4.36154849916
-1.99782491344
0.232813916486
1.09320321542
-0.0148949514718
-2.64597378486
-5.37547508689
-6.34573562917
-4.07974212951
1.78884125016
10.2040494906
18.959235828
25.4665686412
27.71952578
25.0536207761
18.3917301311
9.87723688743
2.05483529799
-3.05752263571
-4.62997758061
-3.16891385872
-0.13352863037
2.77422798086
4.32029431224
4.15225439453
2.77512396431
1.15418090123
0.16970166052
0.192935821453
0.969750012051
1.83557625155
2.12417808041
1.54900583361
0.364253948697
-0.767193108899
-1.12272709762
-0.30495628048
1.53048834279
3.71535648098
5.35575304392
5.72640190969
4.58592693279
2.26994226642
-0.472453883989
-2.81304502482
-4.18968092971
-4.5064449093
-4.10954963395
-3.5686206342
-3.38109270163
-3.74432914737
-4.49680342227
-5.24122918329
-5.57402456422
-5.29951474085
-4.52346750637
-3.58736884659
-2.88670035023
-2.67224090777
-2.93672639681
-3.44077048475
-3.85813338475
-3.95931303757
-3.73462970892
-3.39160786524
-3.22861200873
-3.45274292945
-4.04105376409
-4.72393777404
-5.10756417017
-4.87918822003
-3.99193982513
-2.72924025027
-1.60371668397
-1.1264121783
-1.55033508089
-2.71360431204
-4.06859504817
-4.89995676719
-4.64374706068
-3.16504294105
-0.860331023785
1.4767872619
2.98263259603
3.10770657985
1.88777729364
-0.0279213078394
-1.61961981484
-1.92004421101
-0.442194853072
2.57381461492
6.20959846962
9.20420969596
10.4445843507
9.40949065289
6.38207706961
2.34195661366
-1.41776264638
-3.78812677629
-4.25059389193
-3.02871560195
-0.933859056833
1.01544521772
2.02829434314
1.84329932221
0.777732109476
-0.479091779778
-1.21849853849
-1.04311437598
-0.027430303731
1.35363970768
2.4798940104
2.89367909016
2.51139605784
1.64210244142
0.812436241563
0.489781928331
0.841710256246
1.64900757867
2.41377615033
2.61028423306
1.95884469594
0.592645093577
-0.962684885823
-1.99155824826
-1.88665975225
-0.415917646701
2.15304190559
5.12006022359
7.58145600781
8.72998838254
8.11502136538
5.77683781948
2.22247114665
-1.73273770241
-5.19548560341
-7.42462916096
-8.00335033382
-6.92142476539
-4.56022471289
-1.59043066909
1.19592371241
3.08674582817
3.6406265656
2.81528906845
0.9868828586
-1.16212091982
-2.866329641
-3.54564376812
-3.02245770396
-1.59804733504
0.0554551245214
1.1589242577
1.14853741815
-0.0743877225148
-2.07586272265
-4.04274897934
-5.10317099429
-4.68546490742
-2.76615884908
0.0989738691894
2.9760833777
4.90372087111
5.24763272222
3.91642721321
1.35828656165
-1.64524948649
-4.28823130755
-6.01655119745
-6.66309565534
-6.40652263316
-5.60074584372
-4.57464329441
-3.50152041467
-2.38971643237
-1.17704854516
0.141374359924
1.43400196094
2.45103877994
2.93052679914
2.73216344121
1.92259348802
0.762307343482
-0.401846740753
-1.28277338778
-1.76071767193
-1.89600863945
-1.8427663893
-1.71486667982
-1.48404312651
-0.975193333108
0.0279698058879
1.61650741396
3.61911423619
5.57959051344
6.88394205963
6.99897293028
5.72362090073
3.33688535457
0.56280774019
-1.65115483342
-2.46451403274
-1.45476707121
1.21519054037
4.84087634041
8.41433423914
10.9636395309
11.8650305429
11.0161946271
8.81944767523
5.99909941517
3.33637343378
1.42571196577
0.534162530614
0.594804706431
1.3098885496
2.30235710493
3.24795479137
3.94216883117
4.29337763434
4.26809357742
3.83195594272
2.92574899315
1.49342545219
-0.45012471546
-2.74721601133
-5.06482898773
-6.93331393725
-7.8611068469
-7.49698058757
-5.78465594757
-3.04610519905
0.0540574271507
2.67235827236
4.03871973587
3.71614370501
1.77150934679
-1.21726014985
-4.33719909164
-6.64850477863
-7.51610015939
-6.83685065154
-5.06756036265
-3.03459323006
-1.5956204563
-1.28942189165
-2.12010989353
-3.56920181191
-4.83248244194
-5.17969806038
-4.27858531807
-2.33824873089
-0.00698450222214
1.92845434325
2.90265476906
2.82189877699
2.08667342567
1.37555836405
1.29493121486
2.06640516878
3.40944579727
4.68451528781
5.23453574364
4.76042147866
3.54076398897
2.37215895413
2.23679462797
3.83753061537
7.21360255728
11.6248967429
15.7775863821
18.3099060596
18.334862555
15.8043452252
11.5333059206
6.87102752606
3.16185198195
1.22924994395
1.1031958348
2.09846563796
3.19289417243
3.52271427825
2.76649357192
1.2488258841
-0.270065490793
-1.00628712945
-0.563287778714
0.854149501093
2.52172429495
3.53134205464
3.22095222515
1.49743702845
-1.09625451571
-3.59936222928
-5.03695735237
-4.82814809088
-3.02087652788
-0.257361978175
2.50464248847
4.38521995189
4.91850036238
4.19499731783
2.76547275089
1.36657434806
0.599168604859
0.698548580827
1.48316315117
2.48360627306
3.1765392398
3.21196032899
2.53838769217
1.38619206178
0.135410484537
-0.859566231854
-1.40789152925
-1.53057958659
-1.4142131237
-1.30694964596
-1.4121485668
-1.82501385816
-2.52857255829
-3.43409269234
-4.43326531911
-5.43183709498
-6.35247425816
-7.11649013579
-7.62711149
-7.77464244832
-7.46860235512
-6.68308474592
-5.49021605225
-4.0593315245
-2.61522271265
-1.36943538814
-0.453337765331
0.117303314966
0.430122526989
0.622031725616
0.808309339292
1.02765642604
1.22806755173
1.29877026202
1.13165223466
0.681977891045
-0.000795620230164
-0.786362434466
-1.51389532805
-2.05472431191
-2.35768828373
-2.45709616716
-2.44247999277
-2.40837318431
-2.41147632833
-2.45708504569
-2.51939266364
-2.58036688557
-2.66020777789
-2.81590096449
-3.1022323149
-3.51305303693
-3.93693056864
-4.16048112021
-3.93271282351
-3.07271801716
-1.57600833409
0.333535085966
2.24180003041
3.67074374809
4.24918394863
3.85855211796
2.68830673976
1.17081664837
-0.182616972982
-0.977676770707
-1.08112856385
-0.650469371758
-0.0373747003435
0.38909798522
0.41634934936
0.0776287095025
-0.383648687274
-0.65420732032
-0.523650793539
-0.00091069290869
0.686502725602
1.21199132575
1.32790006914
1.00920355364
0.484202958552
0.129366996404
0.275856423644
1.02462035041
2.16861348589
3.27114678106
3.87123218981
3.71852284168
2.91773950481
1.89984152894
1.21954019554
1.26734668254
2.03505813399
3.05864398907
3.58514514028
2.90460851721
0.703972335654
-2.7211507774
-6.5056194119
-9.50508396918
-10.7246581305
-9.70780670923
-6.72070792231
-2.65421757232
1.31327094517
4.14812901417
5.30968102723
4.87905615771
3.43437331639
1.74795683408
0.450622384814
-0.025786601403964937
0.022311591825001642
0.21665339606272482
0.1654894328331693
-0.3354158245540617
-1.22389049506
-2.40970520876
-3.39835795688
-3.97324319661
-4.09858644391
-3.89568791761
-3.54549252295
-3.18159606665
-2.83450184536
-2.45183560782
-1.97294985651
-1.40631776178
-0.859914858737
-0.505263335626
-0.495888476798
-0.887100974742
-1.60183470051
-2.45925822897
-3.24650749549
-3.79101283076
-3.99482664842
-3.82002564936
-3.24802249701
-2.25376377029
-0.825707969221
0.971156661534
2.92907162105
4.68408165334
5.79286395717
5.88973567822
4.86163687958
2.95256770436
0.727950604654
-1.11008278732
-1.99085429467
-1.71074026998
-0.523407127874
0.967613569194
2.07456712992
2.33130652112
1.6965661841
0.556676907003
-0.475159883348
-0.866171250079
-0.426770227263
0.602170322888
1.68187874792
2.26160743391
2.0722528615
1.27571991414
0.389684480386
0.0219871130694
0.548462399747
1.90080390885
3.57841562771
4.88508703388
5.27465742948
4.62990122397
3.32828604803
2.0543572188
1.44862246676
1.77037708834
2.75039395053
3.7168616417
3.93927764669
3.02014811356
1.1331211032
-1.02268970429
-2.54203017335
-2.75606353208
-1.57902311189
0.420234637743
2.26918963496
3.05254803361
2.36175751774
0.510166029376
-1.600166414
-2.9057060726
-2.70266250118
-1.01102003529
1.39946447755
3.34284605842
3.75964558016
2.21627066243
-0.8732396356
-4.40839158823
-7.07289508957
-7.89839817145
-6.66493099152
-3.96196455099
-0.894215226453
1.42083152537
2.32774818
1.86845018983
0.687270946032
-0.327676882869
-0.48290190506
0.410757895417
1.99078339247
3.55889394952
4.43713484171
4.28428111982
3.2258192837
1.75157951939
0.450206129395
-0.277577135091
-0.386580243359
-0.164808344948
-0.0485227985206
-0.378743848579
-1.22282759959
-2.34263973184
-3.31317696691
-3.72351025009
-3.36008955609
-2.29180715563
-0.831197553994
0.594717355918
1.59665854236
1.93520327121
1.56255164141
0.60266764708
-0.698885520859
-2.0269535448
-3.04249526088
-3.43315845549
-2.98201070637
-1.64947302084
0.362694002652
2.61034087186
4.50015717869
5.46825316975
5.18687554653
3.71293369279
1.50270494203
-0.73138924016
-2.27518586353
-2.67592315408
-1.9010862233
-0.323259755831
1.45990147138
2.88499665165
3.64012771937
3.74253999541
3.4514068135
3.07474136206
2.78205173179
2.52744835525
2.12431841136
1.42548532055
0.498729788747
-0.317296058843
-0.531671472692
0.246750526088
2.04698011777
4.40901134309
6.48474490692
7.35144298385
6.41229210081
3.70194145132
-0.0562181739109
-3.68877444624
-6.02003485801
-6.34151622253
-4.6991366112
-1.87101216655
0.954986702642
2.66222054129
2.6357908411
0.962015474293
-1.67434121353
-4.32878758953
-6.20461192082
-6.94342202444
-6.6816967547
-5.87558435939
-5.00633715031
-4.32704078185
-3.77721827838
-3.09624786096
-2.05976318994
-0.699527873525
0.622281956765
1.33582501361
0.930456787062
1.0643195962449852
0.2255750991905927
-0.843939801662
-3.11093768556
-3.99079468532
-3.24082865375
-1.18441462938
1.42289870782
3.69301053024
4.93971989881
4.90952965429
3.82378233854
2.23347597515
0.766289951849
-0.118653761058
-0.270673094045
0.157765781065
0.834296580666
1.41561066051
1.68393254446
1.60251751547
1.28732065078
0.929328360145
0.714777131584
0.777227947464
1.1882957159
1.9700903656
3.10479026575
4.52701373575
6.10400117547
7.62381777365
8.81306544679
9.39197229248
9.15399993805
8.04095425001
6.18190979248
3.8765566121
1.52467499883
-0.476640472454
-1.83598794572
-2.4408141042
-2.38185597325
-1.92444139512
-1.43469998096
-1.27736373554
-1.70753279322
-2.78268862882
-4.32220693198
-5.93599126029
-7.12811896418
-7.45627460424
-6.700664958
-4.97970433928
-2.75616204593
-0.710870490549
0.487160430758
0.43563403072
-0.823416252223
-2.78713153314
-4.66135046874
-5.66301333213
-5.33883042582
-3.76567399027
-1.53879173362
0.460030135553
1.42635726013
0.978277333593
-0.66703181996
-2.76762841602
-4.35752187007
-4.64991990353
-3.37212849518
-0.88876778077
1.93920598882
4.09826203809
4.82130192395
3.87420776079
1.61591143932
-1.18028446763
-3.65365071797
-5.18315807292
-5.5781253274
-5.06732041447
-4.11693238774
-3.18161442876
-2.51190550275
-2.10054929574
-1.77329166037
-1.35654532273
-0.820740276802
-0.31868914902
-0.0997234289945
-0.349566782027
-1.04707624317
-1.92158488596
-2.54321338926
-2.50986639063
-1.6435446437
-0.100543015205
1.6612418645
3.0486011981
3.56227231251
2.99085588282
1.48888293259
-0.48839067022
-2.35872597361
-3.61801030963
-3.99437225409
-3.49974183059
-2.37626608706
-0.977785002336
0.355303830163
1.38034235571
1.97804451919
2.13213937163
1.89173601838
1.34155505464
0.588460924897
-0.244186967217
-1.02882018666
-1.65924115813
-2.08122561101
-2.30928394145
-2.41323123919
-2.47406730517
-2.52892665498
-2.53650987644
-2.38828109435
-1.96763346537
-1.23059776867
-0.263822193034
0.719375180402
1.45565256765
1.75279364633
1.59793531174
1.19324063723
0.888732716274
1.03103453567
1.79199738065
3.05892202461
4.44662780902
5.43833454548
5.60111383933
4.7820632104
3.19404711192
1.34595131047
-0.158025880771
-0.864592539627
-0.654489143592
0.219489347602
1.2566486624
1.93827966439
1.95891121646
1.35466247298
0.47243638379
-0.202910469124
-0.281760226877
0.344317012139
1.44756987154
2.56218924262
3.18787945941
3.00545061732
2.00938323128
0.503630602845
-1.02987089548
-2.12554169221
-2.50475308245
-2.15449819788
-1.29320717342
-0.25443124079
0.649331067944
1.22172776929
1.40551143248
1.24272200417
0.810779516212
0.177440290077
-0.2396527009015017
-0.7333919489115601
-1.1881738574513605
-1.446861169228555
-1.3608442942579302
-0.8676903319905591
-0.05411433294176504
0.838805991533377
1.4865439509378433
1.6076702734576855
1.0924953761499268
0.07142427704769716
-1.11705469987443
-2.0540855193410437
-2.41278477246
-2.44630644312
-1.98828298666
-1.41475201249
-1.12514370974
-1.35413170667
-2.05263544272
-2.8951117789
-3.4146073766
-3.20914627068
-2.12930379257
-0.362981780724
1.62280958476
3.26119892557
4.11075990422
4.03142820659
3.23646213401
2.19870434211
1.4509945915
1.36446277134
1.99639592257
3.06905537624
4.0860747047
4.53736782441
4.10955653773
2.81937370145
1.0202256756
-0.717727890647
-1.80655947784
-1.84484799596
-0.755812037869
1.18467499347
3.43399795848
5.34892185253
6.3755689803
6.20448915603
4.84773972316
2.62130281717
0.0442257076113
-2.31216060235
-3.98042780344
-4.71523824952
-4.54230449822
-3.72689018324
-2.67365489826
-1.78985765813
-1.35540280899
-1.4416212556
-1.90523284037
-2.45856936889
-2.79004868609
-2.69003288277
-2.13444309852
-1.29399698212
-0.465529495419
0.0474208391058
0.0572434401261
-0.430670932176
-1.21653572568
-1.97971386089
-2.39648364581
-2.25491915361
-1.52359840929
-0.352401913096
0.987394018334
2.19344647207
3.01546765155
3.30375593013
3.01682189968
2.20196144956
0.97138212003
-0.50995213178
-2.02530125009
-3.31250230676
-4.09657473284
-4.15747498555
-3.41849999719
-2.01861547464
-0.324957140749
1.14231200693
1.86531938874
1.51649355309
0.106501560096
-1.97626906095
-4.06663152153
-5.44014826933
-5.57180755627
-4.33631496506
-2.06721571797
0.554922785502
2.74672927611
3.90533456262
3.82019641247
2.73134495559
1.21452937519
-0.0561389703282
-0.569637853186
-0.159527992947
0.96083313041
2.31225782143
3.35491320174
3.69439049143
3.20657246998
2.04159764309
0.52250650872
-0.7450842425374873
-1.77242642352698
-2.4657524484625952
-2.855675979402392
-3.0187654317970782
-3.000459854401967
-2.7823225065742463
-2.3074032829968587
-1.5436824551154302
-0.5448833008805565
0.5297509102777269
1.452271998765852
2.0044646405181936
2.0609147009338358
1.637258663005042
0.8817825893476225
0.01640426204731682
-0.7434607994560025
-1.2532681949264486
-1.4625789806852225
-1.395047753317229
-1.1051302066430821
-0.640727585206
-0.309556232788
0.130751326541
0.613215686923
1.02296898195
1.21657616394
1.07424057993
0.56219783275
-0.22785026847
-1.08834959693
-1.75867318742
-2.01896387573
-1.77577684732
-1.10126833619
-0.207033840167
0.637536765358
1.20796975701
1.40527236087
1.28193939019
1.00582553273
0.781225578802
0.763171247908
1.00057681361
1.42807922566
1.90384913892
2.27217002113
2.42286561834
2.32583942142
2.03297464576
1.65352987714
1.31670843524
1.13466335294
1.1738487635
1.43734085706
1.85897409016
2.31159953491
2.63298522678
2.66994338443
2.33315210036
1.64523397173
0.759408974579
-0.0688133050932
-0.557935879743
-0.503598187562
0.130152922307
1.17271908943
2.28660106776
3.07857518753
3.24370876489
2.6849015538
1.55609746043
0.206573816956
-0.954824541056
-1.62114152066
-1.70699145298
-1.37515292306
-0.95785506532
-0.805661863244
-1.12811713278
-1.89390535705
-2.83278677568
-3.53843439312
-3.62946549512
-2.90316657468
-1.42142964429
0.502325447824
2.40654785137
3.83295083225
4.4690545061
4.23327153433
3.27908273615
1.92523530936
0.542700891428
-0.560880998517
-1.22318752968
-1.45444855088
-1.40744148284
-1.30446310108
-1.34665541426
-1.63509457892
-2.12953596229
-2.65998316325
-2.98991849706
-2.9118231125
-2.34141290315
-1.37323841432
-0.270853129314
0.611904327082
0.953746198872
0.586892729411
-0.433392899852
-1.84222064385
-3.2593846085
-4.32757434796
-4.83747535494
-4.78800062767
-4.35908057507
-3.8143164405
-3.38219518475
-3.17186469387
-3.15890358953
-3.23865357089
-3.30942210069
-3.33417505501
-3.34491232289
-3.390427612
-3.46507411096
-3.47161542533
-3.2543507757
-2.69663962484
-1.83238661391
-0.900597367611
-0.291471810041
-0.386271251462
-1.35554264795
-3.01706058922
-4.84163979122
-6.13172180454
-6.31153160007
-5.20146665399
-3.14049487629
-0.880014187706
0.722408324132
1.07984062904
0.148221006951
-1.54301441071
-3.12957082481
-3.81676530611
-3.25805040792
-1.71782260541
0.0735998570419
1.31436171651
1.58523844288
1.12987965926
0.798547741501
1.65143952888
4.39054485986
8.89088766194
14.0775455199
18.2475909303
19.7299700303
17.6074609349
12.1762816936
4.91978618958
-2.01798525385
-6.64927054017
-7.90566653018
-6.02153699317
-2.37762754215
1.11748277884
2.82953257653
2.03330892529
1.6946779585701535
0.447296726042552
-0.2886087339532679
0.470969593765
0.248599761124
1.08610686296
2.00326812744
2.18375203576
1.37787728271
-0.0198026756927
-1.23435549802
-1.56010309628
-0.75458416112
0.825095116743
2.40544344221
3.19500905359
2.78643526438
1.35479024674
-0.444815622011
-1.82015524904
-2.24295331088
-1.70031460042
-0.671101173371
0.152700116136
0.247358262066
-0.461522160933
-1.56551295421
-2.40276346636
-2.42677694406
-1.51769369309
-0.0691183014286
1.19920557047
1.60897083529
0.881739399147
-0.699081713467
-2.41119779761
-3.44467461621
-3.30752008172
-2.08191932933
-0.40043707763
0.849713454286
0.951539990654
-0.293869128094
-2.46384459773
-4.70198315793
-6.10322082603
-6.11000812935
-4.73438699273
-2.51122692674
-0.220320351539
1.47712296138
2.31054001469
2.46004298803
2.3955501602
2.5945763945
3.28953670234
4.36755943472
5.45814782136
6.14528896508
6.18228821819
5.59717405816
4.64432791427
3.64422489785
2.81039281805
2.16155355246
1.56118217423
0.850024335349
-0.0164557483502
-0.914193236764
-1.6165981596
-1.94269064977
-1.89605142162
-1.70264978226
-1.70992153839
-2.18989651025
-3.15095369264
-4.26967211196
-4.99883923971
-4.81651099673
-3.50142125728
-1.29542992042
1.13975063376
2.96717964926
3.51629666103
2.56509921054
0.430113917889
-1.685264175530321
-3.486089322042517
-4.437127480436047
-4.455862691992124
-3.88995362432901
-3.294797335674261
-3.1285569618110713
-3.5179313877773097
-4.207607528506998
-4.711490941361163
-4.582813912846902
-3.663306985928571
-2.185762028737855
-0.680355970249721
0.2666282689396411
0.28196527703853747
-0.6269518652756148
-2.0817540952040474
-3.5073687629572277
-4.38092225783
-4.83727614743
-4.53614010051
-3.78538172568
-2.96398208089
-2.34613584993
-2.00889303794
-1.85465275914
-1.71734813764
-1.48194214893
-1.14940933399
-0.818504313531
-0.606701046506
-0.566253158986
-0.649520125042
-0.743652182343
-0.749907876205
-0.654329615699
-0.541216680363
-0.536104258357
-0.709997830784
-1.00447762485
-1.23036456453
-1.15303417383
-0.626398051399
0.296047310298
1.34034285311
2.10597011578
2.23923454525
1.60523282938
0.371630021125
-1.04344629608
-2.14147479751
-2.55454139878
-2.19822162343
-1.29440612992
-0.255267810534
0.51302257827
0.790616370406
0.623073784056
0.267199484331
0.0392548145112
0.148300136034
0.600341842469
1.21745632409
1.7531901935
2.03515024207
2.05436901355
1.95395375315
1.92790874538
2.09236585936
2.40721520257
2.69727880915
2.76433759637
2.5265451554
2.10121055525
1.77374235623
1.85705102483
2.50946254243
3.60990480981
4.76768299109
5.47867996506
5.36255184274
4.36676727943
2.83063336981
1.36537112644
0.595582019218
0.878872078453
2.13695453361
3.88259671141
5.43436266676
6.21984798217
6.0233705867
5.05923026651
3.83580971826
2.87851546986
2.45033771551
2.41195401836
2.29590061412
1.56327674458
-0.0816945725604
-2.47791172924
-5.00976599192
-6.83949213144
-7.27156385613
-6.08278681937
-3.66053538201
-0.875145963052
1.26705363626
2.04188815563
1.31286859112
-0.412200764128
-2.20062338673
-3.09579406485
-2.52628843315
-0.547885628228
2.18146063219
4.67652128457
6.02600741263
5.74738737326
3.95010971335
1.2510005525
-1.50576846731
-3.59203317689
-4.65281275188
-4.77680238356
-4.36940433461
-3.90561693944
-3.68733045589
-3.71726953046
-3.73918124895
-3.41236270866
-2.52660764692
-1.14864482515
0.372151298455
1.54176422785
1.93777677974
1.40231183813
0.122080181133
-1.44104451397
-2.73694424646
-3.34740668419
-3.14263346851
-2.30884254245
-1.2417198677
-0.360575492321
0.0692593142167
0.0270265832694
-0.293977649949
-0.613671567518
-0.720487844396
-0.576305003506
-0.321204927999
-0.180350857488
-0.325001283962
-0.762570898378
-1.31552717646
-1.7032771054
-1.68767692056
-1.20816838477
-0.434626267696
0.295280468407
0.630341982048
0.380267390225
-0.375093690748
-1.2996116771
-1.93853611474
-1.92096454705
-1.13480620146
0.208172228544
1.65025905509
2.6758128236
2.92539440056
2.34017824179
1.17395124991
-0.127863329571
-1.1216361625
-1.54020753033
-1.37153234983
-0.814672260342
-0.147880500109
0.415396483979
0.806313074826
1.07939911936
1.31156252484
1.48815390936
1.45134567719
0.952040626287
0.1759415979714305
-1.270171446783607
-3.114239130454635
-4.861197333595186
-5.972489601420293
-6.097679337243861
-5.249038823793086
-3.8273118075024684
-2.4717017250425073
-1.7900803729154546
-2.0864684398670192
-3.21102746338
-5.00297403046
-6.33169798601
-6.5998478199
-5.6076657183
-3.64328513713
-1.36266904827
0.486546140963
1.37397104248
1.1925709528
0.275566684494
-0.775617571269
-1.36864711382
-1.17667155248
-0.263737065064
0.966593816919
1.96462614099
2.27573160083
1.72229217049
0.455044019906
-1.13364410141
-2.58165412703
-3.53143642667
-3.83483148213
-3.55786502459
-2.90375507059
-2.10469544831
-1.33611776766
-0.684329638947
-0.165297541356
0.23261974852
0.514501114858
0.672088503956
0.701410852041
0.625703514806
0.502936549147
0.409483533796
0.408588536891
0.52316906443
0.730491513706
0.982940406986
1.24289433834
1.51056968882
1.82708855844
2.24889716429
2.80585377368
3.46460474304
4.11642162091
4.59658465533
4.72803153612
4.37318620839
3.47816348105
2.10033269355
0.417166002954
-1.28386318999
-2.63787509625
-3.26409980058
-2.85795604043
-1.29996902926
1.25262625914
4.33848206365
7.26758592917
9.30426934875
9.91255625063
8.97523967133
6.8866913133
4.4545347723
2.61985773708
2.09024330037
3.03434963698
4.97920220829
6.97611848276
7.98553939272
7.3258354033
4.98816241565
1.66563668853
-1.5333406644
-3.57259147494
-3.96028036264
-2.98386686898
-1.58542203121
-0.918291498931
-1.77945713303
-4.18145222284
-7.27567890677
-9.68403994494
-10.106548086
-7.93699171268
-3.60284503437
1.53881436518
5.7204343336
7.48000048572
6.2623898188
2.64165233473
-1.93275301818
-5.75123982133
-7.54766998129
-6.98427927032
-4.71606997539
-2.02611667625
-0.21440403059
-0.0244400362918
-1.36040086552
-3.40250787145
-5.0413570179
-5.41139479849
-4.27256591288
-2.07609322842
0.291858589654
1.94451405754
2.39026863897
1.70834389411
0.441450971133
-0.3359278604895337
-0.5116133972155978
-0.004565155478346128
0.8681004516156747
1.6048848656772066
1.80781168298617
1.392236015672779
0.6176665237101275
-0.06270496455061902
-0.2432361400133658
0.23293557352189964
1.21381199561
1.97692533377
2.52075081283
2.65870656312
2.4571266165
2.16576363037
2.05165568292
2.23371278312
2.61129806971
2.92548367282
2.91720488534
2.49264420656
1.80148869065
1.18025216255
0.985515528182
1.4020811365
2.3269238264
3.39304178937
4.12683659084
4.16470302808
3.42375015483
2.14345767091
0.778295954192
-0.20600385526
-0.533884975599
-0.223462933983
0.453926020344
1.13305204443
1.55044652377
1.67758600191
1.72480966407
2.01317599592
2.77645058066
3.99075078277
5.31902137396
6.20678604725
6.0977916679
4.68327070129
2.07997339407
-1.14293459145
-4.11045490307
-5.91733995458
-5.93787023248
-4.05950758638
-0.754282499194
3.0435313367
6.21877900727
7.82588264968
7.39251472427
5.073143588
1.59714205137
-1.97502610448
-4.60698998416
-5.63090792354
-4.95956190133
-3.0897235223
-0.896125823631
0.705768293743
1.09897525699
0.175733006923
-1.65930290565
-3.68791492128
-5.19071330671
-5.73879487837
-5.34257158257
-4.40110204571
-3.48502872966
-3.05965248231
-3.27804988163
-3.93683541622
-4.60720736063
-4.86974838216
-4.53358572556
-3.7317437167
-2.84859532733
-2.31992638906
-2.40894040757
-3.07144086454
-3.97621167833
-4.66701578151
-4.7816099499
-4.21682199315
-3.15969051503
-1.97572738103
-1.01870957227
-0.463642494365
-0.246997759022
-0.136867132143
0.115389532397
0.632039944885
1.35422976698
2.10000063873
2.69112307419
3.06336990931
3.28542881547
3.46956367471
3.62950381584
3.5844168835
2.99283108058
1.52982266697
-0.869370974286
-3.83463763998
-6.57863433088
-8.14509738942
-7.80569515653
-5.42949475613
-1.63613540236
2.37199616708
5.25563859334
6.0787973877
4.69819356402
1.81303297946
-1.36062139113
-3.64692038882
-4.43743440182
-3.93429771019
-2.98900255002
-2.61542586532
-3.42182688505
-5.25449930773
-7.2462874021
-8.26076204771
-7.51631681667
-5.06908666283
-1.88800338064
0.550379029724
0.977087748526
-0.98478106427
-4.51595964779
-7.86152893064
-9.07405034036
-6.91679538901
-1.50869236854
5.60619862308
12.0253742612
15.4577482812
14.6717280524
9.99921217058
3.17188708755
-3.43096560998
-7.77869710813
-8.98143213957
-7.53487989563
-4.93587740699
-2.87893857266
-2.4290910445
-3.55961017701
-5.25355414543
-6.0910345311
-5.01486649778
-1.8938537111
2.38453632224
6.32256938935
8.50837911732
8.25498126335
5.87787511289
2.49361232775
-0.541830185105
-2.26703405614
-2.51208899909
-1.87977936254
-1.34495368661
-1.69276542492
-3.08619853581
-4.97618597105
-6.38768398444
-6.42557985313
-4.73977332416
-1.71786329848
1.68304325036
4.37239970473
5.60902688267
5.29621832648
3.95795169034
2.42827204491
1.42505219794
1.22596263027
1.5996560714
2.00688002691
1.94786623985
1.26412283096
0.236248170879
-0.566954766778
-0.600573338824
0.352645300234
2.04780441999
3.88186556448
5.18037032027
5.51814280431
4.91112604945
3.78613351995
2.75053883768
2.28450606253
2.51338092441
3.17151024299
3.76726594361
3.85596386027
3.27534757678
2.22231509505
1.13503570684
0.446128225147
0.337973506942
0.628262042902
0.845872045236
0.460172301558
0.7399662794409068
0.16161899176829309
-0.8221651415913271
-1.54836659982
-3.05680657169
-3.39211015845
-2.64152811263
-1.22425165443
0.299690481864
1.45104606805
1.98603342535
1.92929537565
1.49288626509
0.939310555004
0.461843626434
0.132874359019
-0.0726249157233
-0.210954651221
-0.308947188486
-0.34369809649
-0.267466438879
-0.0540705950229
0.267306693722
0.613483344353
0.882122089855
0.99720226526
0.937000757891
0.729390027243
0.421354642674
0.0464559665589
-0.385322522907
-0.866961711742
-1.35738388331
-1.75714435111
-1.92237142581
-1.72105845214
-1.10822047552
-0.179138697167
0.835340626272
1.64094871369
1.99364387355
1.80355056065
1.17766638756
0.376604282919
-0.297951439887
-0.633348768291
-0.59178190906
-0.310885486599
-0.020178575267
0.0836824766306
-0.060402807592
-0.348740331622
-0.570538161173
-0.521594729936
-0.11498733172
0.567658173986
1.30933439067
1.85678665449
2.03431972065
1.8155458794
1.32030144454
0.74381540225
0.259451358839
-0.0529394047229
-0.218594252514
-0.320123657762
-0.424234881944
-0.529116650725
-0.564307238476
-0.442311031782
-0.129406129528
0.309587859147
0.723790018177
0.94415344395
0.871625897058
0.536182868426
0.0911253831876
-0.257978079675
-0.353358813452
-0.159949034832
0.226665161456
0.644083975483
0.96207769084
1.15768430227
1.31826557505
1.564549503
1.93424206944
2.29642509473
2.35884117522
1.78502411206
0.377416761757
-1.76198346018
-4.18433344382
-6.20544757106
-7.14730822694
-6.61333576106
-4.67512557003
-1.87965173982
0.937317717402
2.95862161028
3.68471804565
3.09746438761
1.62253244972
nan
nan
nan
nan
nan
nan
nan
nan
nan
nan
nan
nan
nan
nan
nan
nan
nan
nan
nan
nan
nan
nan
nan
nan
nan
nan
nan
nan
nan
nan
nan
nan
nan
nan
nan
nan
nan
nan
nan
nan
nan
nan
nan
nan
nan
nan
nan
nan
nan
nan
nan
