nan
nan
-0.944822102844
-0.595296955182
0.13300242956
0.735430116883
0.855172749131
0.448978201998
-0.220867764785
-0.753033773284
-0.836325750381
-0.41752383374
0.278941368225
0.884543242642
1.09611496328
0.844419932142
0.328951457655
-0.100038917223
-0.147324067097
0.24754013587
0.857718490137
1.2774748203
1.1382629906
0.319718665162
-0.9577108915
-2.21221187159
-2.91723779305
-2.749138947
-1.74281608506
-0.278718075982
1.09060125905
1.88694015418
1.90554055203
1.27533489132
0.362534281066
-0.421769242706
-0.806991739664
-0.752412925041
-0.410864055693
-0.00698814043241
0.288387522447
0.414889066478
0.388177170732
0.213418471357
0.21137301078204018
-0.14364754900653054
-0.9505393285567294
-2.1487679387788887
-3.4539892891439194
-4.417730692975738
-4.6074733145273115
-3.8279424883043447
-2.265350723021996
-0.4609272684580503
0.8987513557209752
1.2892501555325282
0.606407738378536
-0.7606599791597262
-2.092935189793394
-2.674593133649708
-2.138143799748775
-0.6493986058263062
1.166301698646322
2.527491325132999
2.882906423392214
2.18784925919
0.453609354036
-1.06817641395
-1.70195369693
-1.21250079649
0.0788397037068
1.4621587072
2.20606321174
1.93542727559
0.824659459595
-0.494379583233
-1.26340861161
-0.997138746914
0.255874627973
1.92703072412
3.21044413734
3.46970806456
2.55934775127
0.895786637558
-0.757642972506
-1.6793481952
-1.5505379693
-0.603366084091
0.517211597011
1.10210157737
0.753169510215
-0.410709882325
-1.82156636086
-2.7649773732
-2.75640896394
-1.7941663977
-0.359207304917
0.834039588907
1.20252565196
0.584917439874
-0.689017410784
-1.97741254447
-2.65155386534
-2.39388536632
-1.3182617311
0.136077672202
1.46192308426
2.34096716721
2.75842466148
2.92303202077
3.05640368506
3.1922438053
3.11856714345
2.50853984265
1.16767052746
-0.754551010087
-2.73309507952
-4.06549762352
-4.2165029137
-3.12979402852
-1.32532882894
0.298552503163
0.884158355418
0.0528700554019
-1.86737442945
-3.96291195286
-5.16792826728
-4.80889450793
-2.98619444549
-0.584849686599
1.11735010543
1.07372871954
-0.972459281319
-4.27520647823
-7.34401428863
-8.57568836886
-6.98026897194
-2.66972379411
3.11777572094
8.47435786034
11.5593583664
11.2956799694
7.73402633427
1.9534323488
-0.3644603082647393
-1.7444437304794462
-1.24304762295
-2.73940103198
-2.64699821008
-1.6934997796
-0.515125179269
0.541588012011
1.40446620025
2.11621177935
2.66496023154
2.91968916339
2.70211387682
1.93362977949
0.748004857897
-0.516615398487
-1.45612320662
-1.79610718632
-1.53237756274
-0.931829354681
-0.387834405219
-0.208130410086
-0.453238079347
-0.916149914235
-1.25445092803
-1.19932712064
-0.721644600091
-0.0590974673253
0.412690876639
0.392826745781
-0.169645259867
-1.03918504967
-1.81865316178
-2.1657422455
-1.97699267518
-1.43199802511
-0.869745748038
-0.567176248141
-0.550921908682
-0.560196825946
-0.1961647676
0.81514325692
2.39268377622
4.04427323046
5.04040907966
4.75108349302
2.98346733143
0.143976068849
-2.87364531523
-5.03918766771
-5.61964013144
-4.49337368961
-2.19631704152
0.321085360329
2.11034830741
2.62064117838
1.89699925679
0.50571811862
-0.757047808773
-1.22255587159
-0.607389700948
0.926717939848
2.90384831555
4.76088627183
6.0496751073
6.53409783226
6.17716223567
5.07483247725
3.40604460343
1.43012065283
-0.495288748361
-1.93703586219
-2.49442333152
-1.9750458174
-0.553968401909
1.19355778997
2.4522523424
2.48848608512
1.00098937682
-1.67572750521
-4.64309929073
-6.78695211497
-7.26090718626
-5.879473855
-3.22293996569
-0.388907957455
1.49987783861
1.79512894606
0.58465884053
6.328006963864297
12.229127513079064
18.95648523881443
26.5797936427
25.6494358285
24.3468839793
22.1401719948
19.0529361738
15.6740955441
12.8401589818
11.1713377851
10.7279817454
10.987073237
11.1541416321
10.6276334304
9.33643320552
7.73851283859
6.46813964186
5.83906497104
5.52013510575
4.62242852406
2.20293929985
-2.07491167488
-7.52198581227
-12.5567168248
-15.4143410862
-15.1113715132
-12.1402723513
-8.44335602609
-6.56251273892
-8.31976729959
-13.705815439
-20.6376904054
-25.8546353551
-26.6205548812
-22.397451267
-15.5392726825
-10.447446957
-11.3861101095
-19.919614219
-33.2997372196
-44.8467493332
-46.4970019292
-32.6024018212
-3.29193744917
34.327088601
68.0353035853
84.9854032751
77.060602595
44.7642689596
-2.25533852206
-48.5688543379
-79.0160020867
-84.941862169
-67.8796793813
-38.9349074024
-13.9630012417
-6.51533888709
-21.598671967
-53.0376768566
-85.7202205667
-101.885897175
-88.8257241686
-44.6990503966
20.0515091114
86.3304920913
133.558925936
147.396762909
124.859899664
74.85408458
14.130240684
-31.46585054395993
-57.42842453579247
-60.38378186496726
-45.76559266580695
-24.086447599345263
-5.748225515494482
3.23442660753129
2.897318534135465
-1.9672487206125027
-5.04206770425
-8.56081483136
-5.2322515575
1.96541869209
8.46897317405
10.6964528168
7.81350151044
1.88717054715
-3.49083220894
-5.25953188017
-2.49906304147
3.20596505905
8.7468428325
11.2101567381
9.39136187392
4.32768586021
-1.36592115425
-4.93956691623
-4.93318100773
-1.84390666062
2.26553132458
4.95010938551
4.6927288971
1.64829058194
-2.53608197353
-5.6777135371
-6.24406307927
-4.12755319865
-0.619928666549
2.3590791017
3.32919136555
2.02533455153
-0.524873293329
-2.63673037725
-2.94622129396
-1.1850087878
1.66815320923
3.93299029861
4.16457368642
1.96831071024
-1.74897267864
-5.22756888069
-6.76439719841
-5.60199555365
-2.33012154441
1.40712896263
3.74165737265
3.5161080324
0.844080911482
-2.9803403751
-6.15979766207
-7.29602390165
-6.05322396671
-3.25763884589
-0.409510125524
1.11489554514
0.747625352773
-1.04474188568
-3.08354357486
-4.1502748571
-3.63736656722
-1.83619236669
0.270923391552
1.57872717094
1.4656139978
0.110629607324
-1.63822528463
-2.75537123483
-2.60800102455
-1.29066770882
0.453185048558
1.66970949731
1.74349039829
0.749863824826
-0.585273025001
-1.29744386003
-0.742319459569
1.00574780145
3.13847000676
4.50076948023
4.18445804295
2.02056424236
-1.28802519574
-4.4676777143
-6.26095540413
-6.00704976431
-3.92981796402
-0.998830218407
1.55539270768
2.82200560246
2.59888529351
1.41095148002
0.17227294146
-0.316265026712
0.229623469649
1.47090519232
2.67037704313
3.11319907409
2.49399613567
1.07190723015
-0.47444428882
-1.40187929925
-1.27467817203
-0.163691171946
1.41680647302
2.78350619158
3.41411014086
3.16100124757
2.25123852449
1.09620301514
0.0337843043917
-0.15928913785053567
-0.3329054846924038
-0.7367039375805149
-1.4872708158640933
-2.4245234853163993
-3.13581542937
-3.84402028358
-3.55681519962
-2.35333246306
-0.694549570797
0.750899062098
1.38677411329
0.943006949939
-0.414217219381
-2.16207544539
-3.64662298532
-4.34716563724
-4.06409899043
-2.96016201566
-1.45669865001
-0.0474945637836
0.883746345548
1.17460294966
0.899469029742
0.307396523239
-0.278049647127
-0.559851724923
-0.348493335193
0.384435884385
1.48468668355
2.63586926985
3.43325809552
3.50877221156
2.67802431561
1.05385924931
-0.935164539365
-2.65577041825
-3.49004737213
-3.08586080317
-1.5286683577
0.65423587712
2.6782360759
3.80881981073
3.66221357021
2.36358122263
0.486778032476
-1.20071048751
-2.07204571095
-1.90070809983
-0.927731218833
0.28785097994
1.15499641334
1.3293400533
0.850318602396
0.0789656908898
-0.518351798716
-0.619149987088
-0.195986947844
0.502121789665
1.11476819246
1.38000353116
1.26771127718
0.964052579371
0.723360431243
0.68210109723
0.752448933674
0.66684432988
0.15497628148
-0.848071237085
-2.09079625258
-3.07257115081
-3.27229182718
-2.42547424034
-0.697990173036
1.35138139777
3.01954028299
3.80255523681
3.65675153914
3.03112108609
2.63702629412
3.05934868676
4.40517502534
6.18042029162
7.47895450186
7.41258547417
5.58173748515
2.35281835727
-1.20986868828
-3.74908876328
-4.18567675259
-2.20045230612
1.59246933221
5.8616437486
9.0689136752
10.0517489824
8.43193119648
4.69466981481
-0.0641742533739
-4.58325824512
-7.86898068318
-9.44756784198
-9.37420411193
-8.05623181463
-6.01767073056
-3.72555306942
-1.53043679872
0.308714514745
1.59110513724
2.19359828018
2.14445267608
1.68993251552
1.27215001205
1.37747674871
2.29693960721
3.91428229603
5.65406066276
6.66079440487
6.16471279257
3.87868593379
0.227773006499
-3.72991163248
-6.69345907597
-7.66711446135
-6.41891698321
-3.62508003571
-0.610395180574
1.21689362868
0.986613123002
-1.24167326499
-4.50384950209
-7.36841295454
-8.58687760609
-7.65643381561
-5.03387880284
-1.9041120096
0.383290113703
0.940537748239
-0.264094329272
-2.42511763494
-4.31402243229
-4.88391419494
-3.77325664732
-1.47088624817
0.930450341107
2.26892341273
1.88032772619
-0.0697431710342
-2.64031378143
-4.52684495704
-4.63933390582
-2.58634009208
1.14487264771
5.38063256509
8.73051392417
10.1269125836
9.21124794448
6.42299336438
2.77996775313
-0.537670708767
-2.62198005405
-3.1254009242
-2.31286395254
-0.887172221284
0.321975868629
0.678939225229
0.36251385587657126
-0.7891095739529419
-2.1889502362842848
-3.13849821766631
-3.09719212423407
-1.8961260181378634
0.17643403733465846
2.4519205498473156
4.103863595868617
4.447486368308688
3.2129803252732074
0.68640375595092
-2.3497075603216473
-4.872605958851196
-5.988896814814964
-5.278413819848652
-2.9710588706051198
0.1260314748353153
2.9334322519988234
4.518704383920493
4.457715719832564
2.9851370491503246
0.8698867317832537
-0.9285469924183758
-1.66986319154
-1.6089628494
-0.604145487279
0.640720519175
1.41088621386
1.31361650499
0.435725623288
-0.7396732759
-1.60405311813
-1.73982335361
-1.12355227353
-0.119924972955
0.721510790444
0.956195743048
0.470728652873
-0.467336310516
-1.35521087952
-1.71502696626
-1.33184444687
-0.349304053417
0.819648875969
1.71263028774
2.048605355
1.84926450144
1.39307786952
1.03501502234
0.995518311412
1.23568821201
1.48593798417
1.41037277035
0.814917355864
-0.216620353429
-1.33559122594
-2.08761520905
-2.13639471445
-1.43594332346
-0.261584021465
0.916390311163
1.65134241697
1.7200985636
1.20539478961
0.42574572919
-0.242858717792
-0.555432019391
-0.498616492203
-0.257333615678
-0.0758604812346
-0.0981014649812
-0.279935888916
-0.422998842022
-0.308870135561
0.145439285857
0.803476595248
1.35115387069
1.44905751241
0.917092293196
-0.148190958832
-1.39096931468
-2.34616379251
-2.6501305313
-2.20694599289
-1.22678177239
-0.118105493175
0.709772292378
1.03210926127
0.888348461356
0.518814356055
0.196761486911
0.0487077209102
0.4115199311635678
0.5286501186086099
0.06445522807938175
-1.146814395280245
-2.970268248058403
-4.977656486174453
-6.594412112341203
-7.320112305108509
-6.921910461062836
-5.5160865735537925
-3.5083136437318956
-1.4292137123461117
0.25467331143345007
1.2728566921731073
1.5816578552394986
1.3036158947438707
0.6267413248717304
-0.27637225266289533
-1.274166981857789
-2.2517266156760343
-3.07354783719
-3.93015794481
-4.31562062277
-4.16266828553
-3.54747783268
-2.69204051326
-1.89358338585
-1.40576530523
-1.32706369165
-1.55407827149
-1.82841908354
-1.85964110093
-1.46731978296
-0.673759857971
0.298361874868
1.12314798506
1.51726350274
1.36543843627
0.768122245718
-0.00738980873476
-0.64484161918
-0.908003988014
-0.722350321201
-0.178659486876
0.53221959546
1.21285241043
1.73265521686
2.05056954914
2.18748259722
2.17588819714
2.02288583617
1.70974482812
1.22583247344
0.612028669642
-0.0182395341906
-0.499957094766
-0.674944541916
-0.460934377898
0.103567279161
0.863018641467
1.59828041198
2.10705591668
2.27635926178
2.11682417903
1.7471506404
1.33932566288
1.05068778984
0.971207904793
1.10432584401
1.38367579266
1.71392195427
2.01699361956
2.26608089145
2.49615016031
2.78787839921
3.2295177628
3.86772418595
4.66361134865
5.47275979205
6.06474043181
6.18655542051
5.65638699202
4.4554407221
2.77630610952
0.994677750088
-0.441119517542
-1.17057358004
-1.06839200554
-0.309822119901
0.688043688859
1.43809674451
1.60124028119
1.15237638541
0.409106825815
-0.105262120359
0.0848612055572
1.14888347453
2.81177091752
4.41527905278
5.16931150298
4.49279399892
2.29390695365
-0.941612230174
-4.30355279399
-6.7929725669
-7.69830255382
-6.85103851926
-4.65635145343
-1.89772991775
0.584205462614
2.18911607225
2.70562042467
2.26978688151
1.18951084051
-0.248702449872
-1.88087196651
-3.63244839752
-5.39722388263
-6.93228130388
-7.86573740386
-7.84383231207
-6.74975305524
-4.86375130657
-2.84371862187
-1.49000637867
-1.37769082314
-2.52977498434
-4.31190870981
-5.63935330649
-5.43752191854
-3.16112354584
0.874184190625
5.52597188766
9.24155526115
10.6916993362
9.34349176966
5.70922111581
1.14894845404
-2.69250240516
-4.56433946431
-4.10116145427
-1.91247499675
0.755334625197
2.61266204336
2.89240436
1.63053164015
-0.447600639388
-2.35012430602
-3.32204565721
-3.17645356147
-2.30368848949
-1.38152722833
-0.961839057205
-1.16363928652
-1.63422209905
-1.78864019983
-1.18529777964
0.177134475718
1.81140623322
2.97489468311
3.06222988903
1.94559156676
0.0750469721909
-1.72309192004
-2.65126637922
-2.34019073965
-1.03349216596
0.541479046155
1.55165013776
1.48885063737
0.428145015128
-1.02132553358
-2.04652512023
-2.06658121117
-1.04269273596
0.504214838937
1.77914884435
2.1502117221
1.50129726293
0.305098555114
-0.632281228231
-0.627009253537
0.468600763893
2.1249910222
3.36353684882
3.25889772753
1.46950320164
-1.48057663499
-4.33543032068
-5.62437819225
-4.33783698758
-0.448275277829
4.97752724951
10.1459196125
13.2350001875
13.1235438749
9.83539537966
4.51363143002
-1.05165806186
-5.12662859498
-6.66552411198
-5.61981884478
-2.8309142068
0.402396605823
2.86388788318
3.83287063631
3.22489571623
1.45650705791
-0.847880195382
-3.14152469477
-5.10694444216
-6.6408519689
-7.73300982673
-8.34451262422
-8.37064151947
-7.70725463927
-6.36958968333
-4.57821407164
-2.74523517152
-1.35113232478
-0.764698961321
-1.09127004362
-2.121596353
-3.40479969665
-4.41145336014
-4.71644017548
-4.1312064244
-2.74600431173
-0.884185132689
0.999680327816
2.43928101348
3.06657328883
2.70024432246
1.40570756934
-0.487068658778
-2.42965792722
-3.780972775
-4.0008866215
-2.85901105253
-0.574851456554
2.19107017433
4.52723865508
5.59541098083
4.96831986747
2.83203119478
-0.0545236287487
-2.64971337152
-4.05889255476
-3.91704533088
-2.54494411697
-0.794572887498
0.356950234971
0.281480224393
-0.983561028639
-2.73563909438
-3.93666771116
-3.72355233905
-1.85721616525
1.11166266457
4.05198192822
5.74932097705
5.46175727345
3.2712817894
0.0604716088966
-2.8791771493
-4.42492092359
-4.11454249243
-2.32131218254
-0.0334913397634
1.65035620984
2.06348223542
1.28805960121
0.0958394720745
-0.456042944147
0.423533563734
2.82812028211
6.0499483299
8.8549145542
10.0090157839
8.81437530191
5.41401272938
0.736396636658
-2.9742010257155584
-5.409026454874535
-5.908095477259167
-4.550206946685535
-2.0269318730173893
0.7019388498412411
2.8011685418520074
3.8346263845558752
3.8324804734847646
3.166984366396818
2.3324542174481593
1.74547671471
0.520931829313
-0.156824950283
-0.333334415509
-0.0986187490994
0.434325304655
1.1141484277
1.73701869533
2.07259130624
1.93823612221
1.28882766779
0.266405454085
-0.83374315473
-1.68074989019
-2.0594190375
-1.97763407005
-1.66694208297
-1.4651767554
-1.63308735128
-2.1971110188
-2.90405947846
-3.32108549975
-3.04115342455
-1.897747422
-0.0826517072516
1.89612439909
3.4035015951
3.93011704539
3.2947585421
1.70687590412
0.6378425082180854
-0.3052788916089213
-0.6871944400566292
-0.352946838856
-0.302836956976
0.041585339096
0.38149635451
0.541637570912
0.509866047132
0.386717094915
0.289205524088
0.269821116885
0.293675242772
0.277555164139
0.158066394267
-0.0576318774763
-0.290036812876
-0.433440779314
-0.419279305363
-0.256667347162
-0.0257764105085
0.170198674692
0.263119852977
0.251271907553
0.185201847673
0.119212295488
0.0628393973051
-0.0320521305641
-0.235266254693
-0.573074682161
-0.976733443223
-1.28526973954
-1.31400030534
-0.959626907172
-0.284295897826
0.476557490518
1.00210286132
1.03722233046
0.533812881654
-0.295574613302
-1.05236483069
-1.33228119857
-0.931240811788
0.0243002464187
1.09444056692
1.69455343515
1.34593750656
0.5891685979779311
-1.0106757423114203
-2.873314476154192
-4.324939395943389
-4.8625735918064095
-4.338619875023596
-2.98957208437578
-1.3068540132835693
0.18120512942698497
1.113148978060579
1.3978353346438581
1.1876278439400068
0.7559895458515768
0.35423291189908923
0.11996280617317723
0.07071966652632966
0.1649573554560959
0.37785842287033233
0.7391805614205964
1.3113894392372174
2.12806559077
2.21714625819
2.36166830371
2.38814828703
2.17444826183
1.7159297668
1.13018600786
0.594530317108
0.251723963867
0.140484801578
0.193790904645
0.306195470959
0.425675753236
0.60471776729
0.965272479347
1.58503018685
2.36895216052
2.99504723572
2.9963522053
1.96984088218
-0.177162791426
-3.07587016172
-5.94838410003
-7.88175467063
-8.22608261307
-6.93613983544
-4.67502867866
-2.59106517422
-1.829578757
-2.9801579739
-5.71618078993
-8.82085902008
-10.6317173236
-9.74300499095
-5.67233636583
0.809225546383
7.85438537051
13.180553363
14.9265948053
12.3759042886
6.24545326798
1.646002415169093
-2.3028191168862264
-3.65435717233
-4.39350166384
-2.04529952167
1.99643979991
5.96486784734
8.40985451661
8.67218157912
6.98306453741
4.20530858419
1.38013232953
-0.699027377531
-1.71286877703
-1.78888756903
-1.29169234461
-0.573634097651
0.181276935389
0.962044414505
1.81911868597
2.73242694463
3.55402698013
4.06457074288
4.10751430739
3.71419077525
3.13455731064
2.74064343907
2.84270989313
3.5112964946
4.50231042948
5.33424838084
5.49119916229
4.66113038264
2.89859985355
0.634323120501
-1.47602434292
-2.79917157138
-2.96271517235
-1.98795898523
-0.2704996587
1.57222139766
2.9163859937
3.32501052729
2.65545433323
1.06106368656
-1.09128575978
-3.34316164743
-5.26255970904
-6.53139031555
-6.99504341157
-6.67721025045
-5.76355958337
-4.55456043046
-3.38930159765
-2.55222556431
-2.18857686238
-2.26160990914
-2.57604705675
-2.86714351555
-2.92304839159
-2.68656006176
-2.28498954242
-1.96649611272
-1.96615825944
-2.36347636875
-3.00411135467
-3.53380474646
-3.54091161379
-2.74964846406
-1.17605209585
0.830683770439
2.69027964025
3.80096346126
3.77032111159
2.56930599172
0.544095445529
-1.71732445658
-3.60444451211
-4.69589354747
-4.87889624991
-4.33769549061
-3.43150860674
-2.52741477214
-1.86442754452
-1.50014885924
-1.34632118766
-1.25806919016
-1.12323294877
-0.908896094196
-0.652583814984
-0.417187225268
-0.244516568066
-0.13597728321
-0.066713097798
-0.0164981586203
0.00919575339128
-0.0141182439249
-0.0985279367069
-0.210155615933
-0.261349096866
-0.143326033846
0.2108443573
0.765055122393
1.35847795217
1.74526864805
1.68729588757
1.06232997692
-0.0622167588481
-1.42786647669
-2.66240623743
-3.40670862539
-3.43927588213
-2.74824362695
-1.52480534771
-0.0865495858819
1.23280930752
2.18190998354
2.6453121755
2.64389559803
2.29731331286
1.77437679803
1.25209009398
0.889377184456
0.808422990352
1.07375204246
1.66782008499
2.47491538027
3.29188271747
3.87732045149
4.03177470427
3.68008396652
2.9168062957
1.9854311182
1.19013071906
0.772515468312
0.807608751293
1.16981647799
1.58995648659
1.78127171828
1.5768464923
1.01175042402
0.307006970695
-0.240880292899
-0.413850828979
-0.1944830266
0.20666491376
0.437875740073
0.171408990882
-0.728708343392
-2.11655678123
-3.59862142983
-4.68284571274
-4.97991850206
-4.36967951267
-3.06036550161
-1.51525354964
-0.278085648904
0.230210353529
-0.137232091442
-1.20878816843
-2.56548809338
-3.6919941075
-4.14704151944
-3.69528549048
-2.36577936888
-0.432528400815
1.66417649934
3.4275207515
4.41925412103
4.36089359018
3.20572675389
1.16626155565
-1.31738547848
-3.67413572946
-5.35063420853
-5.97479550644
-5.47966541569
-4.13518426658
-2.46240841257
-1.04946372701
-0.332735460713
-0.429044043616
-1.09094759365
-1.80987968768
-2.02938696239
-1.38115136971
0.156337526573
2.24478859903
4.32367941335
5.83675941226
6.44715194455
6.14813888043
5.22679364377
4.10646387323
3.14874045711
2.51003297295
2.11600739283
1.75555265737
1.23579448984
0.511105310072
-0.283939850383
-0.914351443382
-1.19202235827
-1.1071224653
-0.866107076414
-0.806702099872
-1.22601814077
-2.20776433931
-3.54165871523
-4.78688015395
-5.46064997853
-5.26742319371
-4.25722087027
-2.828897768
-1.56485632664
-0.965238810784
-1.20268709419
-2.01636849329
-2.80482829489
-2.88708464176
-1.82146021749
0.360441636428
3.11517400445
5.5716713928
6.86792843382
6.50124206571
4.54457482726
1.63707862383
-1.24816667781
-3.16338550401
-3.52615913111
-2.3069262732
0.00106950763001
2.60202044108
4.70511973488
5.78959713769
5.72760776045
4.73575977602
3.2026826163
1.48819808783
0.24601167454709127
-0.9597564387201345
-2.1948673553406195
-3.4798609522159296
-4.6996031916011844
-5.608102209729196
-5.928842163683967
-5.497686477050536
-4.370308660939543
-2.831840416480759
-1.2951214843365477
-0.131117004328
0.00717263346708
-0.304711475617
-0.763575896832
-1.01432301628
-0.829778578619
-0.223765167402
0.561369815044
1.18984428876
1.4244425213
1.27722867469
1.0361605987
1.14268196063
1.96916942756
3.59920003583
5.72040764037
7.69346161034
8.78114855215
8.44528323727
6.58265809104
3.59319150818
0.245355549995
-2.60653382132
-4.33284902345
-4.73548502053
-4.06812008298
-2.87260118111
-1.71625832213
-0.955061183249
-0.627560666902
-0.515600540764
-0.32459164223
0.120057113575
0.765695303718
1.36765925596
1.64181176892
1.44540157899
0.881519818258
0.263465430515
-0.0478758595207
0.151677362804
0.777500055763
1.47765010218
1.81020017791
1.49256696978
0.591524621913
-0.458328409043
-1.03939784806
-0.666453309658
0.716583943539
2.61443806986
4.11754944896
4.26340753001
2.47475014319
-1.12253332017
-5.65834183582
-9.79416908483
-12.214735809
-12.1336846331
-9.59905461994
-5.46770602264
-1.06058767463
2.3517526036
4.0139874774
3.91016976012
2.66854425042
1.21155151327
0.32366791979
0.33461282658
1.04905933602
1.93101482184
2.43141276648
2.28725614379
1.6456649787
0.960651934955
0.725997707395
1.18748012031
2.18435513972
3.20245921547
3.61459864285
2.99096007615
1.32794008336
-0.916603454162
-3.0007683739
-4.20721676525
-4.14130252751
-2.88464525428
-0.939923815439
0.999986749965
2.34699420191
2.84164586755
2.61039027127
2.04274226567
1.55903675155
1.3866364422
1.45238785975
1.43900536698
0.972907325403
-0.15128284606
-1.82076320757
-3.60481203089
-4.91127423715
-5.23358117723
-4.38076403573
-2.58847655166
-0.458501670184
1.2543371179
1.9256815162
1.30393182054
-0.384912300032
-2.51293315218
-4.28002639886
-5.01218797249
-4.41647144812
-2.69644230482
-0.48363406793
1.39100606989
2.20163288042
1.59462439956
-0.282174041028
-2.83742663571
-5.25984861917
-6.82150842863
-7.14305720472
-6.3169882046
-4.84105869008
-3.39089161
-2.52750056068
-2.46365590277
-2.989177012
-3.58768080083
-3.69379814188
-2.97650064479
-1.51978714025
0.185243232241
1.44013503163
1.64701457989
0.58932614638
-1.44222948483
-3.7406171244
-5.45724772579
-5.94535087884
-5.02454606382
-3.05231016101
-0.771927128497
0.996365060286
1.687474504
1.20619915054
-0.0612056747009
-1.43384538359
-2.23173045321
-2.04889390821
-0.891299484933
0.866498064039
2.66983099992
4.0219839287
4.66477296171
4.63222719542
4.17306426737
3.59734229332
3.12949962309
2.83473320705
2.64033143107
2.42374645429
2.11011841444
1.72587960644
1.38606084891
1.23157172998
1.35746379849
1.77202800299
2.40294498705
3.13648646459
3.85760262374
4.46314446614
4.84390168934
4.85818903521
4.33227702489
3.11107268833
1.15073317294
-0.7404178535684309
-2.8145656861779003
-4.504780029053805
-5.2396122051348755
-4.6548144600029815
-2.764329435859608
-0.008192168895902796
2.860599774230593
5.021183710019912
5.873086468243784
5.254536365284167
3.501745271087188
1.3232919048255667
-0.461045365885
-1.91486263524
-2.09133647843
-1.1903540371
0.258405230949
1.62059516748
2.39553149196
2.37520723686
1.67287726651
0.627818758175
-0.359047535856
-0.984527517463
-1.13687273023
-0.899263325437
-0.478469005455
-0.100671486852
0.0790329151885
0.021940823093
-0.201496346194
-0.45753305585
-0.60912950124
-0.566888957935
-0.316589960311
0.0805626628147
0.510930036197
0.846225119059
0.985507179425
0.889755620427
0.597834636496
0.216249885788
-0.117109474331
-0.284565003618
-0.236134306579
-0.0117755209167
0.274367058331
0.484100949727
0.518861215966
0.367073848063
0.110673860135
-0.115016016277
-0.190118210345
-0.0733635279399
0.174303776631
0.420725814844
0.5345514367
0.461080286009
0.259611127952
0.0778835650464
0.0723789717725
0.314738525973
0.736695966916
1.14998295781
1.33950729564
1.18638664976
0.754690317026
0.286613618414
0.0933328237105
0.383875073516
1.11421929935
1.94082193952
2.32147155483
1.73809400626
-0.0476773176617
-2.82265517441
-5.92460303044
-8.43868339406
-9.52153405674
-8.72507196737
-6.18461394381
-2.5882435422
1.06517174879
3.82303350676
5.10715140466
4.88354015625
3.61414095313
2.02372006897
0.78989119957
0.288565438354
0.493031098648
1.05091169544
1.48501605601
1.41683072258
0.713732406708
-0.21579689491014165
-1.3513754619139746
-2.381989348388913
-3.109972203692692
-3.4989466248007517
-3.635592738337735
-3.6423989557779635
-3.5977685999530564
-3.506923859528186
-3.3321022951614054
-3.054476923370302
-2.7229800014553973
-2.4552043274960766
-2.385823517220615
-2.59062146199949
-3.030583092689753
-3.551347411370358
-3.9437106789522858
-4.037135700792845
-3.7789751489368797
-3.25808725366
-2.85669518524
-2.56852725328
-2.49877492447
-2.62288531349
-2.81004186679
-2.89995925155
-2.79063878806
-2.48963122165
-2.10177992866
-1.7614918148
-1.54850586468
-1.43610992294
-1.30396313161
-1.01250015398
-0.500738990006
0.146882352915
0.706744216843
0.901841370952
0.532117690099
-0.411915009826
-1.71038679234
-2.97595257925
-3.79560412861
-3.89302938549
-3.24031081856
-2.06891400279
-0.774472122779
0.242933404506
0.733385830363
0.681034556199
0.285087577448
-0.1476447849
-0.346094928841
-0.189090453487
0.257299800657
0.789107665759
1.17097052691
1.24740157219
1.00931817635
0.59140928098
0.209431654755
0.0718568994556
0.306337165801
0.927658149213
1.84963778514
2.92262645159
3.97150832844
4.81833766592
5.29158067367
5.23813256598
4.55488351401
3.24188634588
1.45711112917
-0.462893710208
-2.04933251232
-2.82299233207
-2.4627981945
-0.959668614084
1.31555867885
3.67876669715
5.33252733039
5.64015008638
4.37401043773
1.83588741784
-1.21180715314
-3.79376255467
-5.06501668365
-4.6221019894
-2.6601319282
0.0901897159567
2.62647223444
4.04026292588
3.84374200275
2.13194721041
-0.478866260775
-3.10611762125
-4.94202124771
-5.54285348331
-4.95493666092
-3.63793058921
-2.23179409192
-1.27631626657
-1.0052577244
-1.29688601115
-1.78861920641
-2.08967513848
-1.98512484865
-1.53476289943
-1.02454444319
-0.800633699441
-1.07222014501
-1.78312996012
-2.61791404221
-3.14224583721
-3.01157021465
-2.14741380578
-0.794206536409
0.575132870473
1.46509136023
1.5812352449
0.967279162255
-0.0106060858898
-0.828459007449
-1.04491058881
-0.507367848392
0.572306482631
1.71061359751
2.37493748
2.23660615702
1.33913131118
0.102054937962
-0.846985629306
-0.942822784824
0.060054811311
1.9560466223
4.14245225266
5.84015281341
6.39182985805
5.51654675252
3.41879039346
0.711370654656
-1.81208776988
-3.46047078752
-3.87224960616
-3.10350711004
-1.55546885499
0.213989544441
1.7078476001
2.64665603671
3.0099757464
2.96348813383
2.72265193811
2.42651622352
2.08245288427
1.60215143225
0.90137699801
0.00354706221032
-0.914774280249
-1.56917128299
-1.68972645609
-1.16507588225
-0.13621353483
1.0144804317
1.78853061033
1.767472163
0.799227232168
-0.908871083416
-2.8396464548
-4.34878115985
-4.91286227482
-4.34276898242
-2.87176359281
-1.07646945095
0.342328255798
0.832459558125
0.205649655611
-1.29349293078
-3.09307756084
-4.52917892981
-5.11138775872
-4.70758740157
-3.57311710641
-2.21779931233
-1.17444677798
-0.77328542051
-1.02030610409
-1.62742592544
-2.17194765075
-2.30475170085
-1.90756181978
-1.12770909739
-0.280036619752
0.329702167782
0.568512284555
0.543677737408
0.540156816438
0.859862793089
1.64504679613
2.77745918019
3.90856974285
4.61133268712
4.58249580393
3.79682154636
2.5351570506
1.26791810192
0.44574345569
0.295661253948
0.720877495606
1.3544763142
1.74424687184
1.58238726488
0.870630607015
-0.0599952703626
-0.688146512838
-0.538742994607
0.590489441163
2.51679499178
4.72721524764
6.57764458864
7.54876039675
7.44728516606
6.46726358273
5.08938632924
3.86713170576
3.1947903469
3.15504103869
3.50412348695
3.79105773178
3.55232445106
2.49816971367
0.619068502723
-1.81875589254
-4.37236674727
-6.56595412027
-8.02236899105
-8.54217615946
-8.11890660402
-6.90457611799
-5.15108865255
-3.14977142735
-1.17991583411
0.532656007725
1.84826956623
2.73396766449
3.26317527437
3.58630386546
3.87355545463
4.24557779659
4.71859255618
5.19016201955
5.47741353793
5.39660276375
4.85224301196
3.89655010044
2.73060034816
1.64334008662
0.912055011264
0.705021262701
1.02565456057
1.71847875062
2.53014687939
3.19668618178
3.52111587133
3.41555100151
2.90213321956
2.08619405831
1.12314925522
0.194770812495
-0.504126431795
-0.780790897072
-0.476391239459
0.480931352133
2.01574453459
3.86706277879
5.60347360404
6.70750135169
6.71700829109
5.3828763504
2.7867410248
-0.631227843854
-4.15717196658
-6.98496709348
-8.44272978714
-8.19421338123
-6.34987839767
-3.44927157061
-0.315844452106
2.17529395799
3.34890047245
2.92516261689
1.09860129412
-1.5274136403
-4.13511540524
-5.95863951893
-6.53756510327
-5.8705511933
-4.40901419067
-2.88272669231
-2.01083676432
-2.20097177972
-3.35430551621
-4.86435558881
-5.82773293568
-5.39992080856
-3.16259731704
0.648256822945
5.15938687086
9.13461731378
11.4123547738
11.3382894584
9.0185624368
5.28590832675
1.38701768174
-1.4849021573
-2.62321808515
-2.03251044197
-0.360375214312
1.42276518854
2.44971892192
2.30345937032
1.14347790613
-0.425790670714
-1.66624424505
-2.04489820735
-1.44758344325
-0.184397728694
1.19352250786
2.16098684581
2.43624197055
2.05409564936
1.28105890261
0.43911752016
-0.2569195539
-0.764028451771
-1.15749064634
-1.50993517979
-1.79071028217
-1.85701977088
-1.54855293262
-0.829107975369
0.117893039262
0.914987662282
1.14690231602
0.578998616372
-0.67706603354
-2.1515469482
-3.18796214718
-3.23177628184
-2.10189723854
-0.106864159074
2.06432872102
3.63793525866
4.10304376739
3.44361397524
2.13760740056
0.917046102442
0.401362636681
0.782812890164
1.72197041233
2.51125476941
2.43294854867
1.1399307341
-1.12823782221
-3.60513168974
-5.31289370438
-5.48998342767
-3.93349408547
-1.09875217781
2.08602785408
4.5992367055
5.72230779183
5.27660292964
3.60885975474
1.35744399456
-0.867167075737
-2.72486402727
-4.20208534699
-5.47779730159
-6.69626619277
-7.78803874776
-8.44734923119
-8.28317384108
-7.06192916835
-4.90532794779
-2.32588625526
-0.0649108966186
1.19967995431
1.13901648606
-0.0846089673844
-1.88760510648
-3.5131993001
-4.34030143496
-4.11169922059
-2.98619005874
-1.40943043245
0.114722578459
1.23064891221
1.81834094877
1.9379642378
1.68791661521
1.076448318
1.1076168925478669
0.5253480305629097
-0.6824088643783313
-2.2745230336768714
-3.75278869577501
-4.50493015722
-5.23192653345
-4.59085915053
-2.86186971841
-0.668775747875
1.25443722361
2.33960414729
2.3800553723
1.5640957382
0.343897188934
-0.785494191139
-1.48632720443
-1.66819682429
-1.44355814199
-0.996472277584
-0.453215941923
0.167587694348
0.902251818296
1.72988633567
2.48382768788
2.85983139256
2.53918067423
1.37444416456
-0.460802726127
-2.45177019882
-3.88780084055
-4.12713341758
-2.86978543963
-0.313589085422
2.88461493328
5.83433554974
7.73075753973
8.13375050211
7.09279622944
5.07594778715
2.74871807062
0.710523738974
-0.695660590733
-1.43076175405
-1.66858000183
-1.63487912091
-1.46905644679
-1.17613731073
-0.680317490958
0.0653974978746
0.98632983766
1.86889232131
2.43257366019
2.4541796721
1.87861460682
0.857634708003
-0.304481237531
-1.27255709164
-1.8120244371
-1.87147484148
-1.58454608224
-1.19893969719
-0.971369214981
-1.07553437755
-1.55515652308
-2.32741390799
-3.219941076
-4.01780885685
-4.50549605975
-4.50305862395
-3.90331416044
-2.71168544722
-1.0764648773
0.713533848439
2.28313076901
3.27459225381
3.46940049104
2.87583153134
1.7342721346
0.424239704176
-0.4056643543736982
-0.8646836081743459
-1.0264980111839606
-1.169880237658191
-1.618168205444988
-2.5410146848112163
-3.8186992113467824
-5.046765498711892
-5.694082690666676
-5.350404502218794
-3.948614858747078
-1.8498697979460559
0.2612441095795788
1.6359181536992082
1.7635760889717744
0.581840430272706
-1.5016483671807777
-3.7845389215619463
-5.559619858393205
-6.385028853194527
-6.214372992192111
-5.33824059472
-4.3985457773
-3.5079267204
-2.75838274054
-2.02387184197
-1.11628369213
0.0191740773337
1.18962301848
1.99836486431
2.03678398492
1.12851535709
-0.507800621056
-2.278713772
-3.43217075824
-3.38154402353
-1.98704393367
0.345539307487
2.80792968001
4.51979098421
4.90065871364
3.91390964755
2.0701937427
0.188832299826
-0.971967877796
-1.0453273451
-0.196435521469
0.985133146723
1.78361851867
1.7009788742
0.685206499496
-0.858436769699
-2.26937782132
-2.94355483292
-2.60517788468
-1.41466805265
0.127724926057
1.42509726679
2.05101248761
1.91463172958
1.25514309811
0.483394797205
-0.0389394858497
-0.168536344633
-0.0176005091787
0.149592861199
0.0971629377816
-0.22541976188
-0.63490925581
-0.801049718869
-0.42426824885
0.5878173195
2.0385335387
3.50293723601
4.50935606873
4.75918941643
4.28017668928
3.43517060254
2.7724921152
2.77640975226
3.62474328539
5.06327930051
6.46169611635
7.04137772456
6.19241709853
3.75533432006
0.150087552069
-3.71089405136
-6.70776733778
-7.90103756245
-6.88251522768
-3.95688883917
-0.0783229466513
3.44614574705
5.38849238521
5.01621025203
2.34429175545
-1.86955220027
-6.38619661275
-9.90880605788
-11.5153120986
-10.9443243023
-8.63639766821
-5.52658085041
-2.67768372145
-0.899583034021
-0.496580218675
-1.22557257618
-2.45918978786
-3.46830324056
-3.70035795823
-2.94696897044
-1.35429716433
0.697622249047
2.76930013014
4.50447745027
5.68934915784
6.23059700286
6.09832886907
5.29077986001
3.85180065953
1.92702428849
-0.191597581089
-2.087167115
-3.32621142819
-3.62178903267
-2.97587734674
-1.71973818665
-0.410824287222
0.386257707497
0.343616947314
-0.475736704187
-1.63473803098
-2.51396615801
-2.59656764133
-1.71446521119
-0.136440029204
1.54891122192
2.70368932333
2.93663545817
2.28149105414
1.17058220926
0.216813856272
-0.087416891279
0.396064528271
1.40159391424
2.41733610775
2.96690368481
2.86663532085
2.32122699219
1.80335396281
1.77654961605
2.40664219884
3.41979333346
4.19540580041
4.06292380278
2.66245813523
0.186710686712
-2.62970234057
-4.78863937769
-5.45766043628
-4.35333913708
-1.89528587112
0.949847329086
3.07115354633
3.68343993043
2.65216459979
0.528258682433
-1.7175171659
-3.13317865128
-3.19392666863
-1.99825983741
-0.174976740972
1.43875242842
2.18552875386
1.8586701941
0.739884878114
-0.593638745149
-1.57982303579
-1.93851313681
-1.76658686121
-1.42815555143
-1.31237525067
-1.59484932078
-2.13005052705
-2.52920455908
-2.38016073506
-1.49320967851
-0.0450294275229
1.45450387117
2.35965676452
2.15839256011
0.690644868441
-0.12908133553617063
-1.3615816440741924
-2.30676518178
-4.07367175463
-4.68745449201
-4.18092426249
-2.83791283183
-1.06622267861
0.721432040932
2.18075800655
3.06358096233
3.22602191738
2.64314371027
1.43337115636
-0.13092129849
-1.66015422742
-2.7474627128
-3.1098770092
-2.7130139889
-1.81174561477
-0.867245526067
-0.357286855611
-0.554638517504
-1.37637466042
-2.38587551952
-2.96427529161
-2.58760469494
-1.08888067967
1.21887858789
3.62675711712
5.29729829963
5.60547277041
4.40494200438
2.09969841577
-0.51464164524
-2.57342572436
-3.48961938117
-3.1740902187
-2.03619011008
-0.769939126909
-0.0262021939179
-0.119809702861
-0.901425438747
-1.8470125377
-2.31880632164
-1.87564897318
-0.490847590668
1.42021815363
3.17385000786
4.11440037959
3.90112572892
2.65904134656
0.928208348969
-0.565515589047
-1.21773776724
-0.797065482083
0.468063738144
2.00454664713
3.16116268896
3.50918373007
3.04282755721
2.18633182153
1.59728680696
1.84654998483
3.11494342336
5.04855271576
6.853514494
7.60982414338
6.68303859874
4.05696654676
0.428092642044
-3.00728646182
-5.0122361084
-4.8375418584
-2.59276808754
0.720339537541
3.56172179109
4.478078316
2.7526270172
-1.20102179178
-5.89529356988
-9.29112343251
-9.60226870862
-6.06237724736
0.670258355474
8.66144288565
15.3710250736
18.59142353
17.2808555012
11.9515766857
4.45293729992
-2.76060170685
-7.57258298711
-8.97074937829
-7.33050273343
-4.12167875353
-1.19208189965
0.0450401686513
-0.832837586747
-3.17994163202
-5.68296952183
-7.02830792967
-6.51789244495
-4.35903180069
-1.51892231407
0.759775032285
1.53702215872
0.575618422734
-1.6065474553
-4.0285081833
-5.71920915134
-6.13752128231
-5.35102218126
-3.91689439222
-2.5555161308
-1.79701867875
-1.77370301778
-2.23858455328
-2.76661821797
-3.00660615693
-2.84180665396
-2.3849193124
-1.83590270432
-1.30958700163
-0.750925049678
0.00495431801154
1.06608826659
2.3220159962
3.40564974795
3.83068008067
3.25177422523
1.71089979432
-0.279524807077
-1.89395621728
-2.34530032251
-1.27323653355
1.02577677518
3.65991718668
5.49186249549
5.62979520219
3.83328209956
0.637689103256
-0.6777490510036586
-1.1445450238522739
-0.03180058435927435
2.66251679078
3.63837112782
4.51859619082
4.48519336075
3.28655487887
1.32731460479
-0.57391405967
-1.62726689749
-1.48444478635
-0.410312775268
0.87116442554
1.57137156658
1.26103680646
0.096466654906
-1.27710812784
-2.10062504792
-1.95983036151
-1.07951690955
-0.279782104488
-0.5884222461
-2.68243984443
-6.43185665957
-10.7877493611
-14.1044833825
-14.7835458952
-11.9689384478
-5.98725063881
1.67166846493
8.84133235007
13.4400038205
14.1995208551
11.0740283479
5.18234729976
3.8344433822501713
3.35120470422
-0.0678523792241
-1.07359190563
-0.195613221315
1.53925648362
3.07502489905
3.71388236106
3.29313314732
2.12853248011
0.795438468586
-0.135663489387
-0.304970062699
0.3437877224
1.58215655086
2.99094947018
4.08606200522
4.44450774453
3.81244736958
2.18074264571
-0.190758043195
-2.8198029655
-5.12462438014
-6.59863924412
-6.98012401902
-6.34615255272
-5.07998854031
-3.71272455933
-2.7012842632
-2.24367707929
-2.22347870569
-2.3167155271
-2.21104554402
-1.82173835477
-1.37934020457
-1.32193393183
-2.02690856292
-3.51288987694
-5.27940930721
-6.40310748609
-5.89043739889
-3.15208433243
1.6183772378
7.3618405063
12.448616074
15.2617952751
14.8362190181
11.2753781957
5.75060609715
0.0642310851162
-4.04800220239
-5.5799815774
-4.60028232703
-2.13655379503
0.337371640115
1.57220192057
1.06797749831
-0.774385417167
-2.92257493881
-4.25471777899
-4.10465550537
-2.55287065592
-0.338812719346
1.54147247235
2.33852104737
1.89975456827
0.699935609805
-0.448433256109
-0.843294544014
-0.262623725369
0.935134588211
2.02711638624
2.34025906691
1.64205725124
0.297736115988
-0.895973188543
-1.12250607454
0.00512728918599
2.19023389546
4.53365354526
5.92467203639
5.56015735143
3.34235076559
-0.0400472700834
-3.39239307231
-5.52800888283
-5.7761217988
-4.249023626
-1.75060478936
0.620352689143
1.9769357081
2.02113026531
1.12283237786
0.0818933434943
-0.293763570174
0.419573230145
2.08481693368
4.11218797934
5.77640597549
6.56883199614
6.40549497705
5.59875323454
4.63003218487
3.86414034313
3.3685092389
2.93339726815
2.27004743787
1.25904643485
0.0891479528288
-0.812992986902
-1.04013929229
-0.50947199624
0.370808794678
0.803951075377
-0.0287785446312
-2.49172969384
-6.14736748292
-9.74499911071
-11.6113175954
-10.317806821
-5.35123607204
2.51768960531
11.3626533522
18.7144707126
22.431663988
21.4800249444
16.3004916322
8.61401983672
0.748745563736
-5.22645416738
-8.20480997369
-8.30682573705
-6.63251426206
-4.64827654771
-3.50275075346
-3.57439210282
-4.4266702557
-5.14925175245
-4.88949159198
-3.3066727625
-0.738900394656
1.97537790067
3.91007368945
4.48240809715
3.69209199627
2.06616974657
0.357973216901
-0.833093889009
-1.32532316427
-1.37688906526
-1.47149299901
-1.99443429033
-2.97840345933
-4.05659411133
-4.64871566614
-4.28186335895
-2.87636631883
-0.842809842048
1.06843164726
2.09827367845
1.83128945461
0.397005541086
-1.57967533584
-3.25708782844
-3.95238345304
-3.43722243055
-2.01828621536
-0.373175487047
0.770854818783
0.957388899071
0.17156241654
-1.20695309399
-2.62637395245
-3.6350459101
-4.06248685742
-4.0258119343
-3.77639242473
-3.48794076506
-3.11619809056
-2.41725237672
-1.11965501132
0.845667394681
3.19452407068
5.32098773878
6.52196391917
6.32011174045
4.72777582904
2.30988093568
-0.00651000077919
-1.3058608055
-1.07604726712
0.565072460556
2.92149175942
5.03398544768
6.11708997022
5.91518770169
4.80847013481
3.61510295515
3.17965248835
3.94146381712
5.68992900272
7.62861299107
8.72592308189
8.19400857974
5.87422599257
2.34736704855
-1.28795769343
-3.8729050298
-4.67726044601
-3.70025890979
-1.65015246243
0.384170428653
1.41728891136
0.987338150329
-0.673758845324
-2.78771429632
-4.4163905754
-4.90204959732
-4.15705715142
-2.67446049666
-1.26407371261
-0.646544180444
-1.10125303788
-2.33476308706
-3.63013070064
-4.20438921291
-3.60388325101
-1.94952068562
0.0864228339688
1.56640629231
1.70997062327
0.262347762098
-2.35806905924
-5.20321529641
-7.17128841811
-7.45467629485
-5.86840931372
-2.92009120309
0.405977915852
3.05599473865
4.33132787258
4.15284306436
3.05826142731
1.94030660931
1.64162608565
2.57941734441
4.55617547017
6.83218517631
8.42579069026
8.51511261621
6.77688676334
3.52788233523
-0.382830409717
-3.88223306211
-6.05706553724
-6.46390510732
-5.25265136446
-3.06862008129
-0.785350717667
0.819030596292
1.31669917257
0.728481283286
-0.553647226574
-1.96947504072
-3.02541839816
-3.46642858593
-3.32677326438
-2.85759051919
-2.37937916427
-2.13174262896
-2.18351506058
-2.43166853394
-2.67519639512
-2.71988758718
-2.46346606183
-1.92770960574
-1.2337667626
-0.543292354941
0.00101909050308
0.309539850589
0.347984646604
0.120534961813
-0.345507610154
-0.999590813062
-1.75450604352
-2.47655509489
-2.9991733124
-3.1680725327
-2.90517861325
-2.26102689224
-1.42257793903
-0.660011187416
-0.225635762288
-0.245989079923
-0.658747170047
-1.2309824621
-1.65911904082
-1.70998091327
-1.33731520573
-0.713763527802
-0.154831742216
0.0365052361714
-0.266793063534
-0.926679688013
-1.57801347135
-1.78796749973
-1.26978841804
-0.0499531333645
1.49956336208
2.7951400268
3.29523114765
2.76547682674
1.43073480727
-0.0690314570954
-0.918520772062
-0.47231704578
1.43950059602
4.38326275031
7.43969809153
9.53319842003
9.84476670398
8.14029210923
4.87652665695
1.03761522088
-2.23304376939
-4.05565264316
-4.12005690089
-2.75468722234
-0.739663926965
1.04702410992
1.99402050876
1.97681724332
1.34668367506
0.705105171196
0.574330916445
1.11784146978
2.03932281084
2.70725263019
2.45077534907
0.89545680091
-1.81213041843
-4.99622394439
-7.67400677013
-8.92405963806
-8.25374275284
-5.81544735736
-2.3804646533
0.924873739531
3.0221209857
3.26945066768
1.68883503826
-1.0526371369
-3.89702900554
-5.78634715896
-6.04183081989
-4.59225271766
-1.97279722648
0.895339625811
3.05307672592
3.84426053755
3.12365323706
1.26330774694
-1.03132986498
-3.01262081799
-4.17046549523
-4.39404088989
-3.96214856962
-3.37978335485
-3.13830412448
-3.50182991856
-4.4049059997
-5.4955768565
-6.29641156054
-6.40963072663
-5.67948713945
-4.24872338278
-2.49397732112
-0.875624708996
0.23071952807
0.652863556101
0.450282047297
-0.146904184707
-0.850545482635
-1.42506005025
-1.75173965256
-1.83000972666
-1.72987895205
-1.52952177748
-1.27250530448
-0.962754326605
-0.592147847346
-0.178159009851
0.214447110139
0.482795087885
0.522558050108
0.273423345566
-0.249605516137
-0.953932275575
-1.69578379397
-2.32144578738
-2.70470501393
-2.76761834012
-2.48350762594
-1.87121922791
-0.991904051791
0.0472423300529
1.08890745126
1.93531842218
2.3832621337
2.28329589684
1.60489108743
0.477731598482
-0.818325031093
-1.92430503265
-2.51711481777
-2.42796725381
-1.71576483494
-0.660219444832
0.330079460812
0.864338519194
0.716334208178
-0.0857469257647
-1.26227153917
-2.37785524269
-2.994144915
-2.8234379284
-1.82888753372
-0.239350219593
1.52094311109
2.95915186397
3.65350108345
3.36443334329
2.09063042629
0.0627024275212
-2.31633699155
-4.56529854769
-6.23223512484
-6.99400524852
-6.72854013379
-5.54321216819
-3.74891239347
-1.78083890258
-0.0824737885645
1.01615823802
1.38814181298
1.13602543985
0.543700394834
-0.0304286410574
-0.280321530919
-0.0522101289325
0.618631377655
1.5443200176
2.47397736924
3.19583368124
3.6090212188
3.73903794821
3.69794138745
3.61450787877
3.56971137533
3.56533777327
3.5338042951
3.37652888955
3.00727567287
2.38033748807
1.49733484189
0.401124425316
-0.828776412674
-2.07139099836
-3.15660404518
-3.87286761324
-4.00790359723
-3.42405035294
-2.14549952637
-0.415637719456
1.31751657438
2.50616904263
2.67642811288
1.61118052665
-0.533909881749
-3.24036241982
-5.77504982185
-7.43089171586
-7.77126978869
-6.78204550658
-4.8690746963
-2.70107833627
-0.960920432157
-0.104876055404
-0.22331107567
-1.05067660961
-2.10888997114
-2.91474106733
-3.16180894478
-2.8071638372
-2.04098867003
-1.16935386203
-0.47290755198
-0.104650159676
-0.062011315671
-0.228931603078
-0.452937758795
-0.613781045972
-0.654657870507
-0.573153121468
-0.391078217475
-0.128964124632
0.199066079316
0.57238117061
0.948856964722
1.2644881092
1.45240348039
1.47038543694
1.31768851569
1.02750583206
0.638069652016
0.162401649048
-0.418002878004
-1.12248334808
-1.91491880327
-2.65578600728
-3.10178407906
-2.97312324096
-2.0719162647
-0.399622967402
1.79153904963
4.0570652244
5.92260806609
7.08875666062
7.58389814279
7.78202654117
8.25731940266
9.52336897119
11.766133069
14.6940411378
17.5850748569
19.525848092
19.7499807642
17.9342519595
14.325992519
9.64876561697
4.83185322314
0.685929729689
-2.3340368854
-4.18561785072
-5.11289715582
-5.42277583447
-5.29038517031
-4.69575382794
-3.51674964259
-1.71435870316
0.507515237459
2.67531873905
4.18956427024
4.58191641329
3.75930814651
2.10253299822
0.349991544411
-0.699275674115
-0.536348468153
0.814804568541
2.78160385642
4.47130505264
5.04760585626
4.08934989502
1.7721768635
-1.20530296766
-3.91327315223
-5.56668264928
-5.81977792155
-4.85861800178
-3.26862895129
-1.75594528491
-0.858927541872
-0.775594267068
-1.36414630756
-2.2853811875
-3.19287915515
-3.86863134636
-4.24745022699
-4.34422089904
-4.1534982865
-3.60123691529
-2.58976181062
-1.11307091769
0.632195764214
2.22348452304
3.11874973149
2.86400449064
1.31152232942
-1.26039362573
-4.19767102056
-6.68520939448
-8.04145283188
-7.96690177464
-6.63875512716
-4.6132704115
-2.58456218359
-1.11121479279
-0.430620314205
-0.43291170256
-0.787161217179
-1.14205626168
-1.29555393311
-1.25429923073
-1.16751676945
-1.18702777333
-1.34045109092
-1.49174116419
-1.41098232113
-0.912992475494
0.0146401810592
1.1686504333
2.20154145693
2.77523905426
2.71997142324
2.11657716852
1.25809288719
0.507093339371
0.117862934619
0.110616306398
0.260015753772
0.205152537873
-0.369593225511
-1.56607364397
-3.19268897183
-4.8087002311
-5.87314986541
-5.93658864162
-4.8011142169
-2.59329645113
0.267163291861
3.1819002852
5.52764149089
6.80345580018
6.73886920746
5.34752117076
2.92361364537
-0.015759704017
-2.83582788539
-4.92329612197
-5.83365650919
-5.4088036631
-3.8246849902
-1.54339107646
0.825031590682
2.70977999494
3.75009439789
3.88599431092
3.33566750105
2.47354460559
1.66577332154
1.1368739093
0.923491831543
0.926361091972
1.02196180976
1.16622744721
1.42943184711
1.94105320018
2.77547516428
3.84609862091
4.87626743035
5.47819954231
5.31390857805
4.26437817274
2.52083444314
0.543369132094
-0.5488598366894024
-0.8752539323499207
-0.304131656528142
0.932421267702054
2.334853104952458
3.3442962340949833
3.570814826883847
2.94309513606251
1.719398015106691
0.36383223507441187
-0.6492338816964605
-1.013657107018446
-0.680311964259
-0.493408013781
-0.0923287151984
0.237853115133
0.326896981907
0.148180528579
-0.214899559079
-0.63006299976
-0.966842665694
-1.11780622226
-0.997450730004
-0.541750379604
0.272873699474
1.39286248585
2.65693898136
3.80305943606
4.52982125973
4.59901508647
3.93719305088
2.68495203292
1.16141704396
-0.24917784806
-1.24180386576
-1.70003232566
-1.71894530318
-1.5316291233
-1.37744892529
-1.37963659143
-1.49421715456
-1.55421907185
-1.38232826348
-0.908733416795
-0.228567141771
0.433478859321
0.832966483806
0.830747850382
0.465608317195
-0.0644188933636
-0.500988407124
-0.649917765917
-0.463578844564
-0.0386836518732
0.464051739972
0.926853747106
1.34195152858
1.79660242444
2.3843153403
3.09794306027
3.77632223313
4.14926986995
3.96909776205
3.16179400489
1.91028232391
0.610812325333
-0.290711324528
-0.507274415577
-0.0565988105675
0.738521473491
1.40568720053
1.56094525187
1.10709090866
0.284502512352
-0.458883662433
-0.715025445908
-0.349767261517
0.406805460913
1.07140533121
1.16931472083
0.509474501574
-0.680453559236
-1.84436054586
-2.3789029105
-1.96262245372
-0.753039938774
0.668189985124
1.59134144402
1.57067990329
0.702359654091
-0.376833458598
-0.796026228376
0.0760055515601
2.23085276499
4.91690637848
6.91646443213
7.09429379262
4.95839003188
0.948810490586
-3.70847051895
-7.53332889216
-9.46120872975
-9.32250331359
-7.88781208964
-6.44853861067
-6.13916469979
-7.34591280952
-9.51041434396
-11.4384490313
-11.9604657876
-10.5983748768
-7.87658977447
-5.09125669333
-3.63592597604
-4.22884504176
-6.46275447638
-8.95172154104
-10.0447234982
-8.7636738864
-5.46943098936
-1.85661317231
-0.195714524407
-2.13145496711
-7.61372880437
-14.5349003645
-19.3539039993
-18.5275571271
-10.1577797953
4.89522113755
22.9961540492
38.9120942287
47.7460150746
46.8285182724
36.7598318035
21.1480955988
5.15291156342
-6.53910797065
-11.4427985625
-9.99242541247
-4.99870304235
-0.156710896049
1.68051618028
-0.316897210309
-4.80840395111
-9.15867906705
-10.8564684019
-8.77481724244
-3.68728823844
2.16109437459
6.17142470107
6.62822602185
3.46189982059
-0.5944102251823722
-4.416805979854573
-5.994689466051042
-4.539973087614371
-0.7611092319030917
3.5779690932318573
6.5558527300809
6.992896933352014
4.9302659905104775
1.5008603898711073
-1.6904090111185042
-3.33596325812
-4.08682356688
-3.26325730518
-1.857619632
-0.839628752706
-0.688235788134
-1.25144641565
-1.96330174481
-2.25598207256
-1.91696019406
-1.19496048337
-0.615092039923
-0.631286177799
-1.33056777995
-2.36501691338
-3.1500861169
-3.21197643492
-2.47985695851
-1.34859661884
-0.466835649046
-0.36149706474
-1.10647128966
-2.22621420682
-2.9022983287
-2.38789791891
-0.419269280028
2.59276497259
5.69997825013
7.82444612572
8.24026312536
6.8943687579
4.4125677568
1.79448244195
-0.0461526693068
-0.669333603103
-0.244055065192
0.615156064694
1.20538443925
1.09146663729
0.281866414518
-0.847549795611
-1.81511630946
-2.31899055134
-2.38359126194
-2.29191379897
-2.35565535302
-2.66917090679
-3.00245378007
-2.90791962548
-1.99074883213
-0.192775737772
2.07804432255
4.06446057393
4.98391276688
4.40455613001
2.4805699488
-0.0826301427109
-2.32897016253
-3.4782363053
-3.27179769601
-2.06816309206
-0.642487802494
0.208870462995
0.0618907005405
-0.936621176332
-2.15842624813
-2.81908031508
-2.3713619466
-0.770572650276
1.51425583127
3.73823486666
5.23908104884
5.73378384366
5.41124652901
4.78840305159
4.41760737334
4.60210972938
5.26161419402
6.00360795748
6.34718892116
5.97252551052
4.86707575911
3.30548988762
1.69386997422
0.378032992862
-0.476662459397
-0.880014005167
-0.913213988124
-0.613114514515
0.0660892476138
1.17940561754
2.65123808505
4.17019700605
5.2143985959
5.23512441699
3.93080161621
1.47353685771
-1.44951479277
-3.83998035993
-4.77659897961
-3.82442384722
-1.27207324328
1.93029106019
4.5262083342
5.45699101817
4.29501809626
1.4134485429
-2.18228673509
-5.28207477977
-6.9627827815
-6.92598969234
-5.54299678296
-3.60931677022
-1.94415739709
-1.03244488864
-0.871124807932
-1.07028587891
-1.13162881268
-0.746018324864
0.0443732362052
0.892501742605
1.36151544782
1.18303100251
0.417602023369
-0.565204611227
-1.27139444325
-1.33085866162
-0.679847517239
0.412201136202
1.47750509818
2.07065904961
1.96188013891
1.21266376866
0.111219712375
-0.982147799663
-1.790547251
-2.20054345151
-2.24329630561
-2.0129865377
-1.5899612647
-1.0222099641
-0.370777396099
0.225994950452
0.534786627017
0.296559233695
-0.634185769236
-2.15265315752
-3.85992210763
-5.1664679455
-5.52201036508
-4.67489693797
-2.83156226344
-0.620419560783
1.14642941345
1.81840101571
1.20121736663
-0.342950153589
-2.04765299289
-3.08427309176
-2.9372900434
-1.63570873161
0.269911222626
1.97334843391
2.79231406896
2.47785088393
1.30577725235
-0.0884390320763
-1.04257481524
-1.19789305836
-0.661337150538
0.077274948649
0.423801668221
0.00552627909428
-1.12626454025
-2.52104175024
-3.56584833224
-3.8082011683
-3.19447682154
-2.09754698411
-1.11768011496
-0.7596482986
-1.15485791155
-1.97580946224
-2.59202789165
-2.39209739661
-1.10957010667
1.01392591714
3.31446852253
5.00183386498
5.52140215849
4.80465715873
3.2869287868
1.68723245229
0.662532891953
0.508500737348
1.05167183277
1.77892092185
2.13036804651
1.80191335792
0.902991429581
-0.107498711184
-0.669504035384
-0.423608373129
0.589523762854
1.93358387615
2.98189429954
3.21942961715
2.49074592965
1.0727102867
-0.459749267179
-1.5040984717
-1.70194147754
-1.08212549067
-0.0143375366499
0.991621497728
1.53194524148
1.47603275293
0.978700088412
0.34559760671
-0.16428479611
-0.486748823296
-0.770731553321
-1.25998157808
-2.10683312742
-3.22489799168
-4.26853902495
-4.76134150405
-4.31757475922
-2.84988917035
-0.658844970065
1.64601590265
3.36491672821
3.97256408242
3.31435261638
1.65198053616
0.741579378979
-1.15571788999
-2.39417786643
-2.80740707067
-2.54341537337
-1.95028799904
-1.40128184082
-1.13913842276
-1.20035545678
-1.43822258955
-1.62004119844
-1.54779741611
-1.15053872443
-0.51631551168
0.140554373525
0.557775231323
0.518331626014
-0.0712250914012
-1.13915973755
-2.45448486724
-3.68048405043
-4.46507526128
-4.54639888932
-3.84325746567
-2.49812339885
-0.850059746707
0.663311671942
1.647782146
1.88911817659
1.43014793006
0.553009903605
-0.331707071117
-0.846871171968
-0.794977454964
-0.225932547628
0.60296198957
1.35601894854
1.77752464329
1.806241021
1.59377093897
1.42033823657
1.55018819413
2.09658139523
2.95986319455
3.86515206735
4.47783650369
4.53969383016
3.96313964891
2.84691660446
1.41822680443
-0.0590258511181
-1.36061246858
-2.33244555302
-2.87867801318
-2.93872780036
-2.48838322179
-1.57727995967
-0.379670619921
0.788917638786
1.53079739413
1.50465768821
0.59496088842
-0.972701592014
-2.64984461257
-3.74366764519
-3.70308430596
-2.3919972845
-0.21329283421
2.00130031087
3.31732933232
3.11290937087
1.39648349774
-1.13484058494
-3.35147495566
-4.17232838489
-3.06503037122
-0.33195719054
2.97028658065
5.47017786015
6.10274694482
4.63823699415
1.86612152128
-0.676001281358
-1.33840766924
0.90077914993
5.91377279616
12.3610566744
18.13969865
21.1734902306
20.2255191795
15.3986524595
8.11745244801
0.600452452434
-4.95931449058
-7.17460048883
-5.90253528446
-2.19151386859
2.20755046654
5.5400784002
6.66757497545
5.37994193484
2.32078747229
-1.38894084834
-4.63478932565
-6.69314210984
-7.38559953895
-6.99259448127
-6.0186106624
-4.94397321211
-4.07083576384
-3.49918235104
-3.19588017501
-3.08342704963
-3.08777486484
-3.13071531144
-3.09913970997
-2.84133153311
-2.21940969533
-1.20181123515
0.0597954678702
1.23135455234
1.9027543789
1.76838515326
0.799813924024
-0.683301749602
-2.09915324995
-2.827993388
-2.48348725199
-1.10681020541
0.814641522842
2.52555651292
3.30820738628
2.7832407498
1.07233827629
-1.24953948161
-3.38940951434
-4.65220088703
-4.69773957512
-3.63205027873
-1.90727589911
-0.0931357524466
1.36393135506
2.28392429995
2.74770189389
2.97072557232
3.14193197707
3.32139883003
3.44718813647
3.43332752774
3.28610239666
3.15521178602
3.27570498065
3.82390113939
4.76764203473
5.80485633857
6.44430018084
6.20774391444
4.86306072561
2.57131260895
-0.134859700067
-2.54404452294
-4.04626724086
-4.36941204581
-3.65870975357
-2.36285664844
-0.987903729837
0.15173113591
1.05366762556
1.95535746682
3.10919027469
4.5316003845
5.87535658656
6.51691447007
5.83930458282
3.58106298074
0.0712296994196
-3.78993746773
-6.82920745131
-8.0643904569
-7.12921482177
-4.4574703932
-1.12703669952
1.57965747762
2.70642668764
2.00450738805
-0.0112645137173
-2.35527376603
-4.07069255434
-4.6928821469
-4.44930243897
-4.09564814627
-4.4670436889
-5.96790323262
-8.26257155349
-10.3390956232
-10.9403090854
-9.17377841118
-5.01350967837
0.557935967159
5.86080575485
9.16874152113
9.42219865786
6.6891638225
2.16220582506
-2.31668892417
-5.00332317861
-4.9502090012
-2.35959561948
1.55250448402
5.10901276087
6.89010078244
6.30282487157
3.76522512947
0.44702928377
-2.29395541982
-3.51447568089
-3.06005475467
-1.56038142023
-0.0731936728938
0.440539563884
-0.437147012943
-2.41042305563
-4.63521615115
-6.12690749937
-6.21278974648
-4.82387816325
-2.50525958616
-0.157220389557
1.36206882078
1.58951584737
0.615741027997
-1.0040145073
-2.5276790149
-3.35659816324
-3.27108217801
-2.47845920176
-1.4707563075
-0.772014717832
-0.695710160873
-1.2173782082
-2.0084368536
-2.60396086225
-2.62224784733
-1.93862559292
-0.742495082333
0.539976436552
1.41901610033
1.53557221494
0.798154392205
-0.589445766945
-2.21584632675
-3.62604623569
-4.49395034884
-4.73398009407
-4.507609508
-4.12357623283
-3.87496864241
-3.88493271457
-4.03273729476
-4.00092776835
-3.43238750736
-2.13365408445
-0.231204971219
1.80284847703
3.28919717694
3.60474259011
2.46732308049
0.113319347986
-2.72822083078
-5.07990880471
-6.09515037557
-5.41703979551
-3.35464612882
-0.781721316235
1.21886366648
1.82308631424
0.841236833105
-1.17684252829
-3.17211946955
-4.05617058324
-3.23185306457
-0.912876836176
1.92195265984
3.94397963925
4.09081048607
2.10926878178
-1.23351223219
-4.39356876248
-5.67046854049
-3.95102448747
0.746794091728
7.18012683201
13.3005065838
17.0274504383
17.0602315519
13.3895658644
7.29543306902
0.834262478282
-3.96703396113
-5.87460642101
-4.8608307895
-2.01664120624
0.972624308662
2.5466691472
1.87928156046
-0.85968007986
-4.66233830868
-8.15361522941
-10.1503105697
-10.074670424
-8.08000729516
-4.88592692946
-1.44097874877
1.42025836962
3.19227532239
3.7398249642
3.20880044819
1.89725541191
0.164375552688
-1.59935158675
-2.97499401164
-3.54876802742
-3.00977038696
-1.28961865292
1.32868271079
4.21559511475
6.55400574086
7.61559328724
7.04676176886
5.03226947294
2.24664577443
-0.403762773182
-2.14512862179
-2.64665854572
-2.13426237638
-1.25143988216
-0.728816957788
-1.0153130376
-2.0446169132
-3.24905916714
-3.81747267075
-3.07896495044
-0.83526292804
2.51164350489
6.09454151717
8.9160828674
10.2324397942
9.81764781768
8.00193403529
5.48431553205
3.02036818425
1.13356889273
-0.0260830445881
-0.632913702102
-0.996637583766
-1.34580672643
-1.6973259042
-1.87102152166
-1.62845104192
-0.851702680489
0.33847355527
1.58997722063
2.44991324533
2.55359070156
1.78000234684
0.301514651711
3.50279768213
1.78185329789
0.546810268907
-0.0606889581911
-0.107620798163
0.210583409786
0.681778342147
1.16295755605
1.60574469883
2.02366600889
2.4329395196
2.80664204512
3.0675366802
3.1187354949
2.88982311002
2.37057386173
1.61582890272
0.724301889032
-0.191721241307
-1.02792839236
-1.69428702424
-2.11409109017
-2.23030562438
-2.02708394779
-1.55850384317
-0.962895835435
-0.440919742402
-0.192302010322
-0.33217167931
-0.8277644645
-1.49553052941
-2.07339189099
-2.3435182669
-2.24826542988
-1.93598556316
-1.70192027834
-1.84139076882
-2.48234854344
-3.48431204982
-4.46619210654
-4.96455905577
-4.65523532946
-3.53057096103
-1.93673629539
-0.438566693438
0.434607153881
0.443082247739
-0.237651869054
-1.09229494969
-1.51681346583
-1.12821644389
0.0220665824949
1.44740153636
2.45280223845
2.48875491
1.4592891127
-0.177328997342
-1.58308553064
-1.92360227724
-0.784966483929
1.57949481246
4.3045748534
6.26234560499
6.55366122353
4.91524870357
1.84790461025
-1.6007504729
-4.30146692187
-5.53812950291
-5.29635452316
-4.20747623086
-3.17640367757
-2.87799590207
-3.37497134399
-4.05526501665
-3.93235949522
-2.17192003701
1.41016197146
6.13005333135
10.6242618091
13.3787428253
13.3685388985
10.5178423303
5.76601706437
0.702077665119
-3.07407279539
-4.58226281421
-3.80987035723
-1.63438292073
0.627218758595
1.82467309973
1.45815024138
-0.169241825443
-2.1762884517
-3.57558451784
-3.7552776475
-2.74311955962
-1.14198861454
0.210616861334
0.676717976317
0.127520798959
-1.01807692948
-2.03348839165
-2.27342812114
-1.51420445339
-0.0783750561298
1.31250844717
1.87967263911
1.15494293605
-0.3923921288793224
-2.6065046737634248
-4.672369596946567
-5.8727729825154995
-5.872423348070939
-4.815429369186177
-3.210118080843543
-1.6751360947743308
-0.676819703130505
-0.37659879729808665
-0.6401685289180676
-1.1754703370438477
-1.708057545463518
-2.0972664198753392
-2.342428381305922
-2.4965365790906446
-2.55695212108
-2.75991958857
-2.57745022542
-1.88141193876
-0.720490612372
0.6276515717
1.72252593682
2.12807462653
1.60737661716
0.250596482825
-1.53108946654
-3.1512660802
-4.07363152931
-4.01917373937
-3.06594148318
-1.60188527581
-0.157344439605
0.80539746138
1.05522119814
0.646104030756
-0.146791140944
-0.966449403743
-1.52056937071
-1.67533534577
-1.46976222849
-1.06285867507
-0.650774297849
-0.39287031266
-0.368778457307
-0.566762371662
-0.890958256887
-1.17701136305
-1.21696151583
-0.80301109694
0.204111709185
1.794008263
3.74560252196
5.62831279527
6.89312020888
7.04443480531
5.8395360371
3.43391739348
0.397007540518
-2.43284263006
-4.21825521656
-4.42165127783
-3.01341225522
-0.497540883793
2.26618156146
4.37989712136
5.2405517353
4.7541062676
3.34542479837
1.76334928249
0.765361230449
0.813804549798
1.90596826078
3.59938107738
5.20995001012
6.09139248975
5.87861621016
4.60310597765
2.64958567238
0.59033996396
-1.02296697612
-1.82610722984
-1.71538899391
-0.822295212484
0.575364868688
2.15542124685
3.62695393558
4.76593441931
5.42130209343
5.51154490669
5.02518627767
4.02381072716
2.63564794704
1.02949777233
-0.628041126078
-2.21385873734
-3.66441256861
-4.95329141522
-6.03950379028
-6.81777881594
-7.10922148498
-6.71511181759
-5.52330900189
-3.62175761219
-1.35668943108
0.713067814019
1.97191416056
1.96639747921
0.601456352731
-1.77496517646
-4.44991384216
-6.57175330165
-7.4458772873
-6.78622097374
-4.82147410235
-2.21093015636
0.19874228288
1.68043971014
1.87745829827
0.903546516925
-0.739334850345
-2.38335638189
-3.46177636753
-3.71302746799
-3.24629992275
-2.45294010886
-1.80997432188
-1.66133913306
-2.06546011661
-2.76666023946
-3.29737967946
-3.16876608136
-2.07643474243
-0.0450038648862
2.54201010416
5.04066550238
6.7441135785
7.11643238657
5.98590676029
3.63043400911
0.719271455188
-1.87914091548
-3.36731732528
-3.27949067455
-1.64218189881
1.02698469129
3.88881398931
6.06485047978
6.93165824193
6.31804252735
4.53148773172
2.20711241171
0.044350151134
-1.45770705422
-2.15706662193
-2.2583091011
-2.15183774407
-2.18807839715
-2.49934914934
-2.95530785486
-3.26897263345
-3.19267111907
-2.69568349109
-2.02276090908
-1.59308969451
-1.78347538032
-2.70492368407
-4.09350490504
-5.38548257843
-5.95604247428
-5.41506094271
-3.81654779019
-1.67217625614
0.249781329654
1.25391993305
1.02275529523
-0.24872760305
-1.95564447226
-3.37468078413
-4.00267316582
-3.77597178448
-3.06300368967
-2.43683985507
-2.34763967843
-2.86848023325
-3.65271419746
-4.1318924905
-3.85441188893
-2.78292838815
-1.37860415805
-0.402394631838
-0.510233179844
-1.83697741481
-3.79060864858
-5.19343555111
-4.74593402483
-1.62653432624
4.04294118049
11.0959432913
17.6617557454
21.8292599258
22.3647733713
19.1818711238
13.3634605328
6.72896490241
1.13489755737
-2.19333292086
-3.02523430632
-2.05614742802
-0.471971932017
0.630607548325
0.700946825983
-0.120328563383
-1.19672377009
-1.80023544688
-1.50727243299
-0.393909662039
1.04542779578
2.18741696716
2.60997130549
2.28851615984
1.56653502372
0.933300801014
0.741726380756
1.02351088889
1.49785211648
1.75968466959
1.53446525734
0.85208787618
0.0400345468427
-0.461596582064
-0.359469831907
0.306991778802
1.16311611375
1.69023084931
1.51240788356
0.622690873539
-0.581149237878
-1.48281625779
-1.56712256107
-0.70709522779
0.738775609024
2.08275039399
2.648671315
2.12619138517
0.750597492134
-0.797520368229
-1.73619630938
-1.60210545016
-0.528504476878
0.776936411573
1.36669702677
0.551514142292
-1.6820482178
-4.55628142966
-6.77607798712
-7.09241213078
-4.90793227708
-0.640438604305
4.34279777649
8.2175852169
9.42504908744
7.31672403456
2.44317566288
-3.64017959618
-8.96759742492
-11.9055458212
-11.7353426433
-8.84811020994
-4.49927684096
-0.257539980923
2.60036012087
3.4993728061
2.64059947254
0.760319580651
-0.09310693570162698
-0.46829586296523473
-0.14609440931425866
0.7292093560723174
1.85184211237
1.68278891218
1.43895623829
1.19458611612
1.0472197824
0.993314908822
0.892647476423
0.548395029677
-0.145797787189
-1.08600185568
-1.94918578629
-2.31848011917
-1.8885230273
-0.646344166547
1.07202978357
2.69004798084
3.62184328939
3.51986902481
2.42145379775
0.724576172243
-0.994204964554
-2.23115688978
-2.75689228168
-2.67729363527
-2.33497219985
-2.11022269561
-2.22520174178
-2.6459761048
-3.12161019086
-3.32831036895
-3.036953441
-2.21811242715
-1.03895498134
0.233128635599
1.35811870789
2.21061497992
2.78585806683
3.13477076134
3.2796284078
3.17011733993
2.71086361285
1.84390293143
0.631895298036
-0.716723120256
-1.90719997589
-2.67805374697
-2.91652074797
-2.70186969698
-2.24574155739
-1.75765420981
-1.31137644759
-0.794900165817
0.0147074442947
1.28082441753
2.93222997647
4.59124945955
5.66992331682
5.61380867148
4.1877703258
1.65921491361
-1.23249227953
-3.53632637417
-4.48160663472
-3.82794464255
-2.00330873389
0.0519003651356
1.28296952111
0.992021409338
-0.83008419685
-3.46820295282
-5.77010691231
-6.63632152132
-5.49877616284
-2.5779494133
1.19246868843
4.53582527281
6.33168945693
6.02839773875
3.80268386736
0.421199945845
-0.7538033642954645
-1.21647167958
-2.75325918067
-3.12953164179
-2.65811316436
-1.73375204916
-0.65236502035
0.443137349015
1.49586816659
2.42361930412
3.05848497022
3.19104743325
2.6978857724
1.6690225955
0.440719383254
-0.512375918312
-0.78942136946
-0.274604225755
0.771803438732
1.8079606755
2.25970844015
1.80592079531
0.551558673892
-1.01095331485
-2.24479929549
-2.69887021196
-2.35305308611
-1.64121637496
-1.22479884177
-1.62222894857
-2.88455126583
-4.497408256
-5.58320840333
-5.32464609506
-3.4085726219
-0.262871490923
3.05221741745
5.27188014141
5.48588413665
3.56564880272
0.24773801834
-3.17868168403
-5.44208531265
-5.8496027642
-4.57129963249
-2.51144274306
-0.831433294332
-0.36128805367
-1.19345119531
-2.66348494326
-3.72850294465
-3.55116238752
-1.98674803276
0.288461796873
2.09377935096
2.3655122723
0.778016624449
-1.95943525822
-4.31095767287
-4.56832182458
-1.66849650651
4.2055846328
11.5406810964
17.9992672361
21.3212710501
20.2401569478
15.0152919541
7.34570212093
-0.300073828701
-5.649662204
-7.47626652982
-5.98039558918
-2.56581892173
0.861442769766
2.74256462041
2.48910355069
0.626472049851
-1.56918867849
-2.74231064462
-2.11542890279
0.161511060408
3.10758334835
5.38264495369
5.90140841463
4.30889354266
1.11621660971
-2.54165404799
-5.39746944123
-6.56626956993
-5.86516265423
-3.82180270924
-1.39630897484
0.442135616371
1.09795266711
0.542510031647
-0.73657740283
-1.9809440421
-2.48250698205
-1.84798356863
-0.115325257073
2.30052922616
4.78923056758
6.77174006658
7.88704613674
8.08038410411
7.57577555861
6.75574456384
5.99837849533
5.53112359743
5.3516025891
5.24170855343
4.86863918149
3.93457903041
2.31628236436
0.136193667839
-2.26886267057
-4.47359988162
-6.13383882336
-7.12418317308
-7.57663742887
-7.79485673175
-8.07778980523
-8.53543268951
-8.99230429128
-9.04016659881
-8.23217548058
-6.33717516903
-3.53196227264
-0.425162259887
2.123186279
3.32685360129
2.80841042144
0.791856353957
-1.9451822244
-4.3538083903
-5.51791553301
-5.00786986168
-3.03023316848
-0.309888433203
2.23847676936
3.89779451213
4.41931089693
4.05945554542
3.37877454578
2.9119013291
2.87634906725
3.06451581106
2.96985035942
2.08082454192
0.192696129138
-2.42235451816
-5.07725115004
-6.94175692677
-7.39957691991
-6.32477265144
-4.14908471168
-1.6894223368
0.185143312985
0.897156548111
0.366354158523
-1.00346186224
-2.5356803401
-3.58442411897
-3.79304519515
-3.20267243952
-2.18184541084
-1.22885884797
-0.746566737823
-0.887177300019
-1.51986774391
-2.31362527745
-2.88180825302
-2.92185530601
-2.30241555731
-1.08430995516
0.509715601671
2.15148840539
3.4727821871
4.1353736031
3.90679797495
2.73451813966
0.795782516395
-1.50812086578
-3.63429627427
-5.04868050603
-5.39939666568
-4.64528957219
-3.07939409629
-1.22639269971
0.351707680407
1.26307555445
1.4182421553
1.03061796192
0.48926832335
0.167177710248
0.256807957539
0.707943688024
1.2891815854
1.73171766839
1.87486236424
1.73703779908
1.48065777201
1.29935083203
1.29829285739
1.43965017802
1.58479279618
1.6059045556
1.49577004014
1.40190551667
1.55308036541
2.11044392021
3.02579153408
3.99570548422
4.55538805345
4.28144216505
3.00822411584
0.94442900205
-0.8149923556306646
-2.20046454573324
-2.7445211661573694
-2.352786738932025
-1.333643800263843
-0.2337268202742422
0.4415531113882878
0.482474243237
-0.533871183301
-1.52696780007
-1.99874668695
-1.70395620072
-0.798716610118
0.223461045859
0.780622730699
0.510266954391
-0.524763558416
-1.84482761042
-2.78019675305
-2.80603957492
-1.81633795169
-0.194252695628
1.36247070775
2.17800709003
1.92977176244
0.807683416857
-0.580080276859
-1.50862846511
-1.49417191657
-0.528796217012
0.924264300983
2.16953894412
2.62887793881
2.12388694242
0.950492967139
-0.286755797847
-0.989911122389
-0.86729924858
-0.0647179334874
0.933844828696
1.57678648824
1.5397984127
0.889106493202
0.0301843865402
-0.525399797486
-0.446071526322
0.235963486845
1.1417011157
1.75280516538
1.69694860311
0.956999719863
-0.108869527657
-0.94792830704
-1.09936294708
-0.435642006041
0.767422480606
1.96697927513
2.62243170665
2.45644049549
1.57442852514
0.387699641767
-0.609516635853
-1.08386394999
-0.997456625068
-0.569500259234
-0.100456490831
0.229288845348
0.463433578172
0.814111900058
1.48153438266
2.46204998015
3.47090106647
4.0441381408
3.78015930994
2.5933206789
0.831690040734
-0.825922217845
-1.66248094235
-1.266325497
0.251080721096
2.28469788853
4.01001940809
4.77011567449
4.37980865657
3.18899679919
1.87055310947
1.04388478533
0.935448347953
1.2616575794
1.40262258109
0.776904133602
-0.787468322673
-2.89760266743
-4.75850081438
-5.58477744262
-5.04857817875
-3.51522173475
-1.91581691381
-1.29242908529
-2.23160071723
-4.47960516375
-6.96036822829
-8.22367806454
-7.13104892718
-3.45199718099
1.93188931428
7.33888580404
10.9898839677
11.7804197752
9.75686128275
6.06688017562
2.4052109936
0.219817487649
0.0598654141869
1.3765287488
2.86438965879
3.16530342383
1.58007270616
-1.56631509602
-5.08368133178
-7.51413404127
-7.86388435351
-6.10092800696
-3.17082694347
-0.526425836794
0.589502580011
-0.251104293089
-2.46877501656
-4.78522090753
-5.8723552083
-5.01421434667
-2.45470380873
0.732605695917
3.17551590264
3.86203250006
2.59996878185
0.0611694991016
-2.59103132314
-4.2855368636
-4.53786385664
-3.61550445577
-2.31409771284
-1.48570199854
-1.57945145894
-2.43336744436
-3.4111344051
-3.79015124774
-3.17759524348
-1.72617342428
-0.0391374381918
1.17211281343
1.4802704294
0.96385736491
0.137069716202
-0.368919032605
-0.190513180687
0.537918694688
1.24272933794
1.23269847417
0.109267794851
-1.96309687452
-4.28329877985
-5.93415501455
-6.2331237662
-5.07436304049
-2.97738697328
-0.813504188859
0.644342175198
1.10482205864
0.864993527998
0.581339220503
0.832812345863
1.7252449196
2.77299100296
3.14692420435
2.17281649521
-0.189013011612
-3.1656199058
-5.43567721101
-5.74570462351
-3.586335346
0.425666901262
4.69419009745
7.30207849381
6.90114695155
3.41443097627
-1.80759898879
-6.49264766585
-8.41720821643
-6.41303252369
-0.944477593695
6.02390460719
11.8282459582
14.224552735
12.3267414201
6.94588562516
0.187884243605
-2.415805644195487
-2.20137989565
-1.88723759959
0.508266344952
3.08619654886
4.06938820923
2.6239843672
-0.805447117278
-4.77234662109
-7.55197929916
-7.9515501705
-5.82824475034
-2.09693284519
1.73928598236
4.28401904682
4.83163097529
3.58367818082
1.43492557387
-0.526835701561
-1.54278228807
-1.47947131914
-0.786253862748
-0.175739082901
-0.21688959523
-1.05181138249
-2.36227710436
-3.57319936954
-4.16264463042
-3.90902213111
-2.95790670182
-1.69784219715
-0.535296196667
0.298865743111
0.812408375478
1.16928054231
1.53083329285
1.92715384724
2.23760833773
2.28713522585
1.99132502763
1.45210049815
0.934761866786
0.729200710424
0.971224846219
1.53112643935
2.04607084384
2.09544436461
1.43576995886
0.17028660496
-1.24705084731
-2.19257684231
-2.16203960659
-1.02946566293
0.85574555719
2.79090786324
4.01318456968
4.03110587998
2.8407210578
0.925942803499
-0.955737877342
-2.1008145987
-2.14895895056
-1.20492799062
0.252940005476
1.62261655983
2.4611716703
2.66734019808
2.48626299883
2.34736852774
2.62378420021
3.43198624486
4.56282187574
5.56737026085
5.94882616121
5.36903845481
3.78205440977
1.44943835779
-1.15202493245
-3.47861659687
-5.06269378597
-5.60880609998
-5.03329947554
-3.46180814638
-1.20347861571
1.29136973254
3.49796990074
4.91773173189
5.20549528566
4.28939201823
2.43081060102
0.178680540745
-1.79148900904
-2.91077138591
-2.93567178848
-2.05691494064
-0.838100064472
0.00653601129329
-0.0872021855624
-1.27916592803
-3.23056157802
-5.21986384481
-6.42965380876
-6.28906424982
-4.72869959471
-2.23884342391
0.296747966319
1.92571994379
1.98013089577
0.318207653776
-0.25054121272431473
-1.2878088878501757
-1.87220548448
-3.68283961782
-4.04829966857
-3.14776214868
-1.50402597229
0.233917142854
1.5151494192
2.04031649578
1.80605100799
1.04760600875
0.119809301315
-0.632965466588
-0.976779161466
-0.837164408716
-0.296001891786
0.452329449208
1.16893376537
1.64486244986
1.76425983144
1.53900367147
1.10180954211
0.655218673855
0.389853433481
0.401063323865
0.639992764125
0.926521856838
1.02757821158
0.773636936857
0.163049402556
-0.598707667924
-1.15489406957
-1.13755225052
-0.339201096301
1.15862762644
2.96482299583
4.48985592352
5.15631609813
4.62968869725
2.97462087878
0.666486488293
-1.55584218352
-2.94550840335
-3.01537972917
-1.71507803722
0.550314886593
3.06509883962
5.05318907907
5.93735116419
5.51264322984
3.97808940184
1.82861455553
-0.338441804846
-2.02206065336
-2.94989958129
-3.10840045707
-2.67983163486
-1.92989753728
-1.10038032097
-0.347335147946
0.263467409421
0.720642556786
1.02275051908
1.15393460316
1.09090416036
0.831764441773
0.424165507072
-0.0289162385587
-0.394204076399
-0.554496850098
-0.454126946414
-0.120238860322
0.352068059482
0.844860501347
1.27152193419
1.61352059062
1.92109727408
2.27625808899
2.73489076751
3.27591137202
3.78375519121
4.07669445977
3.97336907975
3.37234066666
2.31212298386
0.985281247789
-0.302646609952
-1.21753252998
-1.49595687882
-1.02559703807
0.119706284771
1.69980004595
3.37337174391
4.78469822646
5.64421873964
5.78156821094
5.16272066969
3.87631163774
2.10238491839
0.0771394791816
-1.93883739978
-3.68935307573
-4.95359187084
-5.58270720642
-5.53788581602
-4.91680068789
-3.95103615905
-2.9618595329
-2.27591575084
-2.12118262287
-2.53842636948
-3.34607005741
-4.18266878941
-4.62389564524
-4.33974734439
-3.23570101705
-1.51987659819
0.339400524454
1.7612140038
2.25755492826
1.62151479997
0.0233470697747
-2.02934314234
-3.85968948081
-4.85876462961
-4.70248985436
-3.46387876642
-1.57615305119
0.338307506381
1.7037850016
2.1963121761
1.83657415607
0.937950914333
-0.060338366081
-0.796071697138
-1.13058912963
-1.17533263826
-1.1921317432
-1.42111815322
-1.92471590248
-2.52846230248
-2.89239808112
-2.68217236753
-1.75761765517
-0.283715841433
1.29783694933
2.43333243189
2.68861961418
1.9425621929
0.450812434967
-1.25403319777
-2.58425426075
-3.14140276641
-2.87210029003
-2.06491492856
-1.19278854166
-0.678635445949
-0.697769284465
-1.11176529656
-1.56300076569
-1.67919834682
-1.28232690683
-0.493941135696
0.318666128773
0.729808177981
0.480966413372
-0.372809110333
-1.47514544358
-2.33860618129
-2.58991258559
-2.16476739105
-1.34804309831
-0.631247408851
-0.453351388527
-0.955458995485
-1.87982359499
-2.6762289932
-2.77498330849
-1.89692502449
-0.242946152138
1.54407005213
2.64466608555
2.44198245969
0.837830602074
-1.65076533805
-4.07342046323
-5.4355234836
-5.12319487096
-3.1711583971
-0.250085185748
2.62148468938
4.50876910642
4.93955366503
4.06221992906
2.52197502107
1.12743391378
0.474532700328
0.706236231216
1.51125439143
2.34248194926
2.72833188215
2.51101533948
1.89299302032
1.27982027926
1.01754751235
1.17786913093
1.51550545115
1.62513870539
1.21134319065
0.315819319151
-0.6391236794
-1.03800915401
-0.411499191468
1.24404431891
3.34589805901
4.89554736803
4.89074229592
2.801423953
-1.11610228607
-5.83197741145
-9.90322697205
-12.0403428612
-11.6363290874
-9.02291627498
-5.33628563055
-2.04809183337
-0.366452306145
-0.766863796057
-2.84991944498
-5.5721218472
-7.72928977045
-8.4662735568
-7.58847994116
-5.55474491655
-3.18433576471
-1.23936226468
-0.0887319181618
0.395417334155
0.681083139103
1.26015008156
2.34448839258
3.72953017602
4.88850559168
5.24232424821
4.46470731806
2.66961028163
0.390671162549
-1.63391956704
-2.76543476399
-2.71477771961
-1.62888068706
0.0139213771623
1.63700758356
2.81085452703
3.39963433566
3.55477193604
3.57818295413
3.73657154102
4.12218589157
4.6223692628
5.00059115314
5.03674950542
4.65038679161
3.9456408629
3.16008112423
2.54762000514
2.25530232314
2.2530497802
2.34784626895
2.27454829783
1.82273923014
0.945595429487
-0.194527995639
-1.26426452838
-1.87129279421
-1.71462332451
-0.722897336301
0.869768696392
2.54635741176
3.63647227823
3.52594828525
1.88563082828
1.6594863643352085
0.6322942251480868
-0.249372381794
-2.83742232268
-3.58390693327
-2.36688160679
0.269756605293
3.2749134298
5.45790205309
5.93439963878
4.47450558466
1.60356979295
-1.59866921494
-3.92904666245
-4.54791132097
-3.31706486816
-0.84271312236
1.79630568343
3.51632184833
3.68648185141
2.37499994338
0.279442155339
-1.61897809299
-2.51181774343
-2.11794929982
-0.77633735281
0.755825623193
1.69238624861
1.60171922024
0.600044019719
-0.732144262497
-1.65979574963
-1.66919226024
-0.722075206687
0.734393383271
1.99966785064
2.47125937382
1.9367658988
0.662485863153
-0.75899396922
-1.71709925531
-1.88578771377
-1.36632490664
-0.602747797548
-0.121790008896
-0.239301608852
-0.890066782822
-1.67050552744
-2.06980138712
-1.76423392818
-0.814619257296
0.34374149524
1.1206059803
1.09015464224
0.243773034342
-0.961720309385
-1.7979346136
-1.61592451043
-0.186532796182
2.1389377237
4.53454021428
6.03293673331
5.93853245846
4.13401181996
1.14244592772
-2.0809539801
-4.5320359715
-5.54630657712
-5.02861547122
-3.43784643595
-1.55180165011
-0.129121298772
0.382519233782
-0.0214686345414
-0.962728269462
-1.88059009147
-2.27164677839
-1.86860013663
-0.702777417938
0.946758947963
2.67127395859
4.05974525907
4.79491827701
4.70616858287
3.78829704729
2.19868281367
0.234974800985
-1.71477047048
-3.25534423372
-4.08975171425
-4.11356979449
-3.45507930212
-2.43141185394
-1.42622859413
-0.735198394063
-0.44888204191
-0.432198063168
-0.416229982892
-0.161330245978
0.390344592353
1.05587387773
1.48628241787
1.34707371205
0.517776271095
-0.794453646775
-2.09688001732
-2.80451087182
-2.50306653817
-1.15884593516
0.829407830946
2.77084257601
3.95870815402
3.95983101581
2.78586148596
0.868740235313
1.0349863799926453
1.672626972790468
3.03513208988
2.79594083144
2.71362067466
2.31457270146
1.3269088655
-0.178300410487
-1.8146072591
-3.05534541582
-3.46739905796
-2.89353644114
-1.50587758793
0.280412056629
1.97882906414
3.202097559
3.75864416635
3.64969654943
2.99520668834
1.94732597653
0.643761237293
-0.782553343622
-2.16296933866
-3.26972678478
-3.84727712526
-3.69946061696
-2.79300995817
-1.31792845444
0.340451973861
1.720406889
2.4480030574
2.37313560932
1.61341093212
0.484915022209
-0.646020807078
-1.51742853312
-2.05840489952
-2.3699342594
-2.61727452402
-2.89692218191
-3.15314276364
-3.19135640506
-2.78308481045
-1.80744812967
-0.353409726564
1.27418047921
2.65327612816
3.40393966212
3.33437485707
2.50762417734
1.20319815902
-0.200999266547
-1.36576071265
-2.0836967171
-2.2953173886
-2.03927107268
-1.38180239142
-0.375878185274
0.924386536618
2.40815110805
3.85647102479
4.94437342249
5.31878143665
4.73095069992
3.16535833523
0.898296181905
-1.5545072058
-3.59256714788
-4.7303601481
-4.76122104638
-3.8180542212
-2.30785646202
-0.75107819426
0.404845206126
0.922828433943
0.816978483383
0.295194376362
-0.357193028901
-0.895341399515
-1.18721898018
-1.22285296179
-1.07484957515
-0.842546482317
-0.609889337699
-0.429834662017
-0.328460586718
-0.312115584149
-0.365395709702
-0.441472919922
-0.458480387013
-0.316827291802
0.0595362443418
0.672843049659
1.41948637116
2.10083918757
2.48289498777
2.38494880253
1.7586632291
0.718375376504
nan
nan
nan
nan
nan
nan
nan
nan
nan
nan
nan
nan
nan
nan
nan
nan
nan
nan
nan
nan
nan
nan
nan
nan
nan
nan
nan
nan
nan
nan
nan
nan
nan
nan
nan
nan
nan
nan
nan
nan
nan
nan
nan
nan
nan
nan
nan
nan
nan
nan
nan
nan
nan
nan
nan
nan
nan
nan
nan
nan
nan
nan
nan
nan
nan
nan
nan
nan
nan
nan
nan
nan
nan
nan
nan
nan
nan
nan
nan
nan
nan
nan
nan
nan
nan
nan
nan
nan
nan
nan
nan
nan
nan
nan
nan
nan
nan
nan
nan
nan
nan
nan
nan
nan
nan
nan
nan
nan
nan
nan
nan
nan
nan
nan
nan
nan
nan
nan
nan
nan
nan
nan
nan
nan
nan
nan
nan
nan
nan
nan
nan
nan
nan
nan
nan
nan
nan
nan
nan
nan
nan
nan
nan
nan
nan
nan
nan
nan
nan
nan
nan
nan
nan
nan
nan
nan
nan
nan
nan
nan
nan
nan
nan
nan
nan
nan
nan
nan
nan
nan
nan
nan
nan
nan
nan
nan
nan
nan
nan
nan
nan
nan
nan
nan
nan
nan
nan
nan
nan
nan
nan
nan
nan
nan
nan
nan
nan
nan
nan
nan
nan
nan
nan
nan
nan
nan
nan
nan
nan
nan
nan
nan
nan
nan
nan
nan
nan
nan
nan
nan
nan
nan
nan
nan
nan
nan
nan
nan
nan
nan
nan
nan
nan
nan
nan
nan
nan
nan
nan
nan
nan
nan
nan
nan
nan
nan
nan
nan
nan
nan
nan
nan
nan
nan
nan
nan
nan
nan
nan
nan
nan
nan
nan
nan
nan
nan
nan
nan
nan
nan
nan
nan
nan
nan
nan
nan
nan
nan
nan
nan
nan
nan
nan
nan
nan
nan
nan
nan
nan
nan
nan
nan
nan
nan
nan
nan
nan
nan
nan
nan
nan
nan
nan
nan
nan
nan
nan
nan
nan
nan
nan
nan
nan
nan
nan
nan
nan
nan
nan
nan
nan
nan
nan
nan
nan
nan
nan
nan
nan
nan
nan
nan
nan
