1.46876900847
1.61197097334
2.15603698301
2.89276098704
3.57122084639
3.97906680046
4.01336004679
3.71375628796
3.24340849495
2.82354956101
2.64752534438
2.80942635382
3.2759969504
3.91043270361
4.53248713025
4.98323134144
5.1634229514
5.03172807996
4.5738048545
3.77158107572
2.60275123552
1.08165005781
-0.676511464584
-2.40923631033
-3.72163040508
-4.18245785004
-3.4805495601
-1.58243771542
1.18298585896
4.16735972599
6.57842605545
7.73457525634
7.30350315388
5.42767918794
2.67983351228
-0.140464660223
-2.29192697533
-3.34621715837
-3.3124495292
-2.58665063416
-1.75461291751
-1.33612568929
-1.57875071643
-2.3825585227
-3.37708506844
-4.10604256951
-4.23301753251
-3.67949844803
-2.64303239717
-1.49910800484
-0.639339956635
-0.3198098632
-0.580484984336
-1.25901746127
-2.07954087661
-2.768913002
-3.14965987551
-3.178199586
-2.92622944645
-2.52721851191
-2.11862061625
-1.80290260851
-1.63422633639
-1.62315003662
-1.74647168494
-1.95403893708
-2.17354758137
-2.32049299804
-2.31881588592
-2.12938927289
-1.7742356922
-1.34121400143
-0.960388446953
-0.756971671236
-0.799356749371
-1.06627850856
-1.45047030513
-1.79979385773
-1.97876419218
-1.92306328351
-1.66265911063
-1.30420442911
-0.982799505371
-0.806987569194
-0.822099373164
-1.00564080537
-1.29097302937
-1.60176920629
-1.87698982978
-2.07530253426
-2.16298311823
-2.10094008228
-1.8472314115
-1.38040364695
-0.732577635679
-0.00968286399207
0.622177070269
0.989459672562
0.985614352668
0.632703701025
0.0949850234801
-0.372140681753
-0.523775129217
-0.235886706691
0.427554233142
1.22765340333
1.84583699791
2.02376303041
1.68572225616
0.984764124251
0.245681298979
-0.175141548168
-0.0527295326322
0.595056947903
1.50209327492
2.26263953658
2.50996952631
2.08677569423
1.12937963412
0.0232959833462
-0.756545692493
-0.855995204598
-0.21268502239
0.888388813841
1.90485927478
2.24318764949
1.50340298283
-0.332839646429
-2.84637965485
-5.28382679985
-6.78889411865
-6.68484055684
-4.71330785474
-1.14980127032
3.24324375144
7.41329679272
10.3062838159
11.1621003368
9.73122008913
6.34973574195
1.85043285446
-2.66618301925
-6.13682107142
-7.82912261452
-7.53814201899
-5.62621788729
-2.89293723161
-0.314572180035
1.2649427169
1.39187732819
0.125310290911
-2.01442290416
-4.25013024841
-5.83000828442
-6.2858484024
-5.57611048077
-4.06764322929
-2.37154718544
-1.10296561335
-0.660044821225
-1.10435780603
-2.18006858025
-3.45153351967
-4.49312896141
-5.0493901607
-5.10304276634
-4.83292000837
-4.4925372473
-4.27183174478
-4.20647326426
-4.17230212209
-3.96067352425
-3.39348786312
-2.42088198596
-1.15582657612
0.16852310612
1.29653115449
2.05638469913
2.42667646298
2.53497914083
2.59167041106
2.79044828945
3.21951873719
3.82005026577
4.406154075
4.73451776765
4.59354294784
3.87817770279
2.6269385343
1.01506047467
-0.68660640235
-2.16978138882
-3.14843977935
-3.4111679242
-2.8632308602
-1.55624195802
0.300634587687
2.35835716404
4.18389770847
5.35394831946
5.56959751639
4.7591129348
3.12951833337
1.13716049375
-0.627443409039
-1.61267897675
-1.48230998417
-0.232523940882
1.79714926508
4.02921065915
5.83642612005
6.74633812963
6.58709292256
5.52073591848
3.95329631191
2.35921865038
1.09134879858
0.252675254232
0.8899140741325766
1.4628821155303626
1.6447569864457847
1.2803882517512335
0.4802663238787517
-0.40037017106155304
-0.889632151431
-1.87787389218
-1.89188979708
-1.05832800986
0.234912934235
1.48155112928
2.24235874429
2.29940732036
1.71963039605
0.806176798586
-0.0384522717469
-0.479150793748
-0.376903616781
0.170374610326
0.887157010309
1.45105935604
1.63839249578
1.42369709453
0.992732296625
0.664152474058
0.751713724672
1.42205145995
2.60446369033
3.9890214373
5.11604378761
5.52627746591
4.91923720772
3.26444285597
0.82695114573
-1.90186884246
-4.34547074431
-6.00889430036
-6.61739824299
-6.18362845289
-4.98434167807
-3.45761377201
-2.05696184138
-1.11159305554
-0.738081395865
-0.829804693933
-1.12315042455
-1.31332126216
-1.17656078099
-0.655135650101
0.123765171739
0.899609242344
1.37991069136
1.35400242622
0.778814844937
-0.192628429531
-1.24899767148
-2.01189425957
-2.15168159397
-1.49321561533
-0.0814281654913
1.81119192765
3.73807608166
5.18160433218
5.68309518496
4.97001848208
3.04831607084
0.231431124963
-2.91099578649
-5.68260054903
-7.44172292579
-7.78658520908
-6.68536219436
-4.5007657357
-1.88821718164
0.409956833654
1.80968735885
2.08206105092
1.42361276025
0.364402463773
-0.459052051013
-0.580645610045
0.0820944863533
1.17422317283
2.04419185244
2.03300443051
0.796801815899
-1.47682848222
-4.06490311107
-5.94136349381
-6.17060195341
-4.31260127689
-0.673320442801
3.71459838968
7.39406363593
8.96999751076
7.60459281304
3.33653781764
0.4231054451132792
-2.910584854717513
-5.00336839193
-7.82306669088
-7.67648510884
-4.9692531212
-0.795442182573
3.4553285211
6.54469945
7.73365032259
6.93035186578
4.61716839634
1.61337371712
-1.22394541131
-3.25535742412
-4.1990725217
-4.13484453265
-3.39845654159
-2.42141293192
-1.57460253041
-1.06030296679
-0.874034360488
-0.835674513317
-0.672937542276
-0.130581718073
0.925534722142
2.43960626379
4.15535299671
5.67277142581
6.56109082936
6.49618430802
5.37743506375
3.38063960972
0.922369602191
-1.45778068015
-3.2590459541
-4.16868746884
-4.14494187768
-3.40510056563
-2.3270186181
-1.30562990979
-0.621410498845
-0.3688935046
-0.4649531254
-0.722012036636
-0.946254580866
-1.01588255003
-0.910032060179
-0.68601359707
-0.427058659357
-0.193092383678
0.000460146986214
0.170461294161
0.335201589765
0.489164064639
0.601874230969
0.642218119919
0.611623533337
0.561465700596
0.577267605905
0.731378476287
1.02647591992
1.3625455181
1.55296321765
1.39292523027
0.756129980445
-0.322869583784
-1.62256761877
-2.7854157011
-3.43345942178
-3.30634034576
-2.36626229647
-0.825176683775
0.920186719359
2.42259720407
3.33692263057
3.53287641642
3.12619959068
2.41932699339
1.77778895877
1.49202425189
1.67724997684
2.24656504333
2.96258479205
3.54282611077
3.77510536065
3.59765686663
3.11399892525
2.53831694937
2.09371102124
1.90375908064
1.92134519547
1.92632090269
1.59914618382
0.649071383495
-1.0475906412
-3.3522956175
-5.85522210938
-7.96788093083
-9.0963467453
-8.84124049103
-7.15455475363
-4.39232352529
-1.23517947059
1.50459580377
3.12799326793
3.26253375732
1.9689573874
1.186399312776686
0.11943671949985912
-0.547116286639
-1.87952822812
-2.21140121626
-1.74182144643
-0.880437827593
-0.070919358763
0.370001619375
0.340050720521
-0.0562992350788
-0.591960114664
-1.03142944107
-1.22441296082
-1.14593833192
-0.878764190281
-0.559022417555
-0.316662174506
-0.236052074814
-0.345373523932
-0.626889918253
-1.03267585317
-1.49437979624
-1.92640557008
-2.23114892536
-2.31586345476
-2.12239768125
-1.65886309506
-1.01474822564
-0.344364269545
0.182286851166
0.444050122844
0.419692484081
0.199099455014
-0.0547312871789
-0.178230595764
-0.0810803080224
0.214698969005
0.59070465585
0.896357505421
1.02962617473
0.992943208563
0.894436449299
0.891999163179
1.10739532003
1.5541817762
2.1176903643
2.59986748566
2.80903350367
2.6512809019
2.17842502828
1.56837873172
1.04706775969
0.789683728879
0.848647039399
1.1414331552
1.50096992497
1.76046565968
1.82904586851
1.72193774679
1.5345317685
1.37940192105
1.32339856461
1.35906881827
1.42326615443
1.44829373341
1.41279858352
1.36089906992
1.37763787524
1.5353202881
1.84317418948
2.23143158381
2.58078514734
2.7806946405
2.78145572009
2.60702761806
2.31845227129
1.94899827477
1.45358385754
0.712421110647
-0.399188171819
-1.90299633263
-3.63010019604
-5.21291523098
-6.18396334301
-6.15560518961
-5.0071674899
-2.98954004198
-0.684518458761
1.1821469827
2.00639517746
1.54027309617
-0.00820071881699
-2.05768333029
-3.88644804057
-4.91556063548
-4.91925337246
-4.07317415277
-2.82639330082
-1.66433511707
-0.878479833812
-0.451605564593
-0.108303924441
0.501494526195
1.58314408826
3.05549633576
4.56025931305
5.62003197624
5.86795698754
5.23540313137
4.00330815251
2.68811491107
1.81265338664
1.66749867675
2.17323872464
2.90729983427
3.28369407583
2.80612233544
1.28517761215
-1.06958245465
-3.71446284423
-5.95884478968
-7.19528915877
-7.08651244522
-5.65247907698
-3.24696750988
-0.452188761031
2.06350458272
3.68694951744
3.98120417576
2.78060682807
0.253593364085
-3.08448411804
-6.43494888777
-8.87333507262
-9.58712192153
-8.13677469699
-4.65056189701
0.135799328594
5.0403196955
8.76808590969
10.3130252538
9.28396529136
6.02856354155
1.5024162767
-3.06842060734
-6.59896803932
-8.4693677405
-8.64080211791
-7.5360822867
-5.76124869437
-3.8103882407
-1.8935125162
0.0415052498357
2.12361168402
4.3252805514
6.32247993322
7.54245182268
7.39651951853
5.59444829723
2.38306016794
-1.4263674617
-4.6869809381
-6.32796889274
-5.78377480224
-3.25529976483
0.319650255268
3.58924104805
5.28149917031
4.67266641017
1.84283622924
2.2120976936067933
2.42951139803
-0.894153562898
-2.48646462876
-2.32134672994
-0.971030656405
0.695321045455
1.89280550527
2.21819366465
1.74974981484
0.929537945937
0.302675941334
0.242195674356
0.782067994738
1.62227491602
2.28857459547
2.36316426143
1.67847439051
0.391465358438
-1.08542074926
-2.25683373172
-2.74037403378
-2.40347746333
-1.39223624703
-0.0531679038237
1.20761873287
2.06449309926
2.35867036957
2.1089315101
1.45959023792
0.601292409512
-0.297223214407
-1.12324722933
-1.81893170854
-2.36050229695
-2.73773918315
-2.94561325998
-2.98682503481
-2.87483486063
-2.62753548067
-2.25115683759
-1.72553777587
-1.00696363672
-0.0582337955382
1.10065073902
2.34528472961
3.43501682426
4.05911420884
3.93852076008
2.95024475839
1.22069913183
-0.863641346292
-2.7517419247
-3.90821418273
-4.01423258356
-3.10581555932
-1.5824140789
-0.0677334932748
0.832327234099
0.78013394386
-0.14158493703
-1.44861812101
-2.44854060392
-2.5357783365
-1.46657795878
0.506785586692
2.70887082899
4.30087532885
4.62529183902
3.4921350868
1.28280486234
-1.17879915551
-2.94101254501
-3.29878570419
-2.07480490969
0.307586412962
2.98811949444
5.00073377051
5.63588931061
4.68959530788
2.50703979136
-0.182931554106
-2.56125969484
-4.01343831705
-4.31026497937
-3.61824367258
-2.36056041396
-1.00951223438
0.0910987131553
0.803504077875
1.15997476393
1.25528222687
1.13770316176
0.75874700264
0.00271756546991
1.2273610877199843
1.9832296343693088
2.4194848005540877
2.79575462243
0.913837033693
-0.52799055287
-1.43934242314
-1.84958231486
-1.85236232755
-1.53779330361
-0.95405004221
-0.120220379558
0.920208884763
2.04229335088
3.02150383292
3.57788617249
3.47197557482
2.61131811042
1.1157001827
-0.695330099514
-2.39456000746
-3.58423042401
-4.02305118229
-3.69318106149
-2.7848857253
-1.61249407491
-0.501954196362
0.304011194841
0.692820724196
0.677351273375
0.358736758989
-0.116524189021
-0.587127620353
-0.894380763897
-0.898854913622
-0.508779669189
0.280360082886
1.35279567661
2.47252312496
3.33466594241
3.66257472416
3.31737373864
2.37103081714
1.10184825847
-0.0977754637562
-0.870540752527
-1.03882974927
-0.679297505468
-0.0896867792266
0.342173864136
0.311483412685
-0.265402560526
-1.21067070682
-2.16136388322
-2.72776982673
-2.66207962355
-1.96199521071
-0.865501423787
0.256041559644
1.05369979907
1.33401875443
1.1133246835
0.578011453593
-0.0198155773859
-0.475373285359
-0.700006972037
-0.721527148665
-0.629323583163
-0.503716614453
-0.371236982387
-0.206781368397
0.0267030976701
0.332320304279
0.659864176422
0.926786266993
1.06599867339
1.06826974542
0.988554037178
0.90727311089
0.866914557257
0.823651363998
0.650201151304
0.199689551162
-0.595787097326
-1.64379662466
-2.67854772006
-3.33782153954
-3.30644828706
-2.46519429816
-0.974074264107
0.755638096167
2.19669262407
2.89398845389
2.62503961031
1.46415169033
0.6992893736966437
-0.23214583293440683
-0.9874074602343512
-1.3982690167122769
-1.4793362022383434
-1.3474048820977487
-1.10538704414
-1.70087701163
-2.09247048349
-2.14842477814
-1.80857166338
-1.15839101727
-0.425483956233
0.106276678729
0.22369244923
-0.1133814944
-0.749350290071
-1.4046883897
-1.80808076699
-1.82303039385
-1.5055222503
-1.06482888186
-0.749482442139
-0.718587749103
-0.965036369624
-1.32867631983
-1.58944440646
-1.58850000038
-1.31173615128
-0.891674139623
-0.528731327739
-0.376769440833
-0.456923271431
-0.647683397266
-0.756808449992
-0.634990219526
-0.267316331219
0.210167390146
0.58077761379
0.668062434553
0.441338728834
0.0458851008021
-0.263229691905
-0.25289809888
0.158396074829
0.842501311739
1.50921307105
1.83932626088
1.63783791295
0.930289021621
-0.0465398795517
-0.954610839328
-1.5090760697
-1.59912848359
-1.3161711352
-0.879845461658
-0.506251243129
-0.29195980497
-0.176620513189
-0.00211207893658
0.368232144048
0.940972052786
1.56003452778
1.97376991496
1.96860952431
1.49659688772
0.723617799008
-0.0344085886892
-0.459663445979
-0.389278861143
0.103192751732
0.748596743923
1.22773983605
1.34645592683
1.1456821711
0.883398438944
0.892460762582
1.38658608081
2.31912498637
3.37652581009
4.12000819686
4.20932106783
3.59365533105
2.56457561762
1.63227377293
1.2775179202
1.70075578722
2.69946236861
3.74666066067
4.24403675356
3.83132597448
2.5971492407
1.07670043011
0.0220848759106
0.0440340832365
1.29328832715
3.33977097885
5.31967137191
6.29503452285
5.66726499126
3.45548474931
0.309091639371
-2.75530456127
-4.77582327421
-5.2368387898
-4.25636643218
-2.4914005629
-0.813541967219
0.0895789990889
0.00315266925438
-0.761910673104
-1.56394478489
-1.76972940285
-1.0717393334
0.365021083819
1.98861749797
3.1285940239
3.31421462331
2.49218823865
1.04691561255
-0.378251899045
-1.16949475501
-1.00711470669
0.0081697832875
1.41238179785
2.58055831488
2.97728476209
2.34902819143
0.789821031252
-1.32578652076
-3.49360771181
-5.24195248928
-6.24545468083
-6.36744876165
-5.64481250385
-4.24782377612
-2.44203301462
-0.55840145885
1.04119331313
2.01960817149
2.14311739108
1.36179022473
-0.14553993701
-1.99464843064
-3.69529683671
-4.79935522547
-5.0439509661
-4.43282459217
-3.22265333846
-1.82093533733
-0.639129027817
0.038634579596
0.122195985282
-0.299158908989
-1.03188648701
-1.87009966362
-2.6605564601
-3.3184407071
-3.80094354938
-4.06678753474
-4.05256769223
-3.68178641416
-2.90011674394
-1.7143230597
-0.211220559529
1.45368886857
3.09004602308
4.50974406936
5.55062224068
6.08397898265
6.01828242961
5.31620560291
4.03122672301
2.34885563824
0.599823320185
-0.787377179272
-1.40373827696
-1.01724936748
0.293078969791
2.09882633809
3.72310461023
4.46659371192
3.88169229504
1.98153103096
-0.716907633627
-3.35441922676
-5.04736823252
-5.23899465595
-3.93703050614
-1.7307108213
0.428961011951
1.59959799991
1.21498683563
1.1857993170367678
0.1965942542124992
-0.8796397361267054
-1.2338598661079772
-0.43013692598
-0.468652270345
0.122355375158
0.738785303241
0.930687856313
0.589429159235
-0.0500889274329
-0.57725106688
-0.647180467529
-0.169084104093
0.651486591866
1.43066505674
1.81588349214
1.67319884969
1.15297933819
0.600167605115
0.357569662203
0.567114968704
1.07592186138
1.50044576553
1.42039960388
0.606134685359
-0.836542243486
-2.48127759298
-3.75475408233
-4.1892980778
-3.63496957619
-2.33011522837
-0.796962636864
0.387938514819
0.840454917049
0.519428994016
-0.283557493735
-1.10205907862
-1.51881215281
-1.34817414996
-0.695650712094
0.123049095714
0.753007933102
0.971915053283
0.780945421818
0.379764787803
0.0506471778756
0.0185738549003
0.358197869719
0.985838411438
1.72555588691
2.4005917116
2.89488436039
3.15545513309
3.14810379444
2.810499896
2.04902803139
0.796624041307
-0.894897316992
-2.78648180239
-4.46498581291
-5.45827763759
-5.41694619971
-4.28267125852
-2.3562937449
-0.217297592703
1.4851899247
2.28479657103
2.08090837116
1.16581800184
0.0799246076609
-0.639740361083
-0.700169823585
-0.168706271748
0.588650194362
1.11343720501
1.100360306
0.557522819543
-0.200770616692
-0.725885785182
-0.684129699906
-0.0547264390898
0.828735622871
1.42101642418
1.22635067055
0.0501063701995
-1.3886099523494835
-3.0312819894291607
-4.234078292030702
-4.557422914357275
-3.9644148502960093
-2.8295926338487334
-1.754573457921694
-1.2808675698846912
-1.6389355602005935
-2.652398414382972
-3.8379518383560765
-4.644824538688695
-4.711235588504465
-4.012022937987567
-2.831738671708038
-1.58896896747
-1.06903757225
-0.904349553737
-0.942010532967
-0.927261195086
-0.697141198726
-0.310244247911
-0.0298389651077
-0.160561769101
-0.825519242448
-1.81340784328
-2.59842688661
-2.54982190305
-1.24538021699
1.26243626944
4.37091279419
7.10287180522
8.47560398977
7.90691202059
5.47524460725
1.91074101828
-1.68572009104
-4.27430994759
-5.269242945
-4.72336252488
-3.23336480197
-1.62415806092
-0.568883983244
-0.321732612851
-0.676444889143
-1.14845164739
-1.27094340215
-0.847354790819
-0.0358423614754
0.764822954058
1.15404638646
0.957705045359
0.322692008518
-0.369123225252
-0.715448078339
-0.516043148947
0.119727731587
0.83883105935
1.24681156754
1.13374900827
0.597027985719
-0.0108723736087
-0.285792156169
-0.0177200458005
0.657965194592
1.2954722001
1.35454212587
0.49374504515
-1.2101631008
-3.23815376876
-4.82680061829
-5.30247053594
-4.3935024188
-2.3673022309
0.0783576024686
2.12126081951
3.17264450438
3.11653581979
2.31918285642
1.41139326702
0.958368898807
1.1848227056
1.89128256721
2.59720293693
2.82921501924
2.39851225649
1.5179797695
0.693871070627
0.445554682795
0.999204899994
2.11952495093
3.17735425491
3.43284799891
2.40291304974
0.133719855476
-2.76081711832
-5.32446604888
-6.65245152128
-6.27719581432
-4.37218777974
-1.68404589484
0.77294420065
2.1203844567
1.94039909878
0.388999671989
-1.1405041732834604
-2.6840277363682645
-3.6439227166966788
-3.777151838753568
-3.2080691307246525
-2.281552379594004
-1.350598009115643
-0.6091155176879539
-0.0417100001338
-0.326824993957
-0.466832418061
-0.399756794654
-0.19764649012
-0.0120167405168
0.0253636832057
-0.116651622158
-0.352794185781
-0.536042758356
-0.546795675503
-0.362724740693
-0.0697083737393
0.189445267745
0.295465260864
0.213988782011
0.00332792853297
-0.232230193112
-0.411482407347
-0.523014334894
-0.619925490699
-0.76648528294
-0.97225968732
-1.15946219687
-1.19099752592
-0.949718272097
-0.425269846884
0.245557207023
0.817779524511
1.04639001118
0.812410559962
0.199700013053
-0.524152018713
-1.02172618852
-1.04284166477
-0.547293107396
0.270316485487
1.06929124587
1.52312287811
1.47222997777
0.993389890061
0.352657098338
-0.131785818316
-0.245049099287
0.0297525905031
0.522082007127
0.977414936165
1.19252860033
1.10780862934
0.809632088659
0.449292338501
0.133344175995
-0.144142657108
-0.483445784306
-0.984962946733
-1.6385330504
-2.27175215918
-2.60292329271
-2.38342850559
-1.55621587436
-0.336491076136
0.846632634245
1.53644232847
1.47730227797
0.76551793742
-0.169023723355
-0.759453722764
-0.589978734964
0.36952157514
1.71281253231
2.77527357369
2.96794233214
2.10579077769
0.556567209314
-0.885469984
-1.36246353381
-0.388963265133
1.85362535864
4.52471753258
6.45611972003
6.67032510711
4.84755096986
1.5140638643
-2.15340680799
-4.83322514158
-5.6493823029
-4.57329217898
-2.44348940593
-0.58426996314
-0.191635715863
-1.76640477806
-4.85634983804
-8.22917690377
-10.4012995558
-10.2855775676
-7.66919752143
-3.31307744854
1.36303454685
4.86182247049
6.19741217245
5.24306829779
2.70788861135
-0.218359514013
-2.37424299063
-3.06280177691
-2.24374931271
-0.435482828018
1.58915051035
3.15355553523
3.92095818801
3.95105212601
3.58667493373
3.25766040153
3.30369844153
3.88082628682
4.95702015219
6.35792814972
7.81626037607
9.0043918785
9.56512349626
9.17189235713
7.63292235983
5.01327320362
1.71200270711
-1.57260881757
-4.01726462748
-4.94645331376
-4.10113271325
-1.78179257215
1.2143607699
3.85537410347
5.23666888584
4.89337075521
2.93155303748
-0.070848870089
-3.3363087421
-6.19811703599
-8.30387095042
-9.62992274528
-10.3276953612
-10.5116535398
-10.1259731698
-8.9772764019
-6.92006032287
-4.08405656326
-0.993462195478
1.5275281192
2.65861022677
1.97207763099
-0.284888594465
-3.17830456941
-5.39454573106
-5.76356534711
-3.78015188982
0.113940188859
4.63236311203
8.1116772608
9.16111122175
7.22513809735
2.82093434202
-1.97927059989388
-6.098735249159006
-8.10275381379931
-7.386926265099177
-4.352374416170235
-0.19120174897163622
3.6055746761526137
5.803980848376696
5.829210025888344
3.881866395124689
0.7654569565444262
-2.4653716679139848
-4.876291150912223
-5.908753919297524
-5.458323235205711
-3.7975436442436603
-1.4174722176168473
1.1326503140519009
3.3600243361945275
4.892080656025286
5.510746274398187
5.177428231802978
4.048310576458647
2.459430188790776
0.8596976651606667
-0.307904990324
-1.41584797257
-1.73486945109
-1.46224519441
-0.957422517524
-0.580547779754
-0.533170199469
-0.776519029504
-1.06816977462
-1.10063759526
-0.674155321806
0.18264389568
1.20574183331
2.00791890402
2.25621873902
1.82836466824
0.872656799703
-0.255840171113
-1.14926511882
-1.51525168048
-1.28068766058
-0.588421531558
0.300065441715
1.13760741759
1.78918720597
2.24934085856
2.58152625972
2.82513268948
2.93135939014
2.7695337477
2.20254172975
1.18833380622
-0.15274785168
-1.54833391893
-2.66422357245
-3.23330063349
-3.16051742775
-2.55300125833
-1.66267678804
-0.772862211984
-0.0865101869283
0.33123807559
0.535809171151
0.63179828665
0.694699603675
0.731503203582
0.698279807148
0.556237556809
0.323999523619
0.0871252807288
-0.0457704195043
-0.0146362449113
0.140179999008
0.286133152821
0.27278705849
0.0358846062042
-0.330567830374
-0.586971394138
-0.456162059402
0.217322826607
1.33815366327
2.53938073527
3.30107161891
3.16983964134
1.98298526826
-0.0130507647481
-2.21933185593
-3.90620367962
-4.50970190126
-3.87057243769
-2.30412323636
-0.464064500594
0.941314030658
1.45239383594
1.04243067973
0.0995313125266
-0.781861145585
-1.09906069698
-0.687144184356
0.2019660487
1.02137041551
1.19071761566
0.372025785234
-0.8267767855670485
-2.501049809448446
-4.015033620644019
-4.809087774824846
-4.6172124474960725
-3.545181179901874
-1.9885866499805047
-0.4447312963430221
0.6855024766077236
1.2176296074117232
1.1868688019989548
0.7588317220862137
0.11400664411469563
-0.625536842093382
-1.394512463813598
-2.125874957990206
-2.68947925827
-3.41162542111
-3.55510769629
-3.01632785801
-1.89276985731
-0.499218353604
0.72269510264
1.37302324685
1.26616238876
0.523664597819
-0.464147854846
-1.19852923146
-1.28637916074
-0.611881803503
0.612783537882
1.94089872884
2.88567898585
3.12692227231
2.63749087698
1.67673876113
0.660573275128
-0.0267539950336
-0.191515195835
0.10830055622
0.618189588186
1.02279669352
1.09255250457
0.773648433796
0.187212054464
-0.450072717223
-0.935947631859
-1.16658277065
-1.1581374084
-1.00548451345
-0.809965613985
-0.620295557158
-0.418341629622
-0.152976470146
0.203026316542
0.610709339693
0.965696467068
1.14507836416
1.0761799182
0.788677252174
0.418140509935
0.153413302517
0.149844931505
0.449984232193
0.952563757805
1.44917841859
1.71593293307
1.61981201762
1.18997032001
0.61764084861
0.179391584585
0.11339088381
0.501563988169
1.21133773383
1.92794351088
2.27091977114
1.95183530022
0.909741292125
-0.634341135531
-2.2332853403
-3.36637288918
-3.63457244093
-2.92373345642
-1.46859363381
0.214420252828
1.50754492227
1.92115307851
1.28509515973
-0.175070790124
-1.91231467296
-3.26022468981
-3.68866563186
-3.01467586083
-1.48492465493
0.305094170958
1.62586693693
1.88011592497
0.817720149615
-0.09798606336123328
-1.61946383190039
-3.062790161639839
-3.830211912344609
-3.59375435065
-3.59972257996
-2.88394591014
-1.84251791078
-0.831359717267
-0.0627716387986
0.409346735398
0.630438378816
0.660795933283
0.519049124992
0.183256661659
-0.358759403628
-1.04897172991
-1.73448537552
-2.20388997789
-2.27349407335
-1.88062222627
-1.13222256472
-0.276758813402
0.393921876985
0.668663602745
0.507102671068
0.0508479397227
-0.450388127769
-0.760981633969
-0.76868298647
-0.526720218175
-0.209550290409
-0.00812135472414
-0.0217842449622
-0.204895589108
-0.396092223025
-0.41313544525
-0.160294448579
0.3120106558
0.829853826909
1.19007759813
1.27520454356
1.12475773625
0.920634511065
0.890250968028
1.17703355322
1.74840344127
2.39450050763
2.82422947796
2.81284474235
2.32521934682
1.54818602519
0.810456167096
0.426905620399
0.544990322749
1.07246686271
1.72547708211
2.17435655845
2.2131422942
1.86498061394
1.36761937651
1.04512654573
1.13194894202
1.64175826562
2.35159898856
2.91217347435
3.02837608807
2.61557244943
1.84775740696
1.06923850944
0.613640090087
0.624979542978
0.977613029996
1.342271967
1.36868010262
0.890973313383
0.0448186170656
-0.774114167838
-1.10061203998
-0.65017329732
0.497673816797
1.88419857348
2.84713754124
2.81573223781
1.5902993368
-0.528530866608
-2.83040260484
-4.4743469258
-4.8366139637
-3.77354303197
-1.68288940236
0.662373187167
2.43232760901
3.06987745942
2.49156593088
1.0820572749
-0.500837343132
-1.61295055388
-1.87351254391
-1.27800057726
-0.145108133212
1.054980881
1.89847187039
2.14298728257
1.75582056533
0.851037476305
-0.406634258916
-1.86793595719
-3.40258961943
-4.85370414162
-5.99109931259
-6.51504081134
-6.13279739147
-4.68532364899
-2.2654406832
0.737595739599
3.70454712359
5.95220127966
6.94122877536
6.44689225708
4.62715412972
1.96417340271
-0.894979812823
-3.33638555176
-4.94567253421
-5.59202627448
-5.41506410114
-4.73506674673
-3.92792520324
-3.30802910238
-3.04969029084
-3.15977655377
-3.49910755319
-3.84104304952
-3.95105739678
-3.66795805376
-2.96495431012
-1.96965365146
-0.930265566108
-0.132166644487
0.209848699998
0.0424095286165
-0.494119297834
-1.11381589687
-1.50157290922
-1.45119930174
-0.962293468745
-0.245380417538
0.375939850409
0.627415139385
0.436493668928
-0.00302788573927
-0.296419937804
-0.0260705659082
1.03228199125
2.75566124696
4.66284323833
6.06699922406
6.33909075106
5.17535812593
2.75421531611
-0.289214316878
-3.06713581924
-4.74325791713
-4.81801444923
-3.28634367817
-0.615126481314
2.43825628091
5.08491943885
6.73892339567
7.1485348382
6.39807315767
4.80873624123
2.79911642187
0.765390328524
-0.985931090026
-2.25463322707
-2.93775642358
-3.02101823935
-2.58011494692
-1.78081736608
-0.857645080137
-0.0600464959862
0.42296760422
0.528241640475
0.337942445429
0.0343573053897
0.6709381509650285
1.4638134764603592
2.3343604148560786
3.061561905156637
3.3810082360455453
3.120549999950086
2.308405027215315
1.1985289163798
0.195048118401
-1.22706549155
-1.88018266096
-1.75394134819
-1.07471760371
-0.201951997428
0.521160447896
0.894496493503
0.911588600563
0.719154673251
0.514302423558
0.434917498211
0.49676628802
0.603017113212
0.613766167424
0.43438347368
0.0756090347892
-0.343665043212
-0.649200696713
-0.691074881363
-0.411278408181
0.129917696793
0.775755920655
1.32802091986
1.6096995014
1.51322059603
1.024671438
0.226310494707
-0.716023881868
-1.57777637755
-2.11570504633
-2.12580121001
-1.51221862122
-0.345608531511
1.12014636437
2.49764560015
3.38256494661
3.50352462204
2.84513353911
1.68227916192
0.493482679562
-0.226713178521
-0.184800350713
0.561213665963
1.59503985874
2.29767208716
2.10994223713
0.791836087784
-1.43917637107
-3.96127667696
-5.98009530036
-6.84448248253
-6.30988392966
-4.63278399525
-2.4537269831
-0.521310390679
0.618829928669
0.831439408222
0.406372436547
-0.118241620059
-0.235037374741
0.285370849698
1.29372700811
2.34986379665
2.94998534432
2.77979531194
1.87094189546
0.588056518236
-0.543515915338
-1.08399471121
-0.882123451829
-0.142134105025
0.670864800561
1.03698042767
0.600993160271
0.8425236386940327
0.4706626837438961
-0.09444833831665278
-0.43475199208823767
-0.2841260485609922
0.409794094237
0.00385973243041
-0.184281205801
-0.328527471213
-0.515725697744
-0.746247917297
-0.976066788482
-1.16346121561
-1.2900146962
-1.34956609389
-1.32359734254
-1.17125587035
-0.850964117757
-0.365834486386
0.19695657186
0.666953394773
0.847084608641
0.609630863187
-0.0132795384821
-0.796257116202
-1.37478568894
-1.37672121462
-0.580633251725
0.968484407967
2.94198589214
4.82344219938
6.08241219346
6.35626938944
5.56724236439
3.9315104021
1.86477670265
-0.168697734375
-1.79851698127
-2.82977602554
-3.24632572393
-3.15554359281
-2.71586858939
-2.08496461213
-1.4034033183
-0.801631793574
-0.403274312632
-0.30382722524
-0.526097935292
-0.977844209974
-1.44690257222
-1.65635856815
-1.37170005937
-0.519144749388
0.741937939071
2.03798638869
2.90007190007
2.9446726764
2.04472182773
0.415495035549
-1.42992400327
-2.84856842989
-3.29978862689
-2.55341250712
-0.792019801639
1.43495697558
3.39133472976
4.40423898666
4.09482795815
2.50888337276
0.10355743731
-2.40275328702
-4.26458063565
-4.94870706417
-4.30046739314
-2.58441780742
-0.388052214326
1.57862172693
2.72102986478
2.75574462101
1.79667029391
0.300160187633
-1.11350776525
-1.89873207898
-1.79382892014
-0.918171891368
0.285216377787
1.24302280198
1.50411627762
0.944307243622
-0.16917370896
-1.28967924518
-1.83896337782
-1.48600638567
-0.331069003286
1.09562984052
2.03215840067
1.80240202418
0.116754158998
0.17420438879997846
-0.2721816685197638
-0.32735848203
-2.23484973162
-2.7329297768
-2.06255035141
-0.848485496147
0.202961889407
0.622121365251
0.363564521602
-0.21872095481
-0.588077979493
-0.32234061541
0.656032870033
2.02841870101
3.22925542642
3.71958952799
3.24895318687
1.97770612388
0.402597596984
-0.874490668914
-1.41935067906
-1.14783435465
-0.334578263443
0.546988642599
1.06586360163
1.03264675466
0.560857043013
-0.0307753454625
-0.413945974149
-0.435790364253
-0.195405233436
0.0245197804587
-0.0713166340569
-0.613549964737
-1.48225153093
-2.35900942938
-2.88811478812
-2.85880472281
-2.30931908729
-1.49619393237
-0.745761833338
-0.269667734401
-0.0472043796678
0.157494952844
0.648067378728
1.59523984754
2.89274745938
4.1547918095
4.8686919773
4.6349712025
3.37784013518
1.4182470259
-0.634003133767
-2.12476952651
-2.62513033755
-2.10135108983
-0.908456344841
0.38476773533
1.25222891586
1.42630696603
0.976148911951
0.222980699665
-0.452717422958
-0.808218170648
-0.841110866201
-0.753426510424
-0.807326902878
-1.15706476154
-1.75002702555
-2.34886727593
-2.66005861206
-2.49733039442
-1.89083811525
-1.08271071121
-0.410104460895
-0.135880456315
-0.313983552361
-0.758384603374
-1.13150558793
-1.10825248053
-0.535498109977
0.488677654585
1.65055814366
2.55021539951
2.86202306361
2.45469957743
1.4248701766
0.0420486962084
-0.8611516570323801
-1.4878232369853777
-1.6528775590408173
-1.2975335617013428
-0.471700292907272
0.6929152224674908
2.0026315549857117
3.2171753941208294
4.076717832145135
4.3538339800239925
3.9251968918120212
2.835690333591131
1.3178027520103512
-0.25853267644383493
-1.4993069220500814
-2.122245083585625
-2.0563656926981224
-1.4576247242418674
-0.63014022379
-0.33929975851
-0.325325855879
-0.592942757595
-0.991978374942
-1.32324024134
-1.45780936046
-1.40340793406
-1.28226677023
-1.23601979095
-1.3164295654
-1.4313095765
-1.38531665789
-1.00023326588
-0.249092817668
0.677631669024
1.42551166845
1.63793751513
1.1512474141
0.119747673625
-1.00736203458
-1.66467497309
-1.43097954167
-0.247585898244
1.51884293336
3.21278042061
4.172695867
4.03137822766
2.88951504663
1.27434748454
-0.102637099374
-0.676378776926
-0.289092629783
0.745234004195
1.80438272698
2.26937357919
1.83058882478
0.637770600386
-0.779306090047
-1.77838553695
-1.92558049926
-1.20846691375
-0.0352510510852
0.977874013201
1.3220616266
0.853164071927
-0.139519953072
-1.08732831269
-1.43959969513
-0.951502301105
0.185874859586
1.4410386092
2.21571083846
2.15720680725
1.34873127114
0.276901100676
-0.412325451184
-0.250605440299
0.790851417476
2.24829037356
3.35471525172
3.3871761144
2.01058630212
-0.542823582181
-3.54223541674
-6.0436336803
-7.26245169787
-6.86928262169
-5.08652370155
-2.55923284176
-0.07456842958
1.73657463555
2.58911419798
2.56200886145
1.96804393974
1.16172851568
0.385508657608
0.122480836719987
-0.06963160793065981
-0.2456710134821236
-0.4020975531118154
-0.46787922344691424
-0.35974100253629615
-0.0574684165466266
0.35670644592671863
0.7267904453097458
0.9079581688688023
0.8584048271986546
0.6803734933159831
0.578924087562
0.312479782531
0.397378125462
0.721251617509
1.01880918363
0.994520062792
0.475793517205
-0.481050281827
-1.58984294958
-2.44590736816
-2.70107768314
-2.22112898965
-1.15149774732
0.139456063677
1.21260703891
1.73499975199
1.60228428827
0.95648963905
0.0999210279644
-0.647031423953
-1.07557105314
-1.15025342096
-0.985135925212
-0.758186222264
-0.612718491543
-0.592915626696
-0.636742942639
-0.618869370288
-0.415047193622
0.0433668375452
0.74296655502
1.59008369321
2.42966189266
3.07075297015
3.31689268374
3.0066847445
2.06709014975
0.568678611871
-1.2430354929
-2.97043631062
-4.15631416891
-4.43014462155
-3.658487116
-2.03302710037
-0.0436060239655
1.67282456969
2.56032765872
2.36024994995
1.22170923466
-0.349024386079
-1.68789453903
-2.24209885763
-1.7955721461
-0.553617332927
0.950326342039
2.08512792581
2.3894973941
1.76228441835
0.497944811044
-0.84099198275
-1.65325852797
-1.53067307818
-0.401020182505
1.463289933
3.55651454244
5.31210161814
6.26611459517
6.16180389591
4.98179690426
2.92463244784
0.352457930915
-2.27292930028
-4.46480415936
-5.80292368639
-6.03693052119
-5.17510908532
-3.51551566819
-1.5827833788
0.0321202425982
0.882875374738
0.844837391191
0.170935090588
-0.617734063243
-0.976683027666
-0.61705462582
0.312872354396
1.24402633309
1.41580802773
0.231074762424
-1.6897675366746796
-4.565861081790686
-7.39986626767957
-9.07603864812991
-8.810752493585753
-6.490926324244384
-2.7472199698798647
1.277229502287966
4.367417085988478
5.698783530363642
5.126121608678318
3.1846964698709286
0.8195592149212274
-1.02257338306
-2.47137086153
-2.73806084142
-2.18731251308
-1.36035283724
-0.687312244383
-0.31296465888
-0.106306436138
0.177171113572
0.688880211766
1.35901273406
1.91737548855
2.04580949205
1.57030717472
0.579893474268
-0.598073282866
-1.55492448269
-2.00377021496
-1.91563795707
-1.51216187725
-1.11832008785
-0.958208234095
-1.01147649611
-1.01739422053
-0.632610103453
0.339311231667
1.7751443552
3.22236578238
4.07664174613
3.86979218611
2.52580469315
0.448413186604
-1.61825931798
-2.90201103958
-2.94377915785
-1.80326771068
-0.02636892036
1.61319741886
2.4743960021
2.33671152801
1.4759462791
0.493890397724
-0.00947751606657
0.246006719489
1.07444900582
1.92446798058
2.17654824962
1.48664770966
0.00020064798386
-1.67654433619
-2.74109259598
-2.57108026437
-1.03161331122
1.43559688869
3.98630668329
5.73073266906
6.10769122231
5.10491405757
3.23031473991
1.25723183487
-0.130233749539
-0.625980250685
-0.398504579313
0.0349365237525
0.0829666602872
-0.632553451842
-2.10714773373
-3.96768835475
-5.64569930689
-6.61694604505
-6.59600606068
-5.60999231399
-3.94131613185
-1.98969966804
-0.129938242613
1.37370791116
2.37851059421
2.82489763418
2.69396291864
1.99528251764
0.788593127096
-0.3660389869694427
-1.66727643188905
-2.854682829239266
-3.7075041783438394
-4.120316548716332
-4.135056667138201
-3.909640008557929
-3.637688178321966
-3.461153358573341
-3.421371288438422
-3.4714260820266105
-3.5364474228267113
-3.5798696916092183
-3.6302150113642
-3.7477475265264104
-3.949717070939144
-4.14365160551
-4.48309491977
-4.35559321327
-3.60132651543
-2.27270176256
-0.674678837003
0.715900874732
1.43203889416
1.22359534552
0.191586234738
-1.2223780328
-2.39936030883
-2.79432951412
-2.16559466265
-0.678607848434
1.16417581103
2.73655648547
3.54926526248
3.44268225447
2.63041089877
1.58293802675
0.812590594407
0.66048644892
1.17652696726
2.13290151411
3.14765707573
3.84953885406
4.00831014565
3.58460272638
2.69982995402
1.56329441858
0.402454543497
-0.576694616074
-1.2027523876
-1.3495826
-0.965223125189
-0.11573199591
0.986258911793
2.00708738276
2.58985825882
2.50057206637
1.75881973068
0.678251110014
-0.226867962834
-0.449408414417
0.273036829678
1.80542917498
3.63570132457
5.07990533895
5.59117198322
5.03007709654
3.75888346337
2.49732383991
1.99090656063
2.63968318009
4.26583566668
6.14253514978
7.28691084109
6.89254843788
4.70429576175
1.15831179365
-2.78337022792
-6.03150226523
-7.81855144389
-7.99106495913
-7.01413722048
-5.69523388439
-4.76857866477
-4.5449600943
-4.79434648133
-4.90963831572
-4.25934093497
-2.54530105595
0.0159106522581
2.77563703393
4.95139809501
5.98399644025
5.77098484058
4.66293920979
3.23544870364
1.96710121244
1.00051114958
0.115328933166
-1.07512891669
-2.81613637308
-4.96974947295
-6.98533486694
-8.11743080383
-7.79134589496
-5.93027114039
-3.06656789404
-0.16282376351
1.78556226054
2.17981852114
1.0699343692
-0.896584874227
-2.80605959741
-3.92621897776
-4.046295318
-3.53873413463
-3.11219005725
-3.38361138493
-4.49262207031
-5.96438125738
-6.90422585412
-6.43902973395
-4.19066152088
-0.54225203778
3.44744200531
6.45753692901
7.4619092554
6.1719908059
3.15885280512
-0.401639996219
-3.23992459407
-4.52163011982
-4.15325270537
-2.73563330674
-1.20657533256
-0.359029112211
-0.471770440257
-1.22385523178
-1.9180284055
-1.88567269843
-0.861692177818
0.859114148935
2.55723576371
3.44068383073
3.03402576237
1.41088974506
-0.840507331123
-2.89468685895
-4.06703295886
-4.10699085122
-3.26996147399
-2.14582900365
-1.34217744412
-1.18647572305
-1.59330640545
-2.15276474082
-2.38232304361
-2.00452035694
-1.10530785989
-0.0936039948902
0.514078263352
0.37207408904
-0.494351477618
-1.66747975387
-2.50537969863
-2.41978688177
-1.13412166943
1.19370548886
4.03178918186
6.68100384653
8.52940328761
9.24430941813
8.83180483913
7.56019252936
5.80376165455
3.88879676638
2.00770188399
0.222950508346
-1.2103305169577965
-2.5244846029045505
-3.6306678641491175
-4.382339130941645
-4.630224925532019
-4.291004884254193
-3.3967521311973883
-2.1065774101642347
-0.680643192736639
0.5711272397818874
1.351604991677661
1.440751939511756
0.7550422230193305
-0.6080814569824042
-2.358102181985899
-4.05155465703
-5.5548576396
-6.10743009938
-5.55326704693
-4.06577469897
-2.12103431906
-0.346926749086
0.707253435273
0.790760594891
0.0619750248112
-0.971238735337
-1.66915654244
-1.54766901323
-0.506400619011
1.11377166411
2.68126596562
3.57195696232
3.47898908332
2.58418387517
1.49946219484
0.993483259845
1.62397907259
3.4481223778
5.95354782779
8.2522322572
9.45470016916
9.05327646665
7.1351534346
4.32520821365
1.48810513415
-0.663670371566
-1.86313962729
-2.34054088059
-2.61330219615
-3.12985938989
-3.96253627316
-4.72518635919
-4.77817572952
-3.63008904473
-1.32902753275
1.38090072508
3.26405219723
3.11174560708
0.360607635407
-4.48145290809
-9.83713387318
-13.5498227168
-13.7024190837
-9.44037327371
-1.44366223877
8.18194619604
16.5898924306
21.205676472
20.6717291704
15.3444503367
7.13983198731
-1.21206264845
-7.20320074855
-9.45837489097
-8.1623226115
-4.84928025617
-1.66482868854
-0.42180386331
-1.84528820354
-5.30983220583
-9.15844068525
-11.4501318012
-10.8123391747
-7.04338729131
-1.22550193473
4.68343181739
8.59993244854
9.09850203799
5.92146244318
0.0309081043632
-0.4920430425474791
-0.0247511869425
-3.46022946235
-4.08638741159
-2.47040060353
0.152284175933
2.41357138255
3.3332111936
2.6303453531
0.732258428423
-1.48767483676
-3.11060397154
-3.54076983984
-2.70334265492
-1.01511583971
0.83333112879
2.17620425188
2.62499687344
2.18123439507
1.18214305684
0.121503277532
-0.567361738899
-0.6748437656
-0.265716433506
0.388831215434
0.954744290866
1.18547625346
1.01606986593
0.568937878516
0.080031995042
-0.213835949685
-0.174856216417
0.18804122724
0.735503539697
1.26153388837
1.57122299781
1.53956581456
1.13379540068
0.402118658168
-0.553547708349
-1.60103539027
-2.58760361227
-3.34074425457
-3.67545013599
-3.42249597444
-2.47993914947
-0.872576399088
1.20857300345
3.41430366395
5.30485691588
6.46435823181
6.62607354369
5.76230434105
4.10162868456
2.06181936421
0.11905856208
-1.34046289463
-2.13276366745
-2.31190055695
-2.11868464997
-1.86496754174
-1.80014039172
-2.0118202582
-2.39796714317
-2.71935165117
-2.71068866299
-2.20729157736
-1.23902155655
-0.0554368829427
0.929767094251
1.25937498308
0.580705039616
2.3063612825880853
3.081484130446981
3.36014776283
0.0128542155124
-2.58128130071
-3.96555976166
-3.9827431732
-2.81694343098
-0.931634310504
1.07836576186
2.67239805115
3.52307106988
3.59261220571
3.09983012415
2.39307889228
1.78269248221
1.40415335887
1.17158088789
0.842883167466
0.168115477602
-0.947271156067
-2.34375762137
-3.62840214755
-4.31767602128
-4.04821951716
-2.76472696217
-0.796498379383
1.22301809489
2.57294378422
2.71573913994
1.51122930556
1.2379875547148202
0.6085285310599602
0.383795842224
-0.503124704659
-0.264099956418
0.812399238084
2.12981192682
3.039650459
3.10591156392
2.26853350319
0.843700898096
-0.629440285345
-1.6218402491
-1.82460411857
-1.2505402069
-0.194875197555
0.913963015667
1.69825646634
1.96739399175
1.75501789297
1.25584208209
0.706546056631
0.274585040895
0.0054827007134
-0.157016985965
-0.302387838002
-0.482338314777
-0.67815025079
-0.820207679596
-0.841367643576
-0.726512904594
-0.524553061075
-0.313364948898
-0.138356744014
0.0361825644494
0.328240049356
0.882824915102
1.78471394061
2.98576165367
4.2908958117
5.4193701719
6.11852083399
6.27678618262
5.97825317901
5.46676641367
5.03209825101
4.87164221254
4.99687379083
5.23463065641
5.32693998275
5.0820108358
4.49919207436
3.79877991603
3.33171650355
3.40420029642
4.09870433254
5.18178648902
6.15380696922
6.4311868869
5.58807271085
3.55197336862
0.663729589762
-2.42990707296
-5.00894822658
-6.54033575289
-6.85637391556
-6.18011027275
-4.99564612583
-3.82946200067
-3.04422750187
-2.73377321077
-2.75468827536
-2.86316952337
-2.87781138081
-2.78236956407
-2.71875024767
-2.88010627952
-3.36649659857
-4.08488157585
-4.75220735264
-5.00717119171
-4.57996988417
-3.43808110974
-1.83527206517
-0.235785421731
0.856127685938
1.08770039637
0.388174380771
-1.01414797439
-2.68896241013
-4.16694010936
-5.09709774893
-5.33792485186
-4.95832854307
-4.16676401068
-3.21386438393
-2.31440925554
-1.61232053325
-1.18288151341
-1.04723781114
-1.17549526506
-1.47343979585
-1.77035725857
-1.8355327294
-1.44007670283
-0.453134102356
1.06712065918
2.83870039899
4.41199260068
5.31219436436
5.2187494926
4.10623916803
2.27920276978
0.275421731718
-1.32958600295
-2.13719368338
-2.06770957765
-1.36852609631
-0.486868274087
0.133044385115
0.235136966672
-0.163680432551
-0.821795082614
-1.4224985838
-1.74525506118
-1.77120769554
-1.67131445912
-1.68671403298
-1.96674935892
-2.45249244493
-2.87133315288
-2.85228005355
-2.10992563908
-0.60828218947
1.37775846055
3.3387887985
4.71620333143
5.11679377734
4.46367905192
3.0203929437
1.28254469371
-0.210984735503
-1.06444811971
-1.13471378726
-0.530141416743
0.483112506259
1.61179126475
2.64038378342
3.47017720961
4.09093921124
4.51673509439
4.72945179554
4.66143274097
4.22188816359
3.34657123785
2.03994028569
0.387272071529
-1.46615868865
-3.35342793803
-5.12005544597
-6.63992377386
-7.81454128429
-8.56917735269
-8.85979190848
-8.69330838174
-8.14865375775
-7.37821053325
-6.57584121896
-5.91631518661
-5.4911187134
-5.27410430948
-5.13974801396
-4.93051268
-4.54169422493
-3.97881271926
-3.35391506862
-2.81936617235
-2.4742503365
-2.29831747957
-2.15782540584
-1.88923564604
-1.4196994988
-0.85418665366
-0.467429236127
-0.584935192973
-1.39992519858
-2.81876613093
-4.42806370687
-5.62530519505
-5.87286356431
-4.96283037377
-3.15777346967
-1.11834112035
0.373255739386
0.779660683394
0.0918905209583
-1.11981513125
-1.93656842021
-1.5164010784
0.475924451108
3.64418241416
6.96703988393
9.20993239791
9.46705330111
7.58382316844
4.25279649473
0.72153242288
-1.76568483231
-2.53645820348
-1.79647522138
-0.514560997454
0.0760953963645
-0.864138085659
-3.27731129611
-6.11377713312
-7.72284122546
-6.57858749843
-2.02723749835
5.28319744209
13.5020345937
20.1883682667
23.1976658895
21.482537134
15.4831413875
6.95686823121
-1.66930062734
-8.15035337884
-11.1393109727
-10.508019476
-7.19450824206
-2.69647565723
1.54225774608
4.59676665636
6.22264804698
6.71228015664
6.57424885858
6.21701094972
5.77971571341
5.15565674846
4.15235536817
2.67625040693
0.839414253569
-1.05504319879
-2.62194837072
-3.52787172261
-3.58332164681
-2.76580564057
-1.19204702871
0.918938240432
3.26131346927
5.44027538586
6.98737791573
7.43194977469
6.43639677093
3.954386751
0.334757777945
-3.70279832408
-7.24565405953
-9.47170303788
-9.92961330063
-8.69407505641
-6.32109284914
-3.61628640261
-1.31614460877
0.175891428953
0.882750537454
1.14369868948
1.36738004987
1.77978074686
2.29719030564
2.58608136137
2.27245983495
1.1842661259
-0.50692413362
-2.32518930247
-3.69459879125
-4.20439921374
-3.79741743957
-2.78354622453
-1.6720933739
-0.912484666539
-0.681172295577
-0.827223494546
-1.0027656285
-0.903016040192
-0.478779975178
0.00343119904663
0.0968439169475
-0.560085194746
-1.99109928796
-3.78829452856
-5.24616399469
-5.67413320608
-4.73903020772
-2.66264790371
-0.163284319018
1.84546583512
2.66230511793
2.11735472548
0.645938096357
-0.922104826104
-1.75709727365
-1.41637717191
-0.0351457314128
1.76910330326
3.22577470166
3.80464585299
3.47349165885
2.69047446234
2.13840117385
2.34074546899
3.36061513073
4.74201157834
5.72868166139
5.65257114028
4.29447060627
2.02996058749
-0.320311782172
-1.86864174908
-2.08311947295
-1.04680426054
0.57637546506
1.85482835931
2.03041248737
0.873932711572
-0.5036302726586683
-1.9891368242418537
-2.7325366792209707
-2.2638158139029656
-0.7078550014287259
1.288152776430465
2.8716183967775066
3.387500596389188
2.6742129420693317
1.1189188491711377
-0.5405147102311645
-1.5590135748
-2.30079819227
-1.99699857008
-1.06324979345
-0.0631640591396
0.564352218972
0.676758062387
0.42869755217
0.125753627855
0.0272221577649
0.209235294116
0.554287495393
0.856309185707
0.966010411522
0.884151164126
0.747757882257
0.722501637325
0.873154793067
1.09900207579
1.18326282309
0.936209486785
0.350517517052
-0.329294614272
-0.68136717441
-0.305313289164
0.948243671205
2.83978402737
4.78152919836
6.05820264469
6.13632505493
4.91757687161
2.80884299235
0.563622028294
-1.0416934112
-1.55066410007
-1.02822577731
-0.0226332642196
0.699053280153
0.521858515164
-0.711753957387
-2.60554012547
-4.37008915857
-5.17053374097
-4.50625648821
-2.4535739585
0.33531264452
2.87552158006
4.22909996443
3.86126006962
1.83066405355
-1.25236234718
-4.46743566092
-6.91691203112
-8.01702135099
-7.64664925983
-6.12092461959
-4.02696730981
-2.00242075289
-0.541088621222
0.118933094795
0.0110474826598
-0.619700546709
-1.4169328754
-2.0216504697
-2.16829739962
-1.755336018
-0.878811175673
0.183959041105
1.04900030973
1.35140016116
0.891074136928
-0.253011168384
-1.69479476424
-2.83123137359
-3.03838642074
-1.91262988034
0.534530012906
3.81426504371
7.07339308956
9.35752131216
9.93568474443
8.56594082396
5.59729645246
1.86292944529
-1.60022628021
-3.90245701513
-4.59199432658
-3.77880750051
-2.05087966224
-0.223336676644
0.976193105426
1.16236656269
0.392813956118
0.31469757633287543
0.2596503216671806
0.6716821567479627
1.6911053375228562
3.112800811604643
4.501770812355218
5.410995846208323
5.60447428896326
5.187465204842141
4.58621552472
2.66111695965
1.63522958009
1.71226250487
2.7029075546
4.08867458213
5.22096890377
5.57251931557
4.93543506321
3.48303826021
1.67199845818
0.0314749057471
-1.06443303781
-1.53863653293
-1.60639988248
-1.63329453983
-1.93138627935
-2.59952243424
-3.49142730336
-4.32948808302
-4.90365501522
-5.24326583119
-5.65367626349
-6.57223503043
-8.29270366837
-10.6882188612
-13.0871284454
-14.404331064
-13.5197341907
-9.7726958622
-3.36499154772
4.52349699867
11.9988992502
17.0339273601
18.1595321663
14.9989305302
8.42374453924
0.256851415596
-5.361787149086126
-8.745007906254997
-9.180843097942258
-7.094132456016467
-3.7580745785180625
-0.7034549052308137
0.9191879655689092
0.7636517128124325
-0.6579839849236038
-2.283058689529426
-3.00780773732
-3.5963880032
-2.63498688928
-0.754247631939
1.12773220888
2.22262554035
2.19056640967
1.23237502904
-0.0604621296053
-1.00593253763
-1.13395173253
-0.359548651447
1.03177168025
2.5547523746
3.75501772913
4.39095907185
4.49643265544
4.31789805512
4.17592154585
4.3244433796
4.86646268534
5.74598968873
6.79699672136
7.81037594753
8.58551973391
8.95513673086
8.79366957484
8.02752083384
6.65630518701
4.77704216
2.59122828018
0.377734189648
-1.56817311749
-3.00830322538
-3.81528588702
-3.98211095188
-3.58635143414
-2.73369160105
-1.51755185258
-0.021299931709
1.63896937178
3.26376140528
4.55787461786
5.18812163327
4.90451114986
3.67575251723
1.76753806919
-0.293911366092
-1.88215390111
-2.50231225133
-1.9982642859
-0.638113504848
0.972460771115
2.12378347213
2.28805276973
1.33386791604
-0.426468903456
-2.37911494482
-3.87668855391
-4.51105810026
-4.26865136264
-3.50200592952
-2.73781096204
-2.41727815203
-2.6932777958
-3.37731550472
-4.05442777159
-4.30274606355
-3.90648201171
-2.95885851501
-1.80951737946
-0.889012984521
-0.501932535409
-0.691456022883
-1.23794588162
-1.78450953219
-2.01953410555
-1.82146646465
-1.29564801035
-0.692345099687
-0.257374503269
-0.0994833058612
-0.145680776607
-0.205083174013
-0.101209341872
0.205358792207
0.577088214881
0.770052114294
0.580608990256
-0.011601649792
-0.788180111436
-1.36663276288
-1.38104174073
-0.685724111479
0.521541456076
1.72980915406
2.30323707432
1.75635223606
-0.00129368141451
-2.56363287132
-5.1262819218
-6.75785521412
-6.74371392379
-4.86835400145
-1.52437759442
2.39706528336
5.79549439443
7.72405965638
7.69570907811
5.82712340736
2.77738715274
-0.487464259794
-3.01469383162
-4.15777388487
-3.74735325488
-2.09399861892
0.163500131371
2.29974566883
3.74450687406
4.24174285463
3.87783110663
2.98088064315
1.94043841759
1.02511453294
0.274259034903
-0.49134611173
-1.54480903741
-3.06929480576
-4.99902561983
-6.96390247156
-8.37651443492
-8.63991964907
-7.39851850595
-4.72761642922
-1.17408954281
2.38310431674
5.00997297973
6.02948933932
5.24689832964
2.99887266627
0.00823759808078
-2.89401743457
-5.06391431326
-6.23764604135
-6.55157645041
-6.39586883657
-6.18086392754
-6.1293621617
-6.18904190981
-6.09754036042
-5.55827383938
-4.43334739402
-2.85484976234
-1.19859664831
0.0668656435397
0.582341056654
0.253860999203
-0.710789108561
-1.89908242791
-2.87437406888
-3.35239368965
-3.29210212605
-2.8652589771
-2.33057176448
-1.88433919861
-1.56737088285
-1.27463172071
-0.857358042426
-0.25678906046
0.409704852271
0.865759373382
0.798215402458
0.0290780777377
-1.34933036763
-2.95138590611
-4.21311947546
-4.60586484623
-3.85971897795
-2.09768811304
0.183710283426
2.28671131377
3.57075231167
3.69267009618
2.73117258543
1.14632507125
-0.407101120244
-1.33486374781
-1.32444409651
-0.447157295639
0.892863459607
2.13495249714
2.78838611984
2.6192653649
1.72928725074
0.503936787416
-0.541513080409
-0.954169270308
-0.50155786007
0.757332298603
2.50406783622
4.27354916196
5.5998691115
6.1430273832
5.75944670894
4.50551960025
2.58895374035
0.297457275865
-2.06598807611
-4.22471196551
-5.94745196666
-7.05812696014
-7.45108550435
-7.11713192049
-6.17081872455
-4.85841580678
-3.52634279574
-2.54382005432
-2.19584670442
-2.58264477774
-3.56814497177
-4.80694423512
-5.8496092141
-6.29221216908
-5.91343185385
-4.74364449016
-3.03713759726
-1.16046844664
0.55187871531
1.90781790889
2.88347666186
3.55611913518
3.98435513415
4.10648974636
3.72335093812
2.59137482692
0.592679294212
-2.09997204106
-4.95767074797
-7.18889489518
-7.98189738507
-6.81174186194
-3.68509564645
0.791840098172
5.57049766567
9.49653602717
11.7000648297
11.8846509033
10.3978072128
8.05540577421
5.79570397104
4.30971407956
3.80169405376
3.97354808974
4.22716356524
3.98422259465
2.97585318715
1.37441718526
-0.284360463481
-1.34502998958
-1.32635179591
-0.133694523645
1.89858310823
4.14317179168
5.92436826493
6.75997408602
6.50097814616
5.32425969566
3.60259597126
1.72647731442
1.0669891398845124
0.6112833473711135
0.31969500326393074
0.11618146052761347
-0.025233945251130763
-0.04793976048030402
0.15676686116246685
0.6832271405234991
1.55306925901
1.35144289256
1.3061110291
1.30379982496
1.28962639226
1.2790314269
1.32600629757
1.46957413669
1.69341120435
1.92553187638
2.0806823984
2.12129521494
2.09889309173
2.14518428817
2.40774868232
2.95620122606
3.70482759471
4.39583263804
4.66319618838
4.16127998987
2.71109006972
0.404761964263
-2.37879244575
-5.06196667753
-7.03615114142
-7.85422841492
-7.38194294281
-5.8541905692
-3.81279163308
-1.94115143601
-0.84614512818
-0.857785129717
-1.91586578953
-3.58852135728
-5.22563931798
-6.20185520442
-6.16534958987
-5.1958761658
-3.79823311088
-2.7135503326
-2.60359507909
-3.7251891131
-5.73411589667
-7.7237647258
-8.51852461288
-7.13490521944
-3.23854977414
2.59650217713
8.96059227557
14.0231001892
16.156574884
14.5384162632
9.488831838
2.3960654946
-1.0189265840830757
-2.6228144211
-4.7919075318
-4.02724938425
-1.33598448599
1.73789719679
3.77080982974
4.01674010304
2.63764459713
0.52947781061
-1.15511079404
-1.55839706541
-0.493312008529
1.51485167567
3.51902248172
4.61934995196
4.38220310717
3.015522697
1.23063927126
-0.128034596392
-0.497566114902
0.145498946865
1.30134950156
2.21895017773
2.28353387515
1.32894727145
-0.272996083215
-1.7824150984
-2.43250076163
-1.77678425922
0.117902699004
2.71298023493
5.24077386156
7.02389543233
7.72078660852
7.39395739556
6.39042540827
5.11468911167
3.81920731653
2.51705402206
1.05044140421
-0.734476749391
-2.80949921946
-4.8844287095
-6.47380433779
-7.08313652872
-6.42729627275
-4.57774141752
-1.96917379698
0.738570900476
2.88337015809
4.01469865849
4.01482811666
3.08910897105
1.64451245569
0.118432476254
-1.16893559762
-2.08624385128
-2.67380307725
-3.06306035807
-3.37938377161
-3.67285753672
-3.90186378101
-3.96792228867
-3.77932485586
-3.31248990615
-2.64431566325
-1.94207793222
-1.41381750364
-1.23651202186
-1.48792161821
-2.10850078311
-2.91124362546
-3.64100545163
-4.06509502934
-4.06113308351
-3.66439912458
-3.04984329656
-2.45111793177
-2.04975893897
-1.88689587303
-1.84526448931
-1.7188428614
-1.34281922019
-0.71945849048
-0.0672263049593
0.24937190827
-0.106642530612
-1.24329519716
-2.91473418481
-4.55472024672
-5.48079029993
-5.19436522976
-3.64102813568
-1.29556593078
0.993923096651
2.35663592202
2.29618540223
0.946887705045
-0.947999047817
-2.35013400432
-2.40462085244
-0.864854495956
1.74564865705
4.33143379086
5.71244012666
5.18498555467
2.89198063474
-0.185534080224
-2.63178168411
-3.22270788799
-1.48970254721
2.04645866528
6.09086582092
9.14864487139
10.1953680953
9.13020865452
6.7966609872
4.55888848897
3.63380143311
4.49759455127
6.65212068483
8.86548236959
9.77382284402
8.5568053061
5.362129605
1.27302854757
-2.16982150463
-3.66867042405
-2.76324039559
-0.0428971740823
3.11849183726
5.17656649498
5.09248101932
2.76392879918
-0.972241214115
-4.74542166034
-7.25961150607
-7.82039587977
-6.55396663967
-4.25076935997
-1.94438845425
-0.446647024554
-0.0548518820805
-0.539040487009
-1.36859019734
-2.02667196831
-2.24044497292
-2.02634035684
-1.56637141921
-1.0253898204
-0.43966476537
0.252870494019
1.0716010575
1.85249450946
2.22817119867
1.77965710816
0.300218669419
-1.97522359602
-4.33021953736
-5.78846811156
-5.53204487965
-3.33139262544
0.232641938998
3.8972951765
6.18043423775
5.9948929257
3.14318572879
-1.54191932901
-6.49387048242
-10.030985303
-11.0320484781
-9.37350414444
-5.93915274012
-2.20667964261
0.395084684542
1.06728481855
-0.0910761662656
-2.22644564207
-4.19085686323
-5.0854551832
-4.63152557124
-3.21241491907
-1.59718617857
-0.508386396958
-0.259563424935
-0.637270255443
-1.06857087186
-0.969020067701
-0.080822664355
1.37429028582
2.8004362655
3.52963703045
3.16143654556
1.76768484677
-0.136081679632
-1.83128958635
-2.72376094607
-2.59602452148
-1.66807307254
-0.450703770998
0.522014954954
0.941646988663
0.836162786432
0.501403174565
0.305399551168
0.477780953108
0.994864576431
1.61260389715
2.01819210082
2.01048809356
1.60994785044
1.04241412171
0.611977314428
0.537206951517
0.841475079603
1.35492856677
1.82260814477
2.05512074274
2.03620453977
1.92644834122
1.96004282769
2.29044791549
2.86984805184
3.43116599201
3.58894438899
3.01401693861
1.59812605159
0.9043116587110944
-0.016364520539582372
-0.6545056110943079
-0.610652663689
-1.19156599849
-1.07248618076
-0.581289963128
-0.0889253331061
0.140947811945
0.0357473726345
-0.295698768175
-0.648458295316
-0.833483762158
-0.762651615179
-0.473785791667
-0.0952930042317
0.222381939895
0.37118352594
0.317906071954
0.0979048045983
-0.216551018681
-0.550696124646
-0.846460890338
-1.06191002352
-1.15982057644
-1.10003556797
-0.845947542271
-0.384714020914
0.249585207401
0.964651944292
1.62093407942
2.06504042065
2.17516798332
1.90216084561
1.29090879777
0.473828363459
-0.362241875954
-1.02597543953
-1.37377078125
-1.3492582146
-0.998540324884
-0.455906417127
0.0971945863671
0.488882481674
0.612011182493
0.458979821145
0.122487118089
-0.240127001212
-0.467180636451
-0.454717716347
-0.195068066179
0.224652131329
0.66358021719
0.989177071114
1.13171136277
1.10597529206
0.991132071046
0.880716904859
0.830151739908
0.830280748812
0.82117235542
0.737915791005
0.561485788969
0.343619618173
0.188181432829
0.196031936815
0.40265265699
0.744790242195
1.07905238864
1.24778923532
1.16036549827
0.846541001541
0.450722087905
0.166182547522
0.141142343279
0.40554806619
0.857994440861
1.32021157542
1.62880131813
1.71174848892
1.60451947276
1.39516784112
1.13160584871
0.751915014391
0.0919997986833
-1.01613925304
-2.59786268591
-4.42296547013
-6.00639702608
-6.75432624476
-6.2126676662
-4.31156232684
-1.48241855935
1.43109997173
3.45623305684
3.8615936437
2.45618748644
1.4286441290721115
-0.072288211683329
-1.05057561871
-2.50232376158
-2.59385095838
-1.74197113191
-0.677479263363
-0.0764754353364
-0.245332786969
-1.00723495242
-1.83594955218
-2.15940298834
-1.67327666361
-0.504328931151
0.85604348196
1.8074069656
1.947270821
1.2676124324
0.140332601978
-0.895067377824
-1.42222994237
-1.3563240523
-0.955351876328
-0.629370979161
-0.65721439101
-0.976825318277
-1.18047271094
-0.735168920354
0.680882739193
2.91244383734
5.29784564837
6.92706883884
7.08461471286
5.66152442976
3.31217884023
1.24011100255
0.675908103444
2.27296543756
5.70968197587
9.71126844141
12.5191702004
12.625432228
9.45379279823
3.6771306101
-2.9863277328
-8.42553542487
-10.9637015105
-10.0062930134
-6.23632111808
-1.28539000224
2.96062712424
5.10948375349
4.74436405383
2.45564254841
-0.550219827502
-3.05157385459
-4.33308714883
-4.40132104231
-3.83130609066
-3.3615233231
-3.46489787667
-4.11475159872
-4.84890037121
-5.07562203525
-4.4435894712
-3.07281657736
-1.52328314506
-0.517849340699
-0.563754361486
-1.66866696672
-3.29919050976
-4.60839186088
-4.82604800994
-3.62624301759
-1.29863275261
1.35615383268
3.3574328672
3.95031255914
2.9068017661
0.597172171233
-2.18570147855
-4.55803107212
-5.88207807676
-5.96930359627
-5.08202345863
-3.75916243586
-2.56282954558
-1.86222693909
-1.73742683939
-2.02024005698
-2.42669671547
-2.70377998178
-2.72201781683
-2.48484063667
-2.07190593292
-1.56347278941
-0.994080285338
-0.359479733395
0.333732839035
1.01243771719
1.51684795778
1.63965343625
1.21688904313
0.233259376452
-1.10944366426
-2.40353787265
-3.13984992344
-2.87999051571
-1.43762978103
1.00397783006
3.89696516573
6.47478849198
8.00329595266
8.05272865871
6.68507854007
4.47041756313
2.30427906443
1.07729233744
1.31700327244
2.94843592429
5.2865082652
7.28638367777
7.96902659088
6.854723778
4.21791830328
1.03806719153
-1.35637253765
-1.82007341723
0.117167391173
4.01010641032
8.62247256489
12.3763224387
13.9457703431
12.7498058104
9.14139489003
4.22227706801
-0.624545540671
-4.27380682613
-6.23653077936
-6.73067021841
-6.44426689865
-6.13126327404
-6.24544717616
-6.78079504683
-7.36980929392
-7.55735879559
-7.0849119295
-6.02921079626
-4.73161709861
-3.5769092791
-2.76500551575
-2.2189244808
-1.68728148547
-0.977543405156
-0.167438790593
0.35927001541
0.112746270824
-1.14908457735
-3.1068591871
-4.8144294342
-4.98600587854
-2.56094795549
2.69422010971
9.8488237666
16.9517940397
21.6650619021
22.1605268627
17.9054072132
9.97744356317
0.737851945922
-7.0321571479
-11.1823622304
-10.9898618531
-7.3632473637
-2.37555883231
1.65791830503
3.14477343123
1.80389108364
-1.35961812747
-4.64433121549
-6.5050461745
-6.26100527868
-4.34132168749
-1.98257423583
-0.55649642092
-0.872257443203
-2.79240463522
-5.33366946257
-7.18097400578
-7.34554640644
-5.63990641818
-2.74612103085
0.138106911757
1.88437239134
1.9544915418
0.607814235829
-1.28866364703
-2.73142344689
-3.0837809071
-2.35900797817
-1.15307951028
-0.278919728835
-0.302555296217
-1.22379513102
-2.46289495189
-3.15516687913
-2.59998015116
-0.636302634686
2.24211233904
5.08684897808
6.91042693168
7.1164230635
5.74265763351
3.41186287502
1.0258044674
-0.050587645669267545
-0.09006463294998923
0.6834185195615134
1.6598360675979933
2.162215965685405
1.7699933696120382
0.5022372130963646
-1.207614815550059
-2.715354327429381
-3.443897067545876
-3.1121976319177236
-1.8281827065213179
-0.02594892652062697
1.7087658352687924
2.846943784989449
3.0839219737450065
2.421158766090386
1.1528027787037018
-0.2259867203434851
-1.1600885902103784
-1.19312505772
-0.92849461206
0.333738350051
2.13922336124
3.80218708099
4.60797399565
4.06082217684
2.09122747125
-0.86633058153
-3.97763176626
-6.27837126046
-7.01914754551
-5.9523551869
-3.43935888013
-0.324085938185
2.38363055672
3.88810870756
3.89414069705
2.68165685796
0.943347389397
-0.536206906604
-1.21405021211
-0.989472678653
-0.192861002379
0.615861135782
0.932204959974
0.537368888035
-0.03668007875464241
-0.7871723010457288
-1.27999707927
-1.40897727723
-1.03421229579
-0.404996039102
0.151986623776
0.411284346631
0.355279479419
0.159117976407
0.0719035020976
0.265947661911
0.738475101979
1.31703076233
1.76080547535
1.89793923004
1.72133331677
1.39077486023
1.14215680781
1.15573180184
1.45696004325
1.90453041933
2.27164032261
2.37538323499
2.18285935534
1.83522918849
1.57517890583
1.61518237227
2.01584776174
2.63888931426
3.2008225521
3.40188441783
3.06684279335
2.22934410964
1.12080340424
0.0724372908007
-0.619880220015
-0.803920432677
-0.506451193762
0.111536438404
0.848065734828
1.55095450183
2.16336837078
2.70997703068
3.24168324294
3.77550531233
4.26314120991
4.60136600351
4.67296794406
4.39239877888
3.73250264945
2.72401196959
1.43702224406
-0.037777116799
-1.59529374342
-3.11079667028
-4.43705077276
-5.41953698243
-5.93438318206
-5.93607905598
-5.48957369938
-4.76332459771
-3.97731097714
-3.32429262134
-2.89987892229
-2.67626192628
-2.53434940021
-2.33924124038
-2.02050563989
-1.6149560758
-1.2486784982
-1.06737448395
-1.15234783199
-1.46798803886
-1.87020223952
-2.17244216397
-2.23460468936
-2.02753926543
-1.63933821312
-1.22172754966
-0.907813950376
-0.747605787879
-0.696421902904
-0.659879303378
-0.565668995722
-0.416401423946
-0.28924223858
-0.280824586075
-0.431065863868
-0.675774465214
-0.86417792013
-0.839897974218
-0.543328655544
-0.0741328207832
0.33168384893
0.410729841357
0.0171190781499
-0.774360550341
-1.67063039283
-2.28059566236
-2.30187720776
-1.68097860648
-0.659453317555
0.327722290979
0.859165891447
0.738061864267
0.0969585870796
-0.664040120817
-1.08105643591
-0.870700587397
-0.0864252404754
0.901047785844
1.59748353939
1.65754328916
1.09253234824
0.296487167667
-0.135973157924
0.283218433334
1.65857345729
3.61306472179
5.432923117
6.39574798752
6.12392396884
4.78416136382
3.02465179917
1.67100340038
1.32593377853
2.07145024862
3.42584624303
4.58209948167
4.81166468673
3.83119198689
1.94527971201
-0.10970353112
-1.54307388997
-1.91559587986
-1.36300821549
-0.518057455808
-0.166888523969
-0.815409838151
-2.39272293779
-4.25305681151
-5.48610114474
-5.38464500408
-3.83116457578
-1.39855925336
0.899431204933
2.09475910558
1.7499664957
0.195542461476
-1.60896615065
-2.5335248335
-1.83788358481
0.440529413434
3.4661829425
5.97090138323
6.8356777629
5.61266357941
2.73846064197
-0.662280706896
-3.28806065907
-4.24325429182
-3.4194341761
-1.5036423083
0.377560927875
1.19872033884
0.50192955622
-1.4230147498
-3.7118593984
-5.35065225907
-5.63949834837
-4.48024405766
-2.37269090093
-0.150355461625
1.39480244566
1.81442451119
1.10673693136
-0.391715762657
-2.23199845927
-4.05873376032
-5.69316162871
-7.07751788525
-8.15134575296
-8.76658931208
-8.71568477159
-7.866846047
-6.32204123215
-4.48389183358
-2.95813129508
-2.30882648747
-2.77506924022
-4.09786703793
-5.56768723376
-6.30091182593
-5.63680075685
-3.47515675501
-0.387960464869
2.56619418402
4.26118422127
3.98171982806
1.75336361486
-1.62309453274
-4.8537112498
-6.63583404187
-6.14776438267
-3.34983616427
1.01273151819
5.69074176681
9.37235963955
11.1116135285
10.5937848666
8.16501697854
4.64726946008
1.03083719089
-1.83763823777
-3.47349321324
-3.8283253711
-3.22255138797
-2.17848758768
-1.21626367758
-0.676550729645
-0.62185216567
-0.845220074914
-0.983809604972
-0.699145158079
0.143722636108
1.37584860917
2.55928370566
3.1618127403
2.81049461458
1.51307693732
-0.268676021545
-1.75754929549
-2.1809655227
-1.14629117979
1.10398061935
3.70191711388
5.46615122064
5.41208617873
3.24595139309
-0.39219591156
-4.08158191147
-6.14611630995
-5.35346292941
-1.49113374841
4.4457127539
10.5646861622
14.7796816517
15.6238955055
12.8303796682
7.43083310417
1.32873977084
-3.47008644948
-5.64040473588
-5.0053513247
-2.50621878764
0.286253752229
1.88253686697
1.48699021664
1.6853012701985932
0.9789220542812842
0.5768019820872752
1.40348961362
0.987859377049
1.65434857467
2.58651891519
3.00246967401
2.51814691945
1.27570406051
-0.19714537157
-1.29766622598
-1.65774029665
-1.30104712135
-0.58818958908
-0.00198159227308
0.101296139655
-0.353155179738
-1.16217864264
-1.98247864045
-2.51304471511
-2.62235219521
-2.36498943583
-1.9011393785
-1.38449018952
-0.891701552134
-0.429386230038
0.0012703438567
0.340957195839
0.466423664705
0.258088023197
-0.297020925478
-1.03706262226
-1.65013038745
-1.79866037118
-1.28807454414
-0.188846360566
1.16349781596
2.30442094174
2.85083264874
2.67731366693
1.96033189563
1.05969180349
0.295820292912
1.1381355940976476
1.9565750302705567
2.3254068686392344
1.8904318932467277
0.6330408826399037
-1.0136925258698852
-2.28243764373
-3.47784811339
-3.09108265399
-1.31025876299
1.0861176463
3.02912183598
3.61549471115
2.51137359249
0.11124829532
-2.62889820657
-4.61128336393
-5.07464738038
-3.90900016509
-1.66443698082
0.739758356718
2.45577904727
3.08001818356
2.78111656424
2.13432522988
1.76218912018
1.9763750643
2.60892276817
3.11821068104
2.90954203066
1.69761852826
-0.284062594857
-2.34286684916
-3.63269345168
-3.55522905801
-2.05583163642
0.335077006439
2.73696846724
4.31477614002
4.64111182858
3.8511081162
2.52252578819
1.35198333902
0.797700606537
0.870535999992
1.17433692128
1.16637345742
0.49574365839
-0.761055619882
-2.09435541305
-2.7944424752
-2.31084756378
-0.560022199744
1.97327488469
4.39715837663
5.768153723
5.48256815851
3.53063231412
0.505360884309
-2.63115004323
-4.91773218428
-5.74374292252
-5.04200125247
-3.26438034565
-1.17142451666
0.465060881441
1.12866626652
0.705628850844
-0.519874250909
-1.99937476293
-3.12462104156
-3.43569756345
-2.77545605681
-1.35145731789
0.312673213452
1.53156048254
1.68561947727
0.459961436749
-1.98746658067
-5.00617292923
-7.6201122932
-8.8508527622
-8.09261528116
-5.39131770043
-1.49537712215
2.37406346756
4.9683587321
5.50248433309
3.98330056488
1.21947008768
-1.51152208402
-3.00972139418
-2.67698382182
-0.780335397517
1.67617125129
3.42584827954
3.5508902712
1.94850376005
-0.57447807405
-2.63935011285
-2.92610080405
-0.814927642309
3.25858312607
7.90971140715
11.341398724
12.0849511248
9.62295617885
4.62252894453
-1.32121478457
-6.31683941648
-8.90893300471
-8.60232501731
-5.97208141734
-2.34133319243
0.805779708034
2.40921823691
2.17447778348
0.557805307659
-0.15344568036215378
-0.47446459387965945
0.113291950273
0.0898836862473
0.63833639705
1.26952592883
1.61771316199
1.56949713951
1.23383804711
0.805912212777
0.424412917123
0.107235657754
-0.210278507537
-0.577885807619
-0.951524831316
-1.19386952859
-1.15987197454
-0.813808592154
-0.298217391686
0.101312216132
0.0908588859451
-0.465041181713
-1.43937436014
-2.46973901152
-3.11626822864
-3.07593663865
-2.34083055069
-1.20999608683
-0.138281770813
0.506155224862
0.648724545436
0.562653436708
0.727728781588
1.55342884783
3.10494475363
4.98184274472
6.43259185334
6.67319354327
5.27053946669
2.40595299307
-1.12196356171
-4.18020755491
-5.76001150864
-5.41160850057
-3.45600442075
-0.868254275966
1.12771903777
1.58170234216
0.230186542718
-2.38170841958
-5.12417796092
-6.75663064407
-6.44835163662
-4.12575750225
-0.504797153215
3.19576588878
5.73061687881
6.29138980212
4.77170300307
1.74173971431
-0.8136493815898547
-2.9580906868747547
-4.093903507071701
-4.146437689961729
-3.4980650438967302
-2.7474716891171482
-2.4148826425583536
-2.721079809851915
-3.521122310890874
-4.399061693906319
-4.8628100390064475
-4.54608314636
-4.28515334791
-3.28504339953
-1.88370642266
-0.47064293803
0.633470987983
1.24487029845
1.3238309654
0.940287834428
0.229006241918
-0.641931795665
-1.48430960245
-2.09733959516
-2.28848309945
-1.91764053524
-0.956361044172
0.463639383484
2.04387454576
3.37418633662
4.0443497405
3.7791936834
2.54697822634
0.59378539576
-1.61874990933
-3.55748936806
-4.79356663904
-5.14282750693
-4.71415914379
-3.84427255834
-2.94431311317
-2.32217248275
-2.05698007396
-1.98171008892
-1.78333077964
-1.17688243964
-0.0740033970913
1.33489515663
2.62978290773
3.32788662762
3.09909069951
1.93389315819
0.183862130648
-1.55209029352
-2.65429991749
-2.72843359396
-1.76590923671
-0.148495926391
1.50620351824
2.59284856966
2.75482857423
2.01122892351
0.726834751561
-0.552621747255
-1.32117540196
-1.29239211917
-0.468096321177
0.917363455742
2.53296714096
4.09161115182
5.42893070691
6.49513208105
7.28464167221
7.76018122293
7.82536120047
7.3660925724
6.33618582046
4.83245040701
3.10695960887
1.49817281385
0.309482040341
-0.303270995008
-0.374505825598
-0.0769819609548
0.397008390265
0.953422750043
1.64150787622
2.59193288692
3.87483106426
5.35646731722
6.64591775292
7.1855088035
6.46631776001
4.2785344375
0.87431923604
-3.05118430799
-6.57575971319
-8.88367899438
-9.57468968293
-8.80825109945
-7.21280329078
-5.59686706251
-4.59215893231
-4.39267699202
-4.70968325579
-4.96021751158
-4.59486811204
-3.40335379603
-1.64734039982
0.0457523121604
0.977147834254
0.71592994342
nan
nan
nan
nan
nan
nan
nan
nan
nan
nan
nan
nan
nan
nan
nan
nan
nan
nan
nan
nan
nan
nan
nan
nan
nan
nan
nan
nan
nan
nan
nan
nan
nan
nan
nan
nan
nan
nan
nan
nan
nan
nan
nan
nan
nan
nan
nan
nan
nan
nan
nan
nan
nan
nan
nan
nan
nan
nan
nan
nan
nan
nan
nan
nan
nan
nan
nan
nan
nan
nan
nan
nan
nan
nan
nan
nan
nan
nan
nan
nan
nan
nan
nan
nan
nan
nan
nan
nan
nan
nan
nan
nan
nan
nan
nan
nan
nan
nan
nan
nan
nan
nan
nan
nan
nan
nan
nan
nan
nan
nan
nan
nan
nan
nan
nan
nan
nan
nan
nan
nan
nan
nan
nan
nan
nan
nan
nan
nan
nan
nan
nan
nan
nan
nan
nan
nan
nan
nan
nan
nan
nan
nan
nan
nan
nan
nan
nan
nan
nan
nan
nan
nan
nan
nan
nan
nan
nan
nan
nan
nan
nan
nan
nan
nan
nan
nan
nan
nan
nan
nan
nan
nan
nan
nan
nan
nan
nan
nan
nan
nan
nan
nan
nan
nan
nan
nan
nan
nan
nan
nan
nan
nan
nan
nan
nan
nan
nan
nan
nan
nan
nan
nan
nan
nan
nan
nan
nan
nan
nan
nan
nan
nan
nan
nan
nan
nan
nan
nan
nan
nan
nan
nan
nan
nan
nan
nan
nan
nan
nan
nan
nan
nan
nan
nan
nan
nan
nan
nan
nan
nan
nan
nan
nan
nan
nan
nan
nan
nan
nan
nan
nan
nan
nan
nan
nan
nan
nan
nan
nan
nan
nan
nan
nan
nan
nan
nan
nan
nan
nan
nan
nan
nan
nan
nan
nan
nan
nan
nan
nan
nan
nan
nan
nan
nan
nan
nan
nan
nan
nan
nan
nan
nan
nan
nan
nan
nan
nan
nan
nan
nan
nan
nan
nan
nan
nan
nan
nan
nan
nan
nan
nan
nan
nan
nan
nan
nan
nan
nan
nan
nan
nan
nan
nan
nan
nan
nan
nan
nan
nan
nan
nan
nan
nan
nan
nan
nan
nan
nan
nan
nan
nan
nan
nan
nan
nan
nan
nan
nan
nan
nan
nan
nan
nan
nan
nan
nan
nan
nan
nan
nan
nan
nan
nan
nan
nan
nan
nan
nan
nan
nan
nan
nan
nan
nan
nan
nan
nan
nan
nan
nan
nan
nan
nan
nan
nan
nan
nan
nan
nan
nan
nan
nan
nan
nan
nan
nan
nan
nan
nan
nan
nan
nan
nan
nan
nan
nan
nan
nan
nan
nan
nan
nan
nan
nan
nan
nan
nan
nan
nan
nan
nan
nan
nan
nan
nan
nan
nan
nan
nan
nan
nan
nan
nan
nan
nan
nan
nan
nan
nan
nan
nan
nan
nan
nan
nan
nan
nan
nan
nan
nan
nan
nan
nan
nan
nan
nan
nan
nan
nan
nan
nan
nan
nan
nan
nan
nan
nan
nan
nan
nan
nan
nan
nan
nan
nan
nan
nan
nan
nan
nan
nan
nan
nan
nan
nan
nan
nan
nan
nan
nan
nan
nan
nan
nan
nan
nan
nan
nan
nan
nan
nan
nan
nan
nan
nan
nan
nan
nan
nan
nan
nan
nan
nan
nan
nan
nan
nan
nan
nan
nan
nan
nan
nan
nan
nan
nan
nan
nan
nan
nan
nan
nan
nan
nan
nan
nan
nan
nan
nan
nan
nan
nan
nan
nan
nan
nan
nan
nan
nan
nan
nan
nan
nan
nan
nan
nan
nan
nan
nan
nan
nan
nan
nan
nan
nan
nan
nan
nan
nan
nan
nan
nan
nan
nan
nan
nan
nan
nan
nan
nan
nan
nan
nan
nan
nan
nan
nan
nan
nan
nan
nan
nan
nan
nan
nan
nan
nan
nan
nan
nan
nan
nan
nan
nan
nan
nan
nan
nan
nan
nan
nan
nan
nan
nan
nan
nan
nan
nan
nan
nan
nan
nan
nan
nan
nan
nan
nan
nan
nan
nan
nan
nan
nan
nan
nan
nan
nan
nan
nan
nan
nan
nan
nan
nan
nan
nan
nan
nan
nan
nan
nan
nan
nan
nan
nan
nan
nan
nan
nan
nan
nan
nan
nan
nan
nan
nan
nan
nan
nan
nan
nan
nan
nan
nan
nan
nan
nan
nan
nan
nan
nan
nan
nan
nan
nan
nan
nan
nan
nan
nan
nan
nan
nan
nan
nan
nan
nan
nan
nan
nan
nan
nan
nan
nan
nan
nan
nan
nan
nan
nan
nan
nan
nan
nan
nan
nan
nan
nan
nan
nan
nan
nan
nan
nan
nan
nan
nan
nan
nan
nan
nan
nan
nan
nan
nan
nan
nan
nan
nan
nan
nan
nan
nan
nan
nan
nan
nan
nan
nan
nan
nan
nan
nan
nan
nan
nan
nan
nan
nan
nan
nan
nan
nan
nan
nan
nan
nan
nan
nan
nan
nan
nan
nan
nan
nan
nan
nan
nan
nan
nan
nan
nan
nan
nan
nan
nan
nan
nan
nan
nan
nan
nan
nan
nan
nan
nan
nan
nan
nan
nan
nan
nan
nan
nan
nan
nan
nan
nan
nan
nan
nan
nan
nan
nan
nan
nan
nan
nan
nan
nan
nan
nan
nan
nan
nan
nan
nan
nan
nan
nan
nan
nan
nan
nan
nan
nan
nan
nan
nan
nan
nan
nan
nan
nan
nan
nan
nan
nan
nan
nan
nan
nan
nan
nan
nan
nan
nan
nan
nan
nan
nan
nan
nan
nan
nan
nan
nan
nan
nan
nan
nan
nan
nan
nan
nan
nan
nan
nan
nan
nan
nan
nan
nan
nan
nan
nan
nan
nan
nan
nan
nan
nan
nan
nan
nan
nan
nan
nan
nan
nan
nan
nan
nan
nan
nan
nan
nan
nan
nan
nan
nan
nan
nan
nan
nan
nan
nan
nan
nan
nan
nan
nan
nan
nan
nan
nan
nan
nan
nan
nan
nan
nan
nan
nan
nan
nan
nan
nan
nan
nan
nan
nan
nan
nan
nan
nan
nan
nan
nan
nan
nan
nan
nan
nan
nan
nan
nan
nan
nan
nan
nan
nan
nan
nan
nan
nan
nan
nan
nan
nan
nan
nan
nan
nan
nan
nan
nan
nan
nan
nan
nan
nan
nan
nan
nan
nan
nan
nan
nan
nan
nan
nan
nan
nan
nan
nan
nan
nan
nan
nan
nan
nan
nan
nan
nan
nan
nan
nan
nan
nan
nan
nan
nan
nan
nan
nan
nan
nan
nan
nan
nan
nan
nan
nan
nan
nan
nan
nan
nan
nan
nan
nan
nan
nan
nan
nan
nan
nan
nan
nan
nan
nan
nan
nan
nan
nan
nan
nan
nan
nan
nan
nan
nan
nan
nan
nan
nan
nan
nan
nan
nan
nan
nan
nan
nan
nan
nan
nan
nan
nan
nan
nan
nan
nan
nan
nan
nan
nan
nan
nan
nan
nan
nan
nan
nan
nan
nan
nan
nan
nan
nan
nan
nan
nan
nan
