nan
nan
nan
nan
1.63712813382
-2.61410252151
-5.78440076809
-7.04413239015
-6.23613772495
-3.846542381
-0.737980510812
2.21756104539
4.44039411952
5.76266216395
6.34722148561
6.48336461751
6.38440223265
6.09194261335
5.52002303029
4.59045736549
3.36285367932
2.07229754905
1.04640213118
0.546812614545
0.626951849286
1.09195796829
1.59168211086
1.80351628945
1.60933958059
1.16914090833
0.844958222453
1.00654366909
1.81410242347
3.08990810777
4.35031003993
4.99243730851
4.5542883616
2.93026709676
0.444017919113
-2.2541313026
-4.4193392565
-5.47424486313
-5.19502685416
-3.75679936888
-1.63826898654
0.558438235677
2.29392799409
3.22001285255
3.22574656718
2.41488727554
1.04770594858
-0.52512243689
-1.92748698388
-2.82718989139
-3.01331831079
-2.46808226097
-1.40103866938
-0.211403901561
0.63272480783
0.768207441271
0.0958897428832
-1.15317345699
-2.49213262218
-3.3794213258
-3.46715012802
-2.7828739764
-1.74939659409
-1.01604100949
-1.16417720598
-2.41669168865
-4.49014490646
-6.67066218348
-8.09396559549
-8.11288169029
-6.58924578759
-3.97569961679
-1.14520504642
0.960125762485
1.70740773636
1.01373725421
-0.651264727488
-2.49277638654
-3.73771312855
-3.9434458855
-3.137381101
-1.74191846046
-0.340021619322
0.595848555914
0.884281829004
0.654044730998
0.215856583348
-0.129406730838
-0.241221586489
-0.177828646009
-0.118832566762
-0.230750895612
-0.559371145875
-1.00960529263
-1.41780958884
-1.66599828907
-1.76340901688
-1.84140432974
-2.06047122415
-2.48277215985
-2.98876095241
-3.29650603099
-3.08711827764
-2.1785908841
-0.657157397093
1.11034811901
2.60301412504
3.36039095706
3.18588826629
2.24002583846
0.974721964886
-0.064068811454
-0.473797779517
-0.16125713229
0.639916781072
1.50468055782
2.03515380497
2.05310798171
1.67201685283
1.21575420817
1.02831880098
1.27372564283
1.83041815103
2.33777811328
2.37658578946
1.69761538487
0.385795679665
-1.12551304857
-2.20734484691
-2.29489454966
-1.14327923254
1.03294315977
3.60055673708
5.71724478398
6.62870655763
5.93765878179
3.74267169986
0.598477247452
0.7629182574817719
1.59039851285
0.0414916272665
-0.19340519115
0.602493535901
1.88100279439
3.0391233845
3.62159287363
3.4481313501
2.63120316939
1.49168207811
0.41427083488
-0.299164503003
-0.525873643794
-0.33941931751
0.0488519068209
0.392556419877
0.511756482097
0.352613602242
-0.0142736551439
-0.448372432298
-0.815464070736
-1.04724629459
-1.15704827904
-1.20848304728
-1.25886726687
-1.31236900697
-1.31192678926
-1.17658384924
-0.863605921496
-0.417651156405
0.0271167839018
0.301906257449
0.292148460899
0.0135160909649
-0.371623782913
-0.617224956773
-0.514135954038
-0.0110275694664
0.729946786913
1.38203424328
1.59573498603
1.17138538931
0.176951623404
-1.05512620228
-2.06223174618
-2.46070148046
-2.13042930095
-1.28052231582
-0.35574706273
0.177630243884
0.0637901687428
-0.610776762311
-1.45809927798
-1.98901687233
-1.87562806739
-1.14046530063
-0.167695720584
0.480590579439
0.357722746174
-0.613626228995
-2.06520188992
-3.33834959702
-3.80567101123
-3.20156257861
-1.78790896472
-0.255329514447
0.607830765557
0.322065158758
-1.00949225406
-2.71485947227
-3.8709623383
-3.78378990022
-2.39218651789
-0.374739695968
1.12758043653
1.07115913882
-0.903855256564
-4.15475892251
-7.17501412285
-8.17434488974
-5.87014928697
-0.141340423667
7.76562850979
15.6029349699
20.9319197522
22.0468225874
18.6218093304
11.8073976905
3.74229061814
-3.29873163193
-7.74736306713
-9.2193151743
-8.44945175323
-6.75973895077
-5.34332930021
-4.71561240062
-4.5822923158
-4.15834840254
-2.74701418245
-0.263502177874
2.57753316844
4.51838366402
4.34037772074
1.48667257679
-0.6079341324048784
-3.554957348950552
-5.60706774162
-8.26487779487
-8.12214474521
-5.77808163193
-2.62537093386
-0.214815212695
0.420800301965
-0.821323666403
-3.14082738334
-5.26743050063
-6.0832901328
-5.13976542952
-2.83608520692
-0.194797276001
1.64102657581
1.94085669466
0.7007129399
-1.39592468588
-3.33206769353
-4.24234597513
-3.79425509852
-2.29284039481
-0.47713412949
0.874466500782
1.32719652454
0.974410599233
0.341847276752
0.0705481598192
0.544681388196
1.65441907994
2.81555810052
3.24177505915
2.34308812852
0.0625211674688
-3.01058045546
-5.81172785256
-7.19108673423
-6.36008067116
-3.20969807091
1.62761457397
6.99135502735
11.5884233008
14.4102094409
15.0141349447
13.5797115619
10.7470334627
7.33020041258
4.03493095861
1.28767268292
-0.78145498399
-2.2342225929
-3.18026103557
-3.67927749907
-3.73586967292
-3.37312248961
-2.7220917638
-2.05179794098
-1.69555581532
-1.88945376925
-2.59737732582
-3.42272296936
-3.68243352129
-2.65021491492
0.108726657718
4.44992028236
9.55174139116
14.0883481918
16.6459627202
16.2437759213
12.7566131944
7.05349809441
0.765592308462
-4.25667308699
-6.60351256915
-5.82644084531
-2.60459502816
1.52397270773
4.77117288572
5.80932498523
4.29569417873
0.994406353436
-2.55681126722
-4.69790167107
-4.34433871602
-1.44014984382
3.02107435006
7.41012668919
10.1296101409
10.2490045217
7.84214412759
3.89687996604
-0.145183722763
-3.0039179739
-4.05873828678
-3.52270056996
-2.24032166705
-1.22764402691
-1.1819530148
-2.18810487159
-3.74325618048
-5.06504399606
-5.51544572518
-4.92541135031
-3.66317199381
-2.4207044394
-1.83274061363
-2.12338080011
-2.95940443009
-3.586641104
-3.18744909742
-1.29040133358
1.96195190496
5.81465087317
9.17348442868
11.0284226053
10.841212273
8.73262909901
5.39926319988
1.8103796583
-1.17361198913
-3.09707310303
-4.0063624924
-4.3307891653
-4.62322420647
-5.2866957044
-6.40324071349
-7.72276831678
-8.79497484391
-9.17143785779
-8.58892193941
-7.06804225636
-4.90554220397
-2.57987974728
-0.612249335321
0.573867852674
0.763011929732
0.0083519993717
-1.37027055116
-2.8591394018
-3.89177466836
-4.0338907518
-3.15993495046
-1.55067893981
0.149937202156
1.13717262373
0.758329839658
-1.17562113425
-4.2164013196
-7.3450650201
-9.29187533663
-9.01143956398
-6.13215907797
-1.18706516496
4.49357162014
9.21354409376
11.512658023
10.7045713593
7.13192082753
2.03150372176
-2.93719113542
-6.30706449962
-7.31212562088
-6.09096945073
-3.52161204763
-0.782478398509
1.15567215194
1.88748586662
1.64383203484
1.07660592504
0.88470787253
1.46639480317
2.75133535603
4.2662856476
5.37429764416
5.55469885826
4.59088091044
2.59766810881
2.4782142153573687
2.0563485642804977
1.663639831037159
1.54800207953
-0.591906402643
-2.00468651604
-2.45047366733
-1.7885225265
-0.118808866491
2.13502104259
4.28602628955
5.60295869136
5.61031596714
4.3274949167
2.31053538093
0.442060333394
-0.461149315083
-0.0494693536096
1.3496302932
2.84028635322
3.36717770483
2.25479775426
-0.374748079554
-3.52307067358
-5.65096460044
-5.31315094596
-1.8281410159
4.31657999603
11.5233948805
17.610960462
20.6071262561
19.4866662218
14.5510473546
7.29827968506
-0.153941991225
-5.84507554166
-8.62994406417
-8.46717625477
-6.25767870183
-3.3466385693
-0.932176217518
0.363443426009
0.604467645757
0.337051513678
0.211467550245
0.631275140491
1.58810288834
2.73000256508
3.59200754575
3.84842315665
3.45588638287
2.63078162284
1.69898895372
0.918957636123
0.380412641319
0.0254999374172
-0.237994402377
-0.415769429079
-0.384130324095
0.0398732812091
0.952647321429
2.2320257516
3.5095827083
4.28560756464
4.14664251808
2.98316147753
1.09350334216
-0.891857110559
-2.24667368975
-2.44712197392
-1.39864355568
0.512867542983
2.57125044359
4.016844373
4.34562466951
3.49508850739
1.84615995979
0.0532752882848
-1.21407381034
-1.5070529927
-0.722651162521
0.911224820645
2.95844607549
4.93648875626
6.45028071004
7.26219678097
7.30127743673
6.639224325
5.46062575841
4.03638499602
2.6894273421
1.73663664826
1.40557981452
1.74949256804
2.60132624749
3.60244799467
4.31190455521
4.36160505559
3.59366247231
2.11687804193
0.253242742959
-1.6027352412
-3.14549510462
-4.26284915052
-5.03401968509
-5.62700649319
-6.15437584031
-6.56967950335
-6.66618947849
-6.18504749519
-4.97945356828
-3.14738051156
-1.0566184769
0.761842709821
1.80937533343
1.81488459877
0.838310615876
-0.764691069601
-2.49658902455
-3.91417774114
-4.77528798237
-5.07560490451
-4.97559532051
-4.67354543608
-4.30212245928
-3.9022987809
-3.4750375304
-3.05998532367
-2.77250776967
-2.75754724442
-3.07611756911
-3.59375892794
-3.95571388977
-3.69661244663
-2.45861752988
-0.220295989355
2.58882639225
5.17421351172
6.65676999287
6.43986159369
4.4966658874
1.4321590234
-1.72974262963
-3.95434181106
-4.62117851762
-3.77038065198
-2.05268344219
-0.404034400499
0.401433671374
0.105395479462
-0.944795313388
-2.01235898357
-2.38334568974
-1.7652865224
-0.466800479758
0.739466320548
1.00892229928
-0.121089082006
-2.44596523468
-5.12960660196
-7.05779767712
-7.3480398323
-5.77361763443
-2.89636071567
0.160005687298
2.19275016417
2.43466911443
0.863060399668
-1.83276187351
-4.5969764266
-6.4910778742
-7.08378858625
-6.57151772516
-5.59315611177
-4.8534211051
-4.75564810021
-5.22731632743
-5.81287130301
-5.96726371401
-5.38319105318
-4.17518770677
-2.82624604824
-1.93166839251
-1.88170940203
-2.65399460279
-3.82516764629
-4.79307483885
-5.08935397659
-4.6161723376
-3.68334293903
-2.82943363593
-2.52519806056
-2.91897230931
-3.75970482962
-4.53745692193
-4.7648038809
-4.24738321532
-3.19757158137
-2.12872773326
-1.58439662932
-1.84549303777
-2.77185609445
-3.86529114122
-4.52524774416
-4.36611540202
-3.43023332308
-2.18178339641
-1.27799354994
-1.22868383908
-2.11454905578
-3.50834157338
-4.64445170797
-4.76083535518
-3.45327184449
-0.876356691849
2.30038566249
5.15733991356
6.88659570531
7.08926045904
5.88640167827
3.81449196796
1.57418558298
-0.242505570836
-1.32964887011
-1.69378091607
-1.55185813637
-1.17778625626
-0.781240823598
-0.465336890625
-0.25544581599
-0.15288049954
-0.164281263161
-0.287257375257
-0.472571761212
-0.605493770416
-0.538659646942
-0.172091333738
0.46319753351
1.17639877937
1.67854027945
1.71952134637
1.23522553704
0.420604816376
-0.326995975105
-0.584971629414
-0.124904122325
0.93807260687
2.15527429242
2.92933909464
2.79978699099
1.6954844035
0.0241604633325
-1.46092719595
-1.97244135703
-1.04497949742
1.22630403705
4.17853012331
6.81662228843
8.19348978397
7.77274194206
5.62232193135
2.36565407816
-1.07608312157
-3.83183186944
-5.37398196956
-5.65198675547
-5.04069531942
-4.15551470169
-3.62652207258
-3.91412464924
-5.20545572854
-7.38476599082
-10.0499747898
-12.5585210793
-14.1126186398
-13.9090134745
-11.36071257
-6.34993276132
0.58074927296
8.21113550052
14.8724624472
18.9013502243
19.1867928616
15.6062367708
9.15750382953
1.69544584303
-4.66062654215
-8.23833291724
-8.36866202671
-5.56626488365
-1.26330468778
2.78863650943
5.19767410943
5.41426721362
3.83436576158
1.51085396834
-0.370931789856
-1.00850611557
-0.269161057774
1.34841107058
3.01929884908
3.99244298076
3.89234998608
2.80177826805
1.12674167591
-0.649008181441
-2.17535780426
-3.31176860733
-4.05950682577
-4.4287169783
-4.350468322
-3.70480565751
-2.45185076154
-0.775827272394
0.870535255482
1.88485101745
1.76564249167
0.375347108629
-1.93100694361
-4.40371616113
-6.20194304348
-6.7680463163
-6.08618471292
-4.68264464394
-3.34900843756
-2.71285133976
-2.86975186136
-3.27455645176
-2.97032547422
-1.06530664624
2.76519279783
8.00416386452
13.4018249756
17.445524761
18.990949523
17.7671316441
14.5154362088
10.6869966648
7.82760392913
6.92627380053
8.02222673311
10.2447109359
12.2576902429
12.8933513364
11.6743008821
8.98371111364
5.8158831651
3.24251905993
1.86458888456
1.52188369448
1.40235860675
0.495146803055
-1.83896717898
-5.46562869542
-9.45044691122
-12.4349978815
-13.2477986478
-11.4663156329
-7.66301880281
-3.21105093019
0.273259876735
1.60655500173
0.532701502482
-2.18531344794
-5.11731802164
-6.80666605538
-6.41835961374
-4.11182134004
-0.977357351597
1.43520517739
1.79338733133
-0.422331970483
-4.65301933502
-9.43451268074
-12.9373697561
-13.6562798327
-10.9790157602
-5.42130067718
1.5492787226
8.01864920511
12.2620336844
13.277374082
11.039224475
6.41201734501
0.788607553695
-4.39088403309
-8.06285486207
-9.77483858532
-9.68613170915
-8.37964181029
-6.58837814196
-4.94869531394
-3.85622875898
-3.44187675334
-3.63289500033
-4.24001667774
-5.02149174708
-5.70804961965
-6.0077746706
-5.62647047337
-4.32827579659
-2.02978309347
1.1125007351
4.6758441591
8.04411802859
10.5749441511
11.8070048882
11.6232216964
10.2932429861
8.36531227333
6.44425285571
4.94802099837
3.95158932974
3.19247506636
2.23986497113
0.751490068005
-1.30343759034
-3.56666032527
-5.40561623028
-6.17708223112
-5.52256368692
-3.55743936095
-0.860128608517
1.7420010277
3.49851978547
4.02833239919
3.44705681992
2.27381761269
1.16462206205
0.600177742092
0.67596064759
1.09185240841
1.34192710803
1.00846343917
0.0142524919548
-1.29255736757
-2.26667860292
-2.25119798221
-0.890324735162
1.6734711426
4.80759240085
7.59994495034
9.18158661168
9.02754011358
7.11954473735
3.92046189023
0.190409611025
-1.582270729060781
-2.4625140722118175
-2.1392230110279797
-0.624035225483
0.0314275500954
1.20283874369
2.43129080802
3.29345539216
3.47202425947
2.8207113579
1.41513910422
-0.436342587051
-2.24960822831
-3.49549951804
-3.77322374177
-2.96314601254
-1.29005117659
0.742177283193
2.52851784807
3.58347365149
3.71010319193
3.04356058733
1.95307778104
0.853569288139
0.0204713113549
-0.503480081631
-0.871194491469
-1.29520218455
-1.89573946772
-2.62167631093
-3.28890379711
-3.71071266817
-3.83770409924
-3.81414630655
-3.90209694869
-4.30204285841
-4.96712769582
-5.52718409464
-5.39308607628
-4.02037861539
-1.21942838906
2.6429365781
6.67093726512
9.71706792807
10.8096599317
9.55053170742
6.30318603801
2.07819017889
-1.84416800138
-4.395552176
-5.10037222444
-4.19762589142
-2.46416941319
-0.833057888267
0.0139159657747
-0.0992654504471
-0.838036145198
-1.57837430569
-1.73033226177
-1.00707647251
0.474134795119
2.28064555242
3.87350360411
4.82261428089
4.93140777936
4.23802120009
2.92961124493
1.24318997405
-0.58641026125
-2.31972658006
-3.68608874535
-4.39518891185
-4.21851939774
-3.11698791837
-1.34201868979
0.570822988993
1.95236874418
2.25398613235
1.29641126249
0.020323897422613868
-1.5085056575605194
-2.4800654997544456
-2.3282614847579453
-0.9923351334648487
1.0450468362650298
2.971507837805376
4.017077018114563
3.8107159218629363
2.550447151589836
0.904245787856
-0.892007865
-1.67661756823
-1.3705882523
-0.412547619746
0.475822153684
0.654955239384
-0.11831426875
-1.57861353509
-3.08898267522
-3.95013442014
-3.72515901176
-2.42501561867
-0.479411947586
1.4710292712
2.84180727419
3.29739980395
2.79469416188
1.49446052101
-0.369558633459
-2.56417762127
-4.82869588242
-6.78634514336
-7.89643027081
-7.54120412632
-5.26432297624
-1.07100907609
4.37291594783
9.79440429892
13.666687884
14.7596016903
12.6616053645
8.02556282227
2.39072304972
-2.38134390468
-4.83456440871
-4.4959464242
-2.04162460712
1.03049636543
3.07849493003
3.03833662688
0.862354849117
-2.51982190812
-5.6863110631
-7.41272639155
-7.2330152721
-5.60696405657
-3.62596852522
-2.41486772208
-2.53336121038
-3.67567892577
-4.81634539243
-4.72912435807
-2.62447067242
1.40434311549
6.34108475286
10.6316427745
12.8149771763
12.1137073184
8.72929007099
3.73342006213
-1.36735635184
-5.18293718749
-6.87183134687
-6.30456312344
-3.94985883881
-0.59640229475
2.93264230098
5.95782192605
7.99219266906
8.72057010166
7.99325317093
5.87649284119
2.72792869354
-0.78758581857
-3.81770541938
-5.58216097491
-5.68152018559
-4.30508155
-2.20751615027
-0.423432119858
0.177644404201
-0.703152604836
-2.62955523574
-4.60635762509
-5.53375638856
-4.73512094149
-2.30573424725
0.89370177863
3.60774052836
4.7526202345
3.91121539817
1.52015021133
-1.34010196891
-3.44990354176
-4.00686072249
-2.97017253767
-1.03755569634
0.718863686631
1.36798327451
0.532609694429
-0.7738166148921266
-2.5042125238545907
-3.8346944077784855
-4.2675299014272525
-3.80662617389423
-2.855268711411142
-1.9207117659318698
-1.3069818222418093
-0.9699132773957757
-0.60529045034734
0.09769195540549447
1.2011450215343586
2.424254400091044
3.27700406341
2.46603434586
0.833726356144
-1.20278922506
-2.92820284325
-3.68094588037
-3.20959512699
-1.83288700896
-0.299011727452
0.598868250912
0.454031878821
-0.512127550941
-1.54667656072
-1.77269258063
-0.70722956528
1.38792244928
3.53362702606
4.46562852805
3.28596510277
0.0164103423827
-4.24119247616
-7.65971915653
-8.43362320403
-5.59622784589
0.466842638315
8.05864679094
14.7716137698
18.4008540262
17.7821604419
13.2027943671
6.22702369136
-0.962984355899
-6.40787995942
-9.03439581641
-8.88990477761
-6.90807196735
-4.37408009244
-2.36697999873
-1.42408453815
-1.52804449512
-2.34379608339
-3.51996581025
-4.86901892631
-6.34153058232
-7.84876198241
-9.08430813597
-9.49709999383
-8.47597525334
-5.67368077735
-1.30066576941
3.78756103893
8.2943818994
10.9184963154
10.8419620322
8.05231269493
3.35028201777
0.9492749536036484
-0.7593553828405959
-0.929473246823
-2.15405836374
-2.15211588196
-1.68797298539
-1.42568638677
-1.63857179516
-2.14715544046
-2.48765806319
-2.20536028634
-1.11922897444
0.567017905819
2.3478787203
3.63912780513
4.02788336923
3.43606240887
2.13444077121
0.616428695263
-0.60194220968
-1.1693597345
-1.00637395505
-0.306164713015
0.556002032683
1.16442815616
1.20985080223
0.602594033437
-0.476186987005
-1.6026353003
-2.22164841304
-1.82482025198
-0.1509615882
2.65788929268
6.01566802205
9.00990108269
10.6648626439
10.2726483122
7.67140922118
3.35418128015
-1.65078787813
-6.09687955185
-8.91781133936
-9.55552379404
-8.09385818937
-5.15892223386
-1.64702274398
1.59111946086
3.97743445977
5.27198680793
5.49337871573
4.78116972407
3.30186267889
1.25275831015
-1.06122713191
-3.16504765892
-4.45782336993
-4.39673743171
-2.75976454648
0.146403961034
3.47110103054
6.05765561671
6.86921145389
5.42674856458
2.05179449525
-2.22097416631
-6.0466064827
-8.31873708758
-8.61446713134
-7.32562795734
-5.41416340411
-3.91349449599
-3.4255943431
-3.86702811167
-4.59020612797
-4.81033578633
-4.10435450931
-2.70325586802
-1.40217326945
-1.11497741297
-2.29881457005
-4.56288199639
-6.7014562417
-7.18358407487
-4.89218124308
0.243210934094
7.05087127711
13.4942288732
17.4827226871
17.7569087119
14.4361318353
8.96431347601
3.46945292767
-0.169417982047
-1.11438357398
0.14478452977
2.12952947248
3.15578355802
2.17127597039
-0.758662873863
-4.53815736041
-7.63268951926
-8.84933902207
-7.90529569037
-5.50538214958
-2.90971232684
-1.2371995442
-0.882996416846
-1.36066995803
-1.6491443487
-0.851260626841
1.20124521912
3.74072970581
5.39334634022
4.8983820178
1.85225203906
-2.92203248462
-7.60644758496
-10.1502338007
-9.21933786965
-4.878942912
1.33338305604
7.00338681549
9.84637064272
8.66809985333
3.84369099459
0.9337249524621711
-1.5965790855236293
-1.8830591442078344
0.76944692733
1.70957645271
3.43120372977
4.34081491719
3.53854930918
1.183290685
-1.68638826382
-3.74672261696
-4.07804268965
-2.60473163729
-0.0883413184945
2.28952650605
3.51778370998
3.21445851751
1.73691857404
-0.0810429467824
-1.39944709547
-1.79157591621
-1.40162101267
-0.782927988939
-0.532395059023
-0.937256039759
-1.82921783142
-2.71522565686
-3.09641260332
-2.78384396157
-2.02588024177
-1.3712266916
-1.34224391234
-2.10186804914
-3.30527517982
-4.23012932708
-4.12940960915
-2.6288679694
0.0376511998355
3.0819810056
5.48491446182
6.43285055161
5.65576713676
3.50709922175
0.758260712391
-1.2033525462045276
-2.449340584678197
-2.9473900331230567
-3.0393019365681084
-3.1641724220537526
-3.5651910540681655
-4.143304168584038
-4.532293442789182
-4.3438199376714834
-3.436530704091666
-2.0508835691176017
-0.7264171712007226
-0.03910828172573133
-0.2973169106756899
-1.3610197704568066
-2.6863456530722374
-3.5792635448073753
-3.531551616682421
-2.4676793227555294
-0.7764786927176459
0.887497306489
1.48928948496
1.22037609751
0.279550937606
-0.814495776543
-1.50740557948
-1.49729531873
-0.876365556494
-0.0562697037074
0.476654407112
0.4406817439
-0.0796079632085
-0.677160845718
-0.849439741166
-0.288252932474
0.922293077915
2.30776899009
3.2105397514
3.10186561168
1.84506248109
-0.219695620115
-2.40948311975
-3.98529901173
-4.45414110038
-3.74844820834
-2.21114995098
-0.411330362574
1.10733701957
2.0228616667
2.29555712244
2.09044549836
1.62879619954
1.06207467626
0.433672054013
-0.267699488124
-1.0165224736
-1.69470701792
-2.11808064503
-2.13476898887
-1.73372287432
-1.08775873412
-0.489206619136
-0.199629505721
-0.291721658247
-0.57705170609
-0.675257581552
-0.206070177797
0.985801644134
2.69137279753
4.36884028781
5.3494465559
5.13175842933
3.62706517253
1.23407983827
-1.30164935673
-3.18613183409
-3.89915403756
-3.39384607851
-2.08526883288
-0.639868623528
0.329616038524
0.519144797817
0.0245073367269
-0.3824325745420367
-0.6186828009125236
-0.3910680989022808
0.2998648727533464
1.1964673370680146
1.9492330901797743
2.31422918687592
2.2771968851766644
2.0449753114507274
1.9189294356803686
2.1263214798740933
2.7022601153288406
3.4806594805952358
4.189058386593317
4.585810114572297
4.560133115803197
4.1442291479174
3.44365229642176
2.542863318921121
1.4568155880048863
0.16753562811879874
-1.2746599780919183
-2.65664877455
-3.96861746007
-4.40516281862
-3.69472001254
-1.92651021073
0.3797768881
2.40548956352
3.34065075775
2.74504921555
0.79313635499
-1.73254579978
-3.7277557793
-4.22857685727
-2.85063928711
-0.000796671519737
3.25227866602
5.61100379778
6.10550283747
4.52871269992
1.55020774521
-1.55197403467
-3.43147586353
-3.25148045214
-1.04619541755
2.29342127019
5.40255744233
7.02430350671
6.5352922039
4.18975010086
0.985173944244
-1.77950912101
-3.05198063956
-2.44291991791
-0.34236647471
2.29310725717
4.36843849555
5.09609359752
4.27218687234
2.28546065851
-0.113462870996
-2.15535017115
-3.34838352124
-3.60950174647
-3.20311320194
-2.54915037232
-2.01083486926
-1.76193303632
-1.77669694201
-1.91714257293
-2.0478880747
-2.1081641069
-2.1085843296
-2.07157810974
-1.96875175423
-1.70718779955
-1.18229406285
-0.368635369263
0.609943650418
1.4849759924
1.93839920632
1.75140569288
0.933602934554
-0.240875110133
-1.32340003998
-1.87806817658
-1.68419773424
-0.856299395776
0.18450568832
0.886954138746
0.822362087297
-0.0992147439381
-1.55254572075
-2.90556847322
-3.47616143715
-2.83282556951
-1.01090888821
1.45211828475
3.68467555528
4.79033831308
4.1779185095
1.78379986436
-1.2722520594854245
-4.732306421773401
-7.623235763457842
-9.19718150804394
-9.14980523821228
-7.673757228633775
-5.345461358422455
-2.902956981497937
-1.0034622462679437
-0.0434260105307942
-0.08875332578411133
-0.9167082770685369
-2.1332337652605133
-3.3127065284494677
-4.11314869861
-4.89586449406
-5.07152249753
-4.73751006487
-4.07462818611
-3.2940242105
-2.58819599654
-2.09084594772
-1.85016929031
-1.82165616992
-1.88570291425
-1.8897287127
-1.70510541679
-1.28045313203
-0.670169370337
-0.0236382050928
0.464908960379
0.629190052592
0.398386953737
-0.168515314528
-0.897208913274
-1.55733558825
-1.94389369792
-1.94880444892
-1.5948549757
-1.02007365969
-0.421008505699
0.0205933393661
0.198292596058
0.106927530105
-0.171587219399
-0.511445751512
-0.793788459832
-0.944128576746
-0.94459953774
-0.822163963205
-0.623966022559
-0.393886987715
-0.159879160661
0.0666169006354
0.28481518712
0.499810012861
0.722802698845
0.974096831766
1.28235804504
1.67446051782
2.15618965198
2.69180247999
3.19506712431
3.54225933795
3.60856217404
3.31724236553
2.68195321924
1.82177342252
0.937646548528
0.254426617793
-0.0520374813655
0.0844704634629
0.595923992327
1.30157973361
1.96794680677
2.38523312158
2.43345342252
2.11730150234
1.56198473304
0.976063550422
0.596055627774
0.62870762094
1.20222818913
2.33191960217
3.90268988561
5.67196761149
7.29889582456
8.40466941527
8.66115389012
7.89140526009
6.1522301076
3.76381121268
1.26101516028
-0.734636721639
-1.69198470129
-1.34067336292
0.226805894719
2.56468132418
4.99961927288
6.83307730312
7.54990253482
6.95924058675
5.22035325198
2.7519190853
0.0690577063437
-2.3823521291
-4.33043088544
-5.6911791803
-6.50635981789
-6.85441173465
-6.79038115597
-6.34766903541
-5.59346469099
-4.69295504124
-3.9253048807
-3.61554268505
-3.99232009728
-5.02968998767
-6.35584204708
-7.29685061987
-7.07102941947
-5.08045933051
-1.19189037547
4.11320882001
9.80004109046
14.5550959697
17.1892538929
17.0271562507
14.1380756647
9.31917723225
3.8345017102
-0.9950201442
-4.20092783544
-5.43115705395
-4.98424980667
-3.61973396979
-2.23313374744
-1.52672236351
-1.79568095346
-2.89265156602
-4.35844750399
-5.64490822397
-6.33099940234
-6.25103175243
-5.50167350649
-4.34852036811
-3.08992019068
-1.94247807572
-0.990953584764
-0.209021542842
0.475112750397
1.10912442534
1.67740778077
2.10556409091
2.29831437703
2.18640916252
1.75835068858
1.06474589635
0.198786927416
-0.732915790845
-1.63382068522
-2.42729828758
-3.05509423899
-3.47333010852
-3.65444593561
-3.59683227748
-3.33581716135
-2.94562212043
-2.52485157134
-2.16679061656
-1.9254802212
-1.79354114593
-1.70460158565
-1.56272962781
-1.28822900999
-0.859937824955
-0.333673811019
0.174379039266
0.535356672085
0.667820287658
0.584082179191
0.399864366593
0.297819275342
0.454021178089
0.953103146503
1.72561486907
2.53675438069
3.03956257622
2.88284619326
1.84211592794
0.4906306642325262
-1.4427691873320612
-3.435478730115406
-4.869118378042643
-5.218355758038044
-4.233006012842068
-2.0483208831024484
0.8238977182915903
3.6330182647917297
5.619724573845275
6.264428415712132
5.466143840280523
3.582683674938437
1.3101596504427562
-0.56060860517
-2.04405870604
-2.31017605037
-1.60462179312
-0.511329636261
0.297085085976
0.342465234898
-0.456762171879
-1.7479799481
-2.88845094382
-3.21353464825
-2.31978981074
-0.247072783713
2.5146520495
5.19578116063
7.02459158318
7.49996339361
6.55334775881
4.54345117401
2.09737584033
-0.127807479865
-1.6639339016
-2.35019402289
-2.32055770897
-1.88707616135
-1.38466449997
-1.04768205245
-0.961342482901
-1.08854938375
-1.33752010386
-1.62392313897
-1.8958883395
-2.11982848104
-2.25120282454
-2.22215994528
-1.9638623611
-1.45469872617
-0.763379177936
-0.0525444206001
0.472402679351
0.652741602712
0.461168283991
0.0340251092489
-0.374672718654
-0.503793443572
-0.210288771699
0.453900255743
1.25663332186
1.89112104988
2.12387710425
1.91120661537
1.42191174759
0.94905349954
0.750951820919
0.901847968419
1.2335150568
1.40739071997
1.09124371055
0.157242649594
-1.20044583299
-2.49854178644
-3.14835743208
-2.7157817913
-1.13989253624
1.19579542562
3.58204693893
5.24867104191
5.66266063903
4.72948906815
2.81039419535
0.552363732678
-1.38746748908
-2.5956937025
-3.02275957731
-2.92535402929
-2.67413210822
-2.53300666659
-2.52493102666
-2.44991767271
-2.0395426866
-1.1599435202
0.0509418038425
1.1929996957
1.76564669214
1.40661557343
0.0891518188563
-1.5181503302902541
-3.10023717579962
-4.0283477177082005
-3.933892898272859
-2.8637525096911673
-1.252500713558149
0.27417802583330797
1.1720422585116808
1.2007012812308346
0.4970747036370682
-0.5254786249966372
-1.394818234929204
-1.8047755729699873
-1.7400408415942223
-1.4483280032987125
-1.2839345369329465
-1.508025323082478
-2.147168002564257
-2.977098450637996
-3.63308757737
-4.01565476692
-3.75277741139
-2.94532665266
-1.87756005324
-0.880467563413
-0.190865923061
0.126383833895
0.164822900648
0.093111754291
0.0568344350987
0.12022203192
0.272030096368
0.478105000656
0.735324943451
1.08374308901
1.56410830265
2.14785002373
2.69125879214
2.95834071751
2.71930972015
1.88379710757
0.597329897456
-0.763376271721
-1.71565159445
-1.8735470884
-1.13744946872
0.225172731122
1.66001379781
2.54496419992
2.45634150032
1.3615922514
-0.35424794287
-2.04687502832
-3.08845735772
-3.13719712893
-2.27840680825
-0.973859306938
0.154918678318
0.607541148507
0.220774176933
-0.775409879656
-1.87927770758
-2.55116551606
-2.44662012955
-1.54403316511
-0.119500950328
1.40247929987
2.63822716286
3.38069058943
3.62715909743
3.5068994355
3.1685510962
2.70069948365
2.12918861423
1.48068074386
0.856347712258
0.45002567272
0.47858498385
1.05039046964
2.04664094162
3.09917006487
3.70688094519
3.45931514764
2.26802284494
0.483235629664
-1.18673700079
-1.94661720692
-1.2713891627
0.811256352325
3.6568924365
6.21312500701
7.43211245448
6.71734557371
4.20725779216
0.760146135816
-2.36795473552
-4.02471449159
-3.63178198207
-1.42296506366
1.65174268556
4.31416479307
5.47110590921
4.6360025777
2.08827583561
-1.28180597995
-4.35887181
-6.24256343182
-6.55601794908
-5.5090650344
-3.71912482831
-1.8978629416
-0.558209886653
0.132233819569
0.309390869506
0.235437434383
0.0984716378318
-0.100452570729
-0.520039711592
-1.33853529444
-2.58859617768
-4.06643239518
-5.37251724389
-6.06977265024
-5.88191019603
-4.83186414451
-3.24890063587
-1.63771721694
-0.470561279712
-0.000235202346687
-0.180085589305
-0.723470685609
-1.2670601105
-1.5534515536
-1.54249431179
-1.39932144517
-1.37039292153
-1.6152273573
-2.08343592966
-2.50399697881
-2.49805736479
-1.7651921343
-0.255461977401
1.75661197722
3.73706773956
5.07558393539
5.31336108275
4.32285269539
2.36695785789
0.0155755050648
-2.04545511059
-3.23836786768
-3.26863405953
-2.19479097604
-0.380622620846
1.63945183561
3.32563435382
4.27213961682
4.28443017825
3.38674503189
1.77645716342
-0.247065600684
-2.35391648139
-4.24080911693
-5.67027686183
-6.49414251394
-6.66349362477
-6.22468242979
-5.29979894856
-4.05306418388
-2.65052920167
-1.22544005683
0.13845621126
1.40001757641
2.53531253128
3.50830447801
4.25502820887
4.69249506773
4.75073553418
4.41313042262
3.74354022624
2.88287121807
2.01144112852
1.29052907872
0.808300939301
0.555411669368
0.443021751427
0.356115101663
0.217306511029
0.0297566103811
-0.123632398419
-0.127151730021
0.0952016540873
0.516616637978
0.987116389172
1.27150736896
1.13482449483
0.441601496188
-0.30126415341754864
-1.3504449368188887
-2.3682113150342587
-3.0004922370813887
-2.9911106385481645
-2.262406819469973
-0.9355119245407906
0.7117896009126383
2.3288928759137946
3.5859082812803535
4.248313178596078
4.217948822973938
3.540996835222103
2.3923876751698714
1.045374889600268
-0.171585508644
-1.55501407516
-2.23472974938
-2.11443827343
-1.30179233178
-0.105285157284
1.04239450366
1.72456178495
1.70028965728
1.01798200395
0.0228662786228
-0.764301962271
-0.86370304962
-0.0637489864654
1.44379835978
3.09589837992
4.16440299516
4.06256781245
2.62239991746
0.212511751299
-2.37309153409
-4.22510297635
-4.70276851108
-3.72204491668
-1.8103371389
0.111035893565
1.13141891505
0.765124334845
-0.816027442244
-2.84801031793
-4.31934087667
-4.44401695869
-3.04358487191
-0.652337259334
1.716988039
3.05029687159
2.83424496427
1.34238145127
-0.445302582696
-1.27374130418
-0.212355461357
2.84904526305
7.04613338117
10.8202725962
12.5318423314
11.1511599009
6.72819948466
0.431843200713
-5.86690272656
-10.2972274183
-11.684895949
-9.95836184135
-6.11020060948
-1.75172659627
1.53349592404
2.76095841013
1.81786198066
-0.18387725003567823
-2.669607949113157
-4.707190630993708
-5.8107377723035825
-6.029008646129
-5.7802892089584645
-5.554157385129116
-5.6449646159315705
-6.041468444120611
-6.500705244257517
-6.735853220283246
-6.597647467716769
-6.148075740310787
-5.597031356309486
-5.1541091114
-5.18624072906
-5.30086309959
-5.30542286184
-5.06207531689
-4.60736115216
-4.1627879276
-4.01784878328
-4.34399453597
-5.04560355429
-5.74350324248
-5.92075658033
-5.17253858094
-3.43879536571
-1.09556314088
1.15669644499
2.57084085985
2.67452713305
1.48490631604
-0.488630517511
-2.460439229
-3.70627341429
-3.86716055241
-3.08005715093
-1.87851792503
-0.915623058919
-0.643851780223
-1.10324883194
-1.91360460021
-2.46717430316
-2.22463696144
-0.97312934216
1.0701259931
3.3472608455
5.19024547195
6.08088865165
5.82643421253
4.58768789767
2.77100801778
0.854696153139
-0.763124857296
-1.83713541615
-2.26356474175
-2.02681372468
-1.15948440698
0.251744926121
2.02471440483
3.84951354334
5.31364525782
6.00226350832
5.64351679199
4.23285185799
2.06850500879
-0.332435371352
-2.40995486356
-3.75344066286
-4.22356441989
-3.95044605676
-3.21696492734
-2.29432743866
-1.31986333099
-0.281255358482
0.89011789545
2.17839791533
3.38808832729
4.16681844139
4.15397330018
3.18827976256
1.46297270248
-0.469834924809
-1.87555509188
-2.13230738624
-1.01390835034
1.17848706736
3.71367251494
5.72894483291
6.60306617254
6.23306380936
5.08055371964
3.95583991793
3.63041184187
4.45286702148
6.1483308227
7.90240587609
8.70249560164
7.79064338112
5.02776995211
1.004902815
-3.15314263253
-6.2118241129
-7.30041615505
-6.23752011583
-3.57783911259
-0.370674667851
2.25871684668
3.52601536138
3.2359823693
1.77676041552
-0.112662201923
-1.6829335001
-2.47032447544
-2.43029487489
-1.87252110749
-1.25065708232
-0.917515346647
-0.959824495777
-1.17990411416
-1.21976887659
-0.760011223495
0.302144728319
1.77536037137
3.22839268224
4.14950543119
4.14283468006
3.08292505496
1.17008521559
-1.12950067483
-3.23199487571
-4.61697604929
-4.97985393165
-4.30932872982
-2.87163409217
-1.11326744423
0.483367118739
1.54653961631
1.92168457524
1.70861741427
1.21999462136
0.873214108189
1.04686952062
1.94445896255
3.5086060133
5.41695601506
7.16787197982
8.23562745503
8.24948614083
7.13792801753
5.18467617502
2.96782234803
1.19107842154
0.455139583365
1.04337872742
2.79850569411
5.14176893721
7.23992603264
8.27248290222
7.71164144461
5.51630540553
2.16625407314
-1.48313586812
-4.47995790182
-6.09119863126
-6.04003102945
-4.57706525184
-2.35966035043
-0.187591158417
1.29999119245
1.84627027705
1.63117825803
1.14273112064
0.926687348502
1.32693602253
2.33116352462
3.58801717545
4.58412833574
4.89671472273
4.40310046433
3.3484747695
2.23884854309
1.6074646072
1.76220559164
2.63105159713
3.77771621873
4.58116211201
4.49755478052
3.28657902776
1.10275057992
-1.58320211381
-4.1889631796
-6.25186129854
-7.581032387
-8.26919232785
-8.57434123523
-8.74442878767
-8.88089676397
-8.90991763793
-8.66846810195
-8.0489451681
-7.11415480625
-6.1108165062
-5.3656326921
-5.11403964021
-5.35288894263
-5.80192460718
-6.0068370475
-5.5445386133
-4.23577459201
-2.26032185606
-0.112360588662
1.59152694798
2.3681642232
2.07141858528
0.950224521213
-0.465500286851
-1.59820443397
-2.06852345312
-1.84328928333
-1.22295709557
-0.68053476947
-0.630548792677
-1.23428101492
-2.32571703531
-3.48427276885
-4.21445919293
-4.14958717001
-3.19371129122
-1.5504895506
0.360109213006
2.05166763671
3.12359939025
3.3629146317
2.77288121326
1.53788552789
-0.0473365304923
-1.65487025683
-2.98918742364
-3.83598433758
-4.09528518998
-3.79771583065
-3.09789727897
-2.23851367254
-1.48651706294
-1.05613607363
-1.04376292455
-1.39952889956
-1.94731110555
-2.44474808404
-2.65821713656
-2.42390132546
-1.67705291709
-0.450445424314
1.14207582483
2.91955275012
4.64063435074
6.01581703326
6.74642757032
6.60145527946
5.51686524028
3.67388581707
1.50278823311
-0.420170724128
-1.56645021755
-1.66927747488
-0.858440387093
0.365684372397
1.33458642927
1.51918531457
0.805598866649
-0.40329504348
-1.33592981738
-1.2096914369
0.353199468854
3.05244501546
5.93486538052
7.74558624713
7.47616119347
4.87029236181
0.642706716978
-3.72106095483
-6.53118925666
-6.59908333237
-3.77458105067
0.934191433047
5.73095286644
8.74678894316
8.79815427871
5.86022656181
1.05225173998
-3.85212576107
-7.16704315183
-7.96052230664
-6.36100107304
-3.39331681044
-0.449711559451
1.34041969885
1.55052613357
0.525195199588
-0.8068698300219381
-1.739398383637564
-1.8714626994074735
-1.3583006611114001
-0.7393614224025242
-0.5716882776632417
-1.0821262034555303
-2.0297486685538075
-2.8475879809390676
-2.9778506505907103
-2.2100788119985566
-0.8316978367476793
0.4966197322255965
1.0784602638666172
0.5533105892334902
-0.897307441852
-2.7391962254
-4.05638564033
-4.30083039776
-3.45040328615
-2.0113703354
-0.745909615484
-0.265305239026
-0.700848617714
-1.62571556669
-2.27188749633
-1.93335801984
-0.349542528994
2.12864996255
4.67764074868
6.37775086595
6.64037608793
5.47440815508
3.4634692272
1.47196870668
0.232439308779
0.0209576116232
0.575907922577
1.28692658869
1.54336046963
1.05574393731
-0.0132948233805
-1.16570623543
-1.85714403659
-1.79559348916
-1.08785700268
-0.159517433064
0.501201715771
0.630188939511
0.344212315916
0.0789258359639
0.338800423068
1.39267530615
3.08046880457
4.84063546155
5.95388609067
5.88626350337
4.56205841547
2.4306107165
0.292348447879
-1.03407065959
-1.04853246766
0.240158437413
2.34454145474
4.51802922023
6.0510511081
6.51159958747
5.84290178877
4.30985605069
2.35404686651
0.441069749198
-1.0413123992
-1.82616669831
-1.78331210961
-0.943654585408
0.464084084774
2.00102863593
3.08292500157
3.14645216465
1.87889745987
-0.587678512951
-3.6331391984
-6.32227793728
-7.75830477562
-7.47714848453
-5.69521729881
-3.26775440558
-1.34149144496
-0.837541464899
-2.00119817241
-4.24604535719
-6.39391024487
-7.22332168269
-6.07821977095
-3.23972223363
0.140065050913
2.54015433069
2.79145840536
0.678121526125
-2.88018861847
-6.1776327428
-7.46537180781
-5.75653248708
-1.31923389802
4.3806320897
9.273583677
11.5551254904
10.4381612821
6.45349479446
1.17397918592
-3.49576622304
-6.12783718077
-6.31002037486
-4.6897457183
-2.54014343281
-1.08857442922
-0.944960917278
-1.89613830904
-3.13536523087
-3.77575088699
-3.36312896543
-2.12068669198
-0.809722011296
-0.295764135427
-1.0604554914
-2.92128756472
-5.10617604454
-6.64096873539
-6.84464895117
-5.67312316873
-3.73382103715
-1.96554115915
-1.15081671055
-1.51266513975
-2.60193738078
-3.53107501086
-3.43345434847
-1.91497883131
0.728063754045
3.63007019087
5.75088656198
6.34616438058
5.28539623007
3.07415777443
0.588685263376
-1.32963001457
-2.21476439664
-2.09588059041
-1.36572131613
-0.498601107516
0.21183070338
0.751752672683
1.28392793608
1.92411022384
2.55034215551
2.7802100323
2.15353829699
0.434448947355
-2.13463600985
-4.78705312901
-6.45784965538
-6.20762791084
-3.66093059387
0.747833283001
5.85093104551
10.1338083135
12.2786512643
11.640460012
8.46120118203
3.74363846003
3.57247770237
-0.287185744268
-2.37525935953
-2.64419791637
-1.59043774132
0.040541650886
1.57470212153
2.62237610872
3.12200192837
3.23903002651
3.20246055806
3.16911383367
3.16883132052
3.12973033627
2.94292532806
2.51906146273
1.81144810874
0.812658416498
-0.449690949156
-1.89825048131
-3.37728591262
-4.63921094254
-5.37967405406
-5.33186832323
-4.39202541745
-2.7165176262
-0.728607341425
0.993194565794
1.91647190311
1.76612679715
0.648763780364
-0.976120818224
-2.47776817749
-3.31588347034
-3.2675541157
-2.51507722652
-1.55125520878
-0.942326384027
-1.05567455939
-1.87758796186
-3.0063640145
-3.82630401752
-3.78568973702
-2.65473837024
-0.648871829458
1.6369537766
3.45414092486
4.18995785249
3.60041037181
1.89478400487
-0.354571887433
-2.43198431678
-3.73496122064
-3.96868163036
-3.21324256378
-1.8533911735
-0.412279907409
0.640256087574
1.03570723018
0.767818808709
0.059393070502
-0.740225930963
-1.28459164579
-1.34314522436
-0.866231473375
0.0112109533583
1.02223180592
1.85719433867
2.26205850508
2.11689252909
1.47237204928
0.534660521401
-0.395367284215
-1.00889167088
-1.07519849122
-0.502521433884
0.640546944071
2.14368564072
3.70312934077
4.98488756604
5.69046968414
5.61767337535
4.71157951466
3.09845704466
1.08994538726
-0.857282460187
-2.23397655507
-2.61238858878
-1.78830171303
0.119227587346
2.65873235114
5.15071925012
6.8861067421
7.35678740839
6.43410695284
4.42257083946
1.96044761972
-0.200702702477
-1.45520724625
-1.54170629941
-0.606471755735
0.885842330117
2.34824680916
3.287501022
3.45264111432
2.86627593213
1.74580437531
0.369366730329
-1.04230241975
-2.37713566091
-3.60819391288
-4.72874528238
-5.69690746213
-6.42683064804
-6.8283437358
-6.8630017054
-6.57255089201
-6.05356068397
-5.38888788825
-4.57996130546
-3.5316383091
-2.11570163357
-0.291850788108
1.77743496587
3.69308864148
4.9105090938
4.93759711798
3.56013180687
0.98689123586
3.64391434536
0.636275100385
-1.38871020191
-2.05507963995
-1.4811054758
-0.203865501842
1.06973753782
1.77156976407
1.69906142595
1.0590373013
0.316233813928
-0.0719532115675
0.0998144115138
0.680902668244
1.24884227663
1.33400596567
0.668451679098
-0.66657363139
-2.26627149564
-3.58497594657
-4.182832684
-3.91562172539
-2.98021343309
-1.80310583188
-0.836213997101
-0.36377739661
-0.409256185967
-0.773065473021
-1.16426949307
-1.34800179734
-1.23466471089
-0.879838500425
-0.417379287518
0.0194097591732
0.33948602922
0.486514002472
0.4114282347
0.0714705458399
-0.518821152356
-1.20610587803
-1.64949145532
-1.37262222859
0.0598101911114
2.79329954918
6.48017481015
10.2514265009
12.9328945661
13.4614111369
11.3429620232
6.9430121575
1.44618057288
-3.54162384435
-6.60842014752
-7.11068615617
-5.44424126443
-2.86947392237
-0.94707966205
-0.825359448994
-2.7016041605
-5.7130988942
-8.32250307939
-9.03353208922
-7.11353541871
-2.98761826379
1.8860796447
5.61366959079
6.67084065401
4.55467642823
8.13519197679
2.87737913494
-1.36656831422
-3.31650315704
-2.71847538292
-0.342715927432
2.46318712904
4.43295044995
4.93541822822
4.17581948478
2.97871792555
2.28977412522
2.6589964388
3.96003361941
5.46933755959
6.24583896331
5.60827932983
3.47138614187
0.385013862119
-2.72566111135
-4.97600156896
-5.88613442856
-5.52764790613
-4.40685419863
-3.1710498171
-2.30133684681
-1.94282507261
-1.93446702717
-1.98888610534
-1.89849495807
-1.64491634317
-1.3584778779
-1.17006616018
-1.06320230029
-0.832808557177
-0.190484831046
1.03686853825
2.73336978638
4.46176203408
5.61746840357
5.71060640519
4.63774682742
2.7951207376
0.95447552711
-0.0604600539024
0.246327707259
1.78915144901
3.90343738813
5.61826092865
6.08252127157
4.95196313393
2.55809261134
-0.221245969794
-2.33305376323
-2.99549796383
-2.0207991246
0.124338956366
2.53873366195
4.28034877847
4.75536478482
3.93631583492
2.32769122979
0.712206662838
-0.197752038703
-0.0497658585481
1.03181155243
2.53163963253
3.77492419292
4.19657069141
3.54071896437
1.92757118488
-0.214767131132
-2.30717704995
-3.79984008755
-4.32076602437
-3.76281315535
-2.30354895146
-0.365064332291
1.4766314886
2.62223916258
2.60239124949
1.22218579772
-1.34662530555
-4.56826612438
-7.66068327728
-9.80925689373
-10.4157423441
-9.29792119987
-6.76385862811
-3.52584169164
-0.478005621946
1.58599478793
2.21562965959
1.42267782443
-0.358800401628
-2.44782059549
-4.15649904551
-5.00754336933
-4.85910486621
-3.90704618243
-2.57963608538
-1.37233814641
-0.681631615151
-0.68759975562
-1.31329296439
-2.26426602247
-3.13111419978
-3.52409199203
-3.20221425645
-2.1597307973
-0.641644293245
0.922165451968
2.04975664244
2.36730112315
1.74182419588
0.335477514587
-1.44444553136
-3.08618418984
-4.15346485527
-4.43440433856
-3.99959289347
-3.147121934
-2.26108963413
-1.64786011327
-1.42292810097
-1.49592393221
-1.6537597028
-1.69501348034
-1.54526536248
-1.29468383133
-1.1397963774
-1.2606207628
-1.69749017664
-2.29253209609
-2.72892985898
-2.65316657699
-1.82549613012
-0.231308804581
1.8941122645
4.13408211553
6.01822045964
7.15455251535
7.31832231334
6.47787581035
4.76962883179
2.45202641732
-0.135270265655
-2.6003345913
-4.52992903656
-5.54272812941
-5.37170473855
-3.95686133885
-1.50787090202
1.50553739566
4.4540626829
6.71912643666
7.87572299384
7.81760426536
6.77374184065
5.20892922184
3.64963742183
2.50575493397
1.9559198193
1.93150054609
2.18930734719
2.42835715359
2.3970756041
1.95496841447
1.08356473046
-0.133795885292
-1.53828715085
-2.91663245759
-4.02531891769
-4.63559784265
-4.60580688941
-3.96133940605
-2.93894655633
-1.95079705285
-1.45352368383
-1.75802978018
-2.86079455177
-4.38795677292
-5.70531478193
-6.17193542452
-5.43701281398
-3.64091999592
-1.40892139413
0.385294096446
0.997542063075
0.164336092144
-1.74402089731
-3.85753919036
-5.18327956868
-5.0584936792
-3.46648791717
-1.05727550643
1.1475404492
2.23158497692
1.8132321198
0.214519892932
-1.72007889052
-3.07028222598
-3.32856951338
-2.67635299446
-1.89128994289
-1.91255790413
-3.27084198501
-5.67497864193
-7.98954114998
-8.65825157422
-6.40964158558
-0.929491360332
6.82342013003
14.8356049577
20.7321091767
22.667576476
20.0406138251
13.7271359115
5.73508853446
-1.56818456148
-6.32662318024
-7.80608244208
-6.51533397571
-3.82959947277
-1.31988456634
-0.0981513737689
-0.450316828564
-1.87472074183
-3.45288777913
-4.34221071294
-4.15381945141
-3.06338280172
-1.64583855533
-0.552815166245
-0.205497071045
-0.640289538175
-1.54987363155
-2.46343908431
-2.95659584489
-2.7926650483
-1.95507109295
-0.595327985161
1.04482892134
2.68907860551
4.05146154368
4.85863779647
4.90315541418
4.1315043139
2.7263349338
1.11717756528
-0.127258319332
-0.511971648401
0.150098376593
1.60389348268
3.2134111598
4.22656833238
4.14335860322
3.01395345255
1.50184545051
0.643881197708
1.38420311361
4.08271673894
8.23489494452
12.5616914722
15.4652003775
15.6716596475
12.7829923879
7.48431715235
1.30127691074
-3.9975810747
-7.09573967806
-7.61745923125
-6.20061226129
-4.13399529929
-2.73664580194
-2.76847283135
-4.13691830242
-6.01785297332
-7.31249017143
-7.20966222933
-5.58454799623
-3.05437544802
-0.680980030786
0.52442374377
0.0553342994779
-1.88269498729
-4.48969951758
-6.73716758313
-7.798136454
-7.34532205316
-5.60185101209
-3.1560631264
-0.659521221965
1.43442612872
2.97686222408
4.05337276043
4.80930660683
5.2857183491
5.36008729757
4.81708358376
3.49948285509
1.44828233779
-1.0473207932
-3.51646448151
-5.4541347767
-6.4773286734
-6.42279427469
-5.35852719212
-3.52816539393
-1.27422049225
1.02028994507
2.96312070753
4.17983778015
4.36821172027
3.38960447049
1.36758921046
-1.26587846514
-3.83269548308
-5.59220732612
-5.99536394265
-4.90832084311
-2.6988571059
-0.128316848827
1.92315567507
2.78993896841
2.27048776161
0.683307629741
-1.29386643904
-2.92507746306
-3.71671973117
-3.58109373809
-2.79683541235
-1.80175766338
-0.935153763719
-0.266864241955
0.40031270796
1.36314685686
2.78310505868
4.51894060183
6.12699839011
7.04087671337
6.84546474459
5.50619122059
3.43134605464
1.3257671495
-0.102385759145
-0.445891816883
0.229573006127
1.42622730658
2.44657067063
2.70639677653
1.9830835268
0.489955805993
-1.0209049932085463
-2.183055783734048
-2.5929398174798024
-2.176921261254961
-1.1716213184788842
0.02641636154149296
1.05225088829593
1.7078812152538347
1.9861896275230038
1.9941162847956662
1.838349445725612
1.549131196459669
1.0861454151364143
0.4155080646508651
-0.39888703493288347
-1.1569293873941717
-1.573771122656936
-1.4047582245109709
-0.5810987010470257
0.7190641175893404
2.110591641517118
3.143077883774197
3.4821385039896455
3.0457803870334033
2.03175328223
0.523517625708
-0.774612116583
-1.60153943477
-1.9204333962
-1.88939230321
-1.74462799428
-1.66055296385
-1.65780366752
-1.60175150761
-1.28682229379
-0.560459073981
0.575483182531
1.9332985627
3.18985526486
3.99377845984
4.08315096073
3.36943823696
1.96322836772
0.14239318277
-1.71894643144
-3.23711497636
-4.10214876127
-4.14508350071
-3.37953067785
-2.0070131392
-0.376576377001
1.10195838142
2.07438181798
2.35262976897
1.97562660088
1.18814420842
0.336642937834
-0.280119023862
-0.540970140567
-0.549536443465
-0.569506912215
-0.871708189743
-1.56364373746
-2.48788184215
-3.2489294974
-3.36884054044
-2.50742696556
-0.645914829556
1.85632394702
4.36651130979
6.20421722605
6.89012283511
6.30868265611
4.71709607352
2.60674762741
0.492252981598
-1.26728813143
-2.53469694498
-3.33340851983
-3.71336909992
-3.63711906585
-2.96421037975
-1.55207559193
0.581308923485
3.13282870131
5.51853205678
7.03609202938
7.13077075138
5.64751276136
2.94476830963
-0.198644203634
-2.85878884647
-4.31271188311
-4.30745086143
-3.13588769544
-1.48923281586
-0.155008267813
0.304969962809
-0.240400157878
-1.48125221579
-2.83857361907
-3.72760228873
-3.79200514998
-3.01500343922
-1.67940594961
-0.217965006439
0.964444614104
1.61921612595
1.6940849916
1.29420024874
0.605021897497
0.8904703924840476
1.2356547204163348
1.7348907047062454
2.404439665081881
3.1652485538731696
3.8378316042254
4.174263306228411
3.94276369990979
3.049420640469222
1.6462644554169543
0.159735460479
-1.98208137749
-3.02531193022
-2.66856077513
-1.05755926724
1.21289113664
3.29418694325
4.40995296636
4.17442408065
2.75448973776
0.790001528247
-0.901670568891
-1.70410481224
-1.48308405164
-0.630267158609
0.158659767108
0.267079672617
-0.488540139039
-1.71801129478
-2.61491764528
-2.34985711447
-0.514366288815
2.60507462718
6.07062576216
8.65276767746
9.35050760448
7.83336249104
4.59671322897
0.753551861145
-2.44412712784
-4.13402341547
-4.1797633693
-3.16524993972
-2.06082245503
-1.7288813789
-2.50759666822
-4.0667675144
-5.59394516322
-6.20948103747
-5.40376996281
-3.28762510591
-0.544718503251
1.87813363749
3.18463201989
3.04856594996
1.69907584481
-0.246828345181
-2.10064505448
-3.40129793513
-4.05462663847
-4.26484741374
-4.32007755075
-4.3646145393
-4.2874214589
-3.78517684737
-2.55992972824
-0.538527585061
2.00947314797
4.52382974852
6.35483466412
7.01698538501
6.37398343102
4.67139724893
2.41060396872
0.133557570028
-1.1968191718840018
-2.0271324839936966
-2.439873478592247
-2.6041329150817774
-2.6378218540137794
-2.5357818120796765
-2.1950794985440183
-1.5122908304913238
-0.48973486960535695
0.7131973757420695
1.8140535606336101
2.5101349243552846
2.5990112534307315
2.0602527843069396
1.0651767481827505
-0.0823841889466479
-1.0426849416384272
-1.53470103441
-1.90072046869
-1.64008099084
-0.907086775128
0.0091785134788
0.732495819094
0.882399966189
0.191422203333
-1.36910535862
-3.50650199494
-5.62589535034
-6.98269456961
-6.94341920242
-5.26727032707
-2.28581708281
1.1231316276
3.79689449537
4.71086507913
3.40426317346
0.226896641315
-3.71703346363
-6.93217809418
-8.0748951517
-6.46470303421
-2.35818462729
3.12658556132
8.40386096416
11.9724137644
12.9087435682
11.1207791081
7.29191976404
2.57556098251
-1.80921552508
-4.9161672298
-6.24013540877
-5.70663268088
-3.55452287045
-0.209389253103
3.78875082324
7.80543516193
11.1348783587
13.088249239
13.1639313999
11.2470196194
7.73565684704
3.49774572526
-0.371400952968
-2.92167975644
-3.70385146227
-2.94755351164
-1.46685854161
-0.31736908414
-0.344955986129
-1.82216547448
-4.33402458051
-6.9641347986
-8.69617934936
-8.84976515265
-7.35836215837
-4.77500695814
-2.01929348117
0.00534701285096
0.74629775033
0.148228573281
0.5845605302250192
0.5820574510707388
0.6008699860776829
0.8716354128227124
1.40752734182
-0.0794286850197
-1.36383381036
-2.29187136115
-2.61963042313
-2.16651428266
-0.969913823793
0.657552637769
2.21402216605
3.20338620509
3.34275031799
2.6758044955
1.53363787906
0.364491416432
-0.477833640264
-0.877775804613
-0.964533278028
-0.988409769954
-1.14529981115
-1.4541277696
-1.1889944145010816
-0.7149148976369162
0.050683619601059604
0.9564680602644557
1.6447463209239856
1.719403675282095
0.9733331264620801
-0.44802692691941104
-2.0472441424681875
-3.1598552959751345
-3.2475135902255374
-2.1604547740167845
-0.2363008397456099
1.823444298463457
3.2506702483810415
3.5465782408725204
2.6991604091185195
1.179826786211521
-0.27838774009386213
-1.0151767958558793
-0.7326901626253601
0.3914509292588235
1.8122782789146612
2.885365394958228
3.161222902617311
2.568495819964056
1.410112672082363
0.1908350604115725
-0.626794535835
-1.1142439187
-1.03958552573
-0.674293951026
-0.324586151483
-0.176043673793
-0.23061314492
-0.355150450519
-0.39815104915
-0.298534275627
-0.122894461968
-0.015205210999
-0.0964246493048
-0.379856910153
-0.756119491303
-1.05749918918
-1.16202966468
-1.07220077446
-0.917042192276
-0.871736601229
-1.03965138896
-1.36780193914
-1.65182332917
-1.63731592429
-1.16775842461
-0.297311471551
0.700553940241
1.44500304866
1.63105934791
1.19164820397
0.350346091333
-0.471149414585
-0.852349683757
-0.583345481467
0.223116937502
1.1794232167
1.81418835249
1.81609906399
1.2090419125
0.366300000594
-0.152024666615
0.132432230859
1.36697575911
3.25816016513
5.15980747811
6.32646025181
6.22414139133
4.76392314327
2.35792923205
-0.225225798806
-2.14404428574
-2.79090433414
-2.00311833521
-0.104902499572
2.22286669972
4.18458966849
5.13040322604
4.74805897679
3.13451416889
0.741214923329
-1.77525876227
-3.74572833696
-4.67075056208
-4.34923997769
-2.92521815212
-0.842380694677
1.28364033553
2.84379680535
3.41503219035
2.88386737954
1.46970028987
-0.364597620448
-2.0848245923
-3.27513977684
-3.76973823857
-3.67365147788
-3.26822840669
-2.84965087683
-2.58031659594
-2.42609091411
-2.20876817166
-1.74325184412
-0.983271620101
-0.0924672643771
0.605167777366
0.777819829769
0.266131094073
-0.804487776634
-2.04576267398
-2.96260382281
-3.17321538864
-2.5861635035
-1.4441472749
-0.208395093341
0.662444989639
0.930226015966
0.682732077685
0.272675429457
0.120404542113
0.480554606909
1.29266064702
2.19434348343
2.69361175076
2.41580775818
1.30221316526
-0.338957002239
-1.954789158
-2.98305605252
-3.08669266678
-2.27787595457
-0.881460458941
0.630735063463
1.84214291807
2.52800908784
2.66897986064
2.35695443308
1.66773714182
0.588267408442
1.5580230184165487
2.0491150205220094
2.21881199821
-0.192268208076
-2.07342212033
-3.01714396575
-2.89092035306
-1.92972873746
-0.657419184277
0.340598152416
0.687627086532
0.390723959094
-0.177558101188
-0.492525967333
-0.183289481848
0.728121971926
1.78977002759
2.3225817131
1.7760809863
0.0625630794789
-2.3079104613
-4.38124038832
-5.15196988392
-4.02251451602
-1.11294822283
2.73419563056
6.27119560282
8.35048982764
8.39338563242
6.6116906044
3.88509116141
1.35544870744
-0.0728419436303
-0.0997784168869
0.893987105421
2.08000132533
2.60035268888
1.9702171758
0.283469677465
-1.85683558256
-3.6294542038
-4.35744821436
-3.77444522634
-2.08935772211
0.150667453088
2.30694706913
3.87781017478
4.61335326085
4.49599888887
3.63997200172
2.19505755631
0.317627881333
-1.78671492118
-3.80149246627
-5.29142160932
-5.7918137452
-4.97757338939
-2.83676106715
0.244935035402
3.54916546559
6.23030275403
7.58316319737
7.26306297305
5.37039169673
2.37607838718
-1.06379370843
-4.31379139408
-6.90228196631
-8.56741930114
-9.23014848949
-8.9518081705
-7.92313911264
-6.48565788246
-5.13749682664
-4.46001718148
-4.93638582617
-6.70512567775
-9.36018212109
-11.9287604308
-13.1048191187
-11.7039180677
-7.18424862498
-0.0121632019216
8.31814807988
15.6734252907
19.9673226003
19.8908927784
15.3952392477
7.72198929556
2.4838449658351323
-1.6506347787966433
-3.12583708584
-4.83442251994
-4.02215281654
-1.95869336694
0.044952161226
1.17313122479
1.33761404988
1.04047894819
0.978623494635
1.61068552184
2.90364573277
4.36842134766
5.34062650964
5.34256774979
4.33307403461
2.72222255281
1.15691873682
0.201548812635
0.0851959545594
0.642103409572
1.46270534098
2.15880477439
2.58881901411
2.91656364101
3.47308424346
4.50274177341
5.94163278126
7.36236725807
8.13133379245
7.70919210901
5.94356407303
3.19862127363
0.243224463367
-2.06094901202
-3.12803206914
-2.89820982083
-1.8491709171
-0.762747499583
-0.358031111267
-0.964738794198
-2.38836367236
-4.02402354628
-5.15653293657
-5.29856224994
-4.40704748425
-2.88305245155
-1.36738176368
-0.439787365638
-0.368200069952
-1.02073139202
-1.9679608623
-2.71085283771
-2.91565953722
-2.54472772314
-1.83270707284
-1.13723911368
-0.751007948696
-0.771387542342
-1.08458270413
-1.45739814579
-1.67612368392
-1.65487707573
-1.46044541711
-1.25045809999
-1.16823747992
-1.25667762958
-1.43732569435
-1.56114156245
-1.49749150434
-1.20939175719
-0.774264184421
-0.342114667713
-0.0576671390866
0.00951453812338
-0.10918529639
-0.308818889441
-0.470901031622
-0.520094768156
-0.447847246775
-0.295864287287
-0.116728594224
0.0595009621464
0.231432535309
0.404899987559
0.564053630781
0.661537691692
0.641984606735
0.489110684471
0.266188071076
0.11664375703
0.210311247838
0.652639067617
1.40124090148
2.2396582411
2.83591681194
2.87239116525
2.19402462555
0.905458710215
-0.635079071581
-1.93241297732
-2.5373273909
-2.2186297028
-1.04992752364
0.625614202887
2.33447049667
3.65238979967
4.34644525332
4.42386094155
4.07874708424
3.57495732107
3.12756856294
2.83669103766
2.69275155791
2.63235032257
2.60017987603
2.57694037685
2.56104437586
2.52536093425
2.38869451974
2.03359912223
1.37178682433
0.423717346175
-0.638564116191
-1.52399566484
-1.93110706174
-1.6890091929
-0.861385841904
0.246458878914
1.19436430031
1.58807009373
1.25281701356
0.315567873497
-0.848881193378
-1.78816075137
-2.18121984634
-1.98622553203
-1.45459930925
-1.00205350429
-0.997505187653
-1.57231329604
-2.54409499635
-3.49455235697
-3.96570368528
-3.68049657358
-2.68094210026
-1.3162502109
-0.0858167342451
0.588121312625
0.549931831301
-0.0269619133411
-0.731940634115
-1.11684611817
-0.906995998102
-0.124599827326
0.92965987792
1.82230713501
2.18658565561
1.8813342833
1.03970851206
-0.00547624791706
-0.87457867441
-1.29490139138
-1.18614704781
-0.649109429919
0.120451088276
0.937165473047
1.69394808868
2.36469015072
2.95481805261
3.4419715663
3.750989434
3.78244878823
3.4778473656
2.8789020227
2.1388119755
1.47005166999
1.05125200435
0.942875716511
1.06098610347
1.22889175737
1.28294377568
1.1753043823
1.01299586603
1.00337051859
1.32683221761
2.00163110599
2.81796794942
3.3899027115
3.31554318903
2.37710410672
0.683646383395
-1.32193280068
-3.00979410904
-3.80797406526
-3.4377273976
-2.03028489811
-0.0674496427543
1.82970722932
3.16669832636
3.77065988204
3.82171925391
3.70688849486
3.77082883783
4.09175894165
4.40251277763
4.20794779781
3.05206792563
0.808342838891
-2.15512059134
-5.0341332822
-6.86840246724
-6.93442968578
-5.08140518906
-1.85436505109
1.66479112029
4.24633450356
4.97713891793
3.60880250468
0.643916261999
-2.87517167219
-5.78517922419
-7.25214830833
-7.06738398556
-5.67346683911
-3.92260190562
-2.68282248461
-2.46715022212
-3.24257230542
-4.49036418943
-5.47666283385
-5.60260496739
-4.67504189068
-2.98158415546
-1.1456057759
0.16474391439
0.538102070003
-0.00239732756881
-1.01961485002
-1.8653862643
-1.97108848985
-1.09665420349
0.567670232552
2.48455152835
3.99478791721
4.58361365783
4.07566486429
2.68312777843
0.898000984826
-0.715174301882
-1.73323362971
-2.00784962783
-1.67360378092
-1.04310147548
-0.447964219265
-0.100744676521
-0.0344492934599
-0.134702028922
-0.235406191532
-0.222339113698
-0.0911617074503
0.0662108940113
0.134625768179
0.0654840639376
-0.0675375425761
-0.0805137373837
0.241147105662
1.03005196236
2.24411027778
3.64077544446
4.83728822087
5.43848313869
5.18336872662
4.05186440842
2.28804176204
0.329427843526
-1.33090536434
-2.29727099312
-2.38356855097
-1.64792988213
-0.345389015344
1.17423108325
2.57834485929
3.63128204194
4.2193668956
4.326216863
3.98442385688
3.2361050081
2.12437714287
0.716896120868
-0.857791951525
-2.38987815642
-3.606610722
-4.23330618085
-4.07883984974
-3.11253931196
-1.4992278548
0.425926489891
2.23773801604
3.53008818595
4.01716487411
3.59512709787
2.34931132562
0.512722278884
-1.60315623107
-3.67991093251
-5.44735387517
-6.71563128376
-7.38808855857
-7.46243798863
-7.02448088013
-6.23249680168
-5.28732145656
-4.38684587838
-3.67317460822
-3.19038468892
-2.87359593475
-2.58156235971
-2.16690299957
-1.55819485543
-0.816926039123
-0.137493353539
0.219624879738
0.0409939169863
-0.72591883454
-1.91047974638
-3.14361792717
-3.96984707112
-4.0083508383
-3.10047124382
-1.38268830305
0.747334251387
2.76061400178
4.17220745213
4.69381831262
4.30694861379
3.23511874325
1.8362061103
0.466455376912
-0.626815488467
-1.34703498922
-1.72236916149
-1.84049088978
-1.78549627305
-1.60835100752
-1.33702476466
-1.00712502124
-0.682734645387
-0.446068252468
-0.357595707904
-0.41121328315
-0.517360345074
-0.534284595771
-0.339793314848
0.0917537247488
0.652924624634
1.13762556652
1.34119047531
1.18230856222
0.782762074542
0.452827431563
0.571964217057
1.40764967245
2.95343348729
4.86909471376
6.56640823814
7.41915279254
7.01536933223
5.34336749844
2.82565345442
0.178781330426
-1.84624915183
-2.73469822656
-2.37655107936
-1.06622999537
0.656049622897
2.24036464329
3.32914792394
3.83735649912
3.88818562322
3.65577252054
3.21169667766
2.46590807991
1.23824970189
-0.577928106004
-2.85443515496
-5.17046184424
-6.91187135054
-7.50109596767
-6.65885766286
-4.57194252595
-1.87581942378
0.557079452728
1.94142094585
1.87724956754
0.491623708514
-1.63841396407
-3.74487539122
-5.19128856484
-5.71375622857
-5.47752683142
-4.93525775627
-4.56665837102
-4.63195202613
-5.05883207917
-5.51177887033
-5.59957814
-5.10799858269
-4.1338024613
-3.04840351067
-2.30799234152
-2.20717568979
-2.70461871142
-3.415619479
-3.78413960442
-3.35616539738
-2.02240863713
-0.108524726761
1.73876549815
2.82439400121
2.71426257208
1.43895178201
-0.503519469224
-2.34962347201
-3.38752571616
-3.24889507583
-2.04844098311
-0.315351814745
1.24512329172
2.04854046054
1.85553994244
0.832878203697
-0.56075183357
-1.79744950399
-2.50238204048
-2.57764244361
-2.18505457317
-1.61547421774
-1.12264692019
-0.807807189934
-0.606307337106
-0.370096193738
0.00987729310251
0.514622402595
0.992601642068
1.24252739173
1.13750144268
0.720786912385
0.216663361999
-0.0571028992685
0.162390431006
0.944836659797
2.10798429652
3.2727006515
4.01328167281
4.03939435207
3.32976884392
2.15765054898
0.994662157986
0.331785802071
0.490581947079
1.50017421566
3.08630838229
4.77200055515
6.04562887879
6.52964414374
6.08888121284
4.8466016039
3.11454102481
1.27393083551
-0.343586143936
-1.53500415045
-2.24742027973
-2.54919833231
-2.57461796899
-2.46887115171
-2.35158195358
-2.30312244925
-2.36647123045
-2.55315669745
-2.84535055806
-3.19384014963
-3.51821038921
-3.7171335016
-3.69233963917
-3.38203719327
-2.79249697912
-2.01405187578
-1.21150539237
-0.587602975555
-0.328309546131
-0.546080054707
-1.23918375445
-2.28078286403
-3.44254854042
-4.44729144972
-5.03674651858
-5.03664215562
-4.40224979584
-3.23294989451
-1.75218612568
-0.257465851819
0.947969949337
1.62581626215
1.6587455532
1.07762626253
0.0520728243626
-1.15452936588
-2.2546386664
-3.01211396973
-3.3019476195
-3.13595113594
-2.64616666682
-2.03154951094
-1.48635386745
-1.13560271236
-1.00071676922
-1.00697002428
-1.02797295924
-0.947464808897
-0.711784898969
-0.350844128393
0.0403411199174
0.349604902777
0.50174036403
0.492909645086
0.389302443219
0.291628157804
0.284012249803
0.393717989241
0.582616635476
0.774883915827
0.90612589833
0.966977669944
1.01589217868
1.15117152359
1.453942228
1.93066751975
2.48671764808
2.9490680736
3.1323700929
2.92016616188
2.32351698425
1.48821641093
0.645282572736
0.0260992678189
-0.2199078177
-0.0692047818764
0.386686039749
0.996371104544
1.61747682208
2.16523022934
2.62126948179
3.00696574883
3.34471657436
3.63430878475
3.85777092051
4.00390776176
4.08742599909
4.13887672353
4.16182729601
4.08165133535
3.72801457934
2.88578049303
1.41499630621
-0.605340539677
-2.7874587318
-4.47251502722
-4.921884776
-3.61348912536
-0.527417564945
3.71752837103
7.97249081961
10.9111787332
11.5120681125
9.47967967127
5.41695449287
0.650200268705
-3.24822802612
-5.05825789489
-4.38539930339
-1.80458458347
1.39431142816
3.75577586731
4.26753890588
2.76459038172
-0.0462496603765
-2.9454531199
-4.77430135748
-4.95723505848
-3.73409834657
-2.00119252899
-0.844749909528
-0.994811986495
-2.46300695005
-4.5374603355
-6.13527069157
-6.34056135127
-4.86690507669
-2.2196736359
0.521416374561
2.1966577847
2.10226264596
0.313674321433
-2.35487138888
-4.73154609398
-5.82504897536
-5.26516859349
-3.44310942389
-1.29576348459
0.152605880868
0.26776403917
-0.921455743343
-2.77166236541
-4.35485130117
-4.89916566553
-4.12782478664
-2.34584651482
-0.254804293532
1.39297242631
2.1221172121
1.89103413328
1.02452842088
-0.0132339073971
-0.866640252386
-1.42349670415
-1.77919868083
-2.07489122441
-2.32522343216
-2.35244181471
-1.87595991097
-0.70941685027
1.0537860849
2.98897594622
4.47685912507
4.97789704033
4.31012636565
2.78066417467
1.08627555553
0.0133374889511
0.0736183961866
1.25325103643
3.00402138504
4.49020781363
4.97783894859
4.18034170922
2.39307281129
0.351257502026
-1.11891158182
-1.48533203722
-0.744400847412
0.605488055446
1.83122238578
2.33437173947
1.93669738449
0.942414901023
-0.0463552544969
-0.459144973082
-0.0586111440557
0.941012977904
1.99642866153
2.53148336847
2.25079228757
1.30674457732
0.232493327615
-0.325556440015
0.0607133669505
1.37463921458
3.14865193003
4.68191228174
5.3723505687
4.9972785424
3.80434613969
2.37120837919
1.30819754317
0.955044200066
1.22255416445
1.65478897222
1.67602024649
0.895836929056
0.23955110907229482
-0.7966346684739278
-1.57273853641
-2.4851865869
-2.31762345447
-1.24728730561
0.217552186357
1.47261857364
2.07678594226
1.91598750427
1.20694181641
0.356485064812
-0.242130671399
-0.374801803528
-0.0640190078051
0.490350828102
1.03784745156
1.39753225942
1.51357053178
1.43259749681
1.23410354466
0.966014334975
0.625559681121
0.190832878287
-0.326255200759
-0.848519440706
-1.25147811012
-1.42522242403
-1.34373937183
-1.09642017788
-0.85599097924
-0.794159212724
-0.989172294883
-1.37817328019
-1.78513868201
-2.01351461529
-1.95459539642
-1.65044995022
-1.27232576007
-1.02132537872
-1.00314518545
-1.14739315464
-1.22241936253
-0.947280965947
-0.148801749712
1.11731514217
2.54967387867
3.70724838267
4.19458939315
3.83971200022
2.77794479515
1.39866882998
0.178152688901
-0.522696022419
-0.60011486054
-0.223944545715
0.273645564981
0.577108678889
0.543103641805
0.257156107771
-0.0311922500466
-0.0549305679098
0.321608293424
1.02829085141
1.82342001783
2.41274246138
2.58631010172
2.30084960567
1.66906962238
0.870780561509
0.043928580981
-0.777264189838
-1.63982358225
-2.58017346322
-3.52279178187
-4.24076300677
-4.41941495495
-3.80690516296
-2.38148627158
-0.444436964002
1.42580903366
2.55941953077
2.45195001128
0.981967812746
0.7271720332327618
0.144390710559
-2.17243290197
-3.40241888167
-3.33331697256
-2.20446691433
-0.579440211436
0.895544587731
1.73976089049
1.79062274691
1.20895426355
0.353697608295
-0.402677260519
-0.830211346392
-0.906157667347
-0.776018561562
-0.647726374515
-0.680367659253
-0.920291164691
-1.30454610501
-1.71437661839
-2.03972010327
-2.21855645027
-2.23737710284
-2.10560841274
-1.83134301275
-1.42043269221
-0.900506719988
-0.3496061851
0.0995380024079
0.297333380516
0.149270513877
-0.311613985489
-0.895027561444
-1.29555243823
-1.20258000634
-0.437801187218
0.940401465528
2.61881539252
4.11658094632
4.95075546906
4.81659283824
3.70896459824
1.93361558072
0.00192641722947
-1.54928435419
-2.34156966616
-2.2716058905
-1.52003582998
-0.456537370706
0.514318791775
1.10245522577
1.22085871869
0.986746116882
0.645575723023
0.456660329837
0.588893439442
1.06468896879
1.76660594901
2.4955031342
3.05166909905
3.30645481292
3.24057053195
2.94084533939
2.56282251993
2.2765418776
2.21496888589
2.43981529197
2.93111744759
3.5985322892
4.30663612687
4.90476481586
5.25372546891
5.24550700384
4.81593518027
3.95237746623
2.69837020571
1.15493992193
-0.524002616097
-2.14563131165
-3.50307632259
-4.40854093943
-4.72749834213
-4.40463472741
-3.47416657615
-2.0528761715
-0.320933957419
1.50055429519
3.16806120964
4.42991240193
5.04412837792
4.8110883574
3.62670722441
1.54762048983
-1.15674331013
-3.99949855065
-6.34649397985
-7.56400171856
-7.21133535839
-5.2154170052
-1.95515815077
1.79500127584
5.06479223121
6.97587958425
7.0202565172
5.22574832285
2.1418228135
-1.35381621147
-4.35667697866
-6.23021249043
-6.78258341604
-6.26436040488
-5.20144302289
-4.14485216154
-3.44869268811
-3.16708411312
-3.10104741635
-2.95609344377
-2.52363655712
-1.79571684296
-0.962433217932
-0.303438688529
-0.0372704315816
-0.209504635625
-0.675664140812
-1.18212172828
-1.49633953642
-1.51389400199
-1.28575878343
-0.955784655228
-0.649559535025
-0.383688921145
-0.0533939312572
0.488388165363
1.30162101589
2.25494553553
3.016087439
3.16105465521
2.36357752654
0.578370733699
-1.87522442069
-4.38269188076
-6.24094820232
-6.9203088447
-6.26998716774
-4.57659471199
-2.44861842908
-0.576163452538
0.531061892113
0.717858307848
0.202302108254
-0.558044949031
-1.08445578738
-1.08069005285
-0.537393743005
0.29697609146
1.05236572431
1.4112849004
1.24360481202
0.650690027333
-0.0882795053043
-0.634510726791
-0.719069307529
-0.235405576513
0.730821873364
1.93412546738
3.04482776608
3.74263543787
3.8052972228
3.1745108808
1.98477978611
0.543983602576
-0.738578862465
-1.46689043776
-1.38730189643
-0.489125503681
0.966125989029
2.50962463984
3.61144320595
3.85885267816
3.09828862254
1.48282275676
1.318604820463051
1.171930270287433
1.4395974331118282
2.319891013425348
3.79584235578
3.46667252017
3.39585240923
3.46724649876
3.64346739984
3.90772234713
4.18162866076
4.28566317269
3.98583307074
3.11653733693
1.71515847837
0.081762790276
-1.29499915827
-1.93665028142
-1.61480951553
-0.509935191507
0.809938571928
1.60810094599
1.31146923134
-0.197959310912
-2.4839233482
-4.71830651907
-6.04814608905
-6.00132351665
-4.73156703646
-2.96917126815
-1.68306226843
-1.60669873568
-2.86000896793
-4.86629998218
-6.62565823005
-7.22754968712
-6.35342330956
-4.50568854172
-2.81831111175
-2.50603736314
-4.19846030465
-7.48632390257
-10.9326932128
-12.5968995359
-10.8756300571
-5.29819977214
3.09383537512
11.9874243782
18.5960557561
20.7016220352
17.5089851229
9.95358578822
0.333331972248
-2.798308953620136
-2.99480886667
-4.94607369184
-3.58801945306
-0.533518032607
2.33724562406
3.67741543634
3.14144891601
1.35603386531
-0.535289315159
-1.49917678526
-1.10431479129
0.335531022663
1.99671240164
3.0071444331
2.88852882244
1.76559745231
0.260152533687
-0.852307607629
-1.03666837403
-0.247071576568
1.07853784927
2.25482819549
2.68356757801
2.11839684898
0.742307161727
-0.957146735932
-2.43078917283
-3.29837873385
-3.46036953914
-3.05938476432
-2.34143873893
-1.51157709611
-0.666310708854
0.171704539332
0.957173386646
1.541016581
1.66982068456
1.07948065151
0.37684493408893616
-1.0729442823867004
-2.9167877237509856
-4.661655318033411
-5.851640488411292
-6.22982468104037
-5.807518521051676
-4.812057890367768
-3.5477178059835097
-2.2478856424588116
-0.9968887877594454
0.24281848557845365
1.5240432974257772
2.800927157389822
3.8845802036705805
4.505338152085756
4.455848164571279
3.7380440546623106
2.6267879048540124
1.60108587681
0.314532597651
-0.07795044406
0.395505791579
1.37446130958
2.32118101365
2.75762780556
2.473246567
1.60516028902
0.554026679858
-0.221227573299
-0.428129516302
-0.0753149595731
0.5460729218
1.02046559122
1.02276760895
0.48086408506
-0.394987890794
-1.22811789292
-1.67533560691
-1.60752270354
-1.17830177914
-0.745374991146
-0.683914160234
-1.18626509679
-2.14994256078
-3.21273718921
-3.92111742737
-3.95168328955
-3.27766357453
-2.19688607726
-1.20266978048
-0.7538041546
-1.04895485316
-1.91147670473
-2.84243640364
-3.22472376622
-2.59332630421
-0.856248520403
1.62980233737
4.16419704164
5.94788049186
6.37245124109
5.23931774096
2.82546623022
1.8572954385745817
1.0279343706497457
0.9763106889795239
2.00551460734
2.22492555584
3.0282835324
3.89455545605
4.39500518418
4.33988940165
3.81083487678
3.07934131579
2.45895770019
2.1623592548
2.22586084948
2.52803637057
2.88303246999
3.15416271864
3.32562796961
3.49338769353
3.77942655343
4.21608813183
4.66744667972
4.8412395053
4.40201322449
3.14309181822
1.13759146554
-1.21274155142
-3.27328219475
-4.39523075272
-4.17494300533
-2.64357646096
-0.297446344018
2.05712950204
3.59119352991
3.75940321831
2.4996848444
0.243728538629
-2.26419783743
-4.26110827642
-5.24666238289
-5.13685208617
-4.2356937126
-3.05340332464
-2.06543302488
-1.52564420099
-1.41177727774
-1.51139085295
-1.5871145479
-1.52553047618
-1.3901059979
-1.35527361537
-1.56550229473
-2.00489505727
-2.45773966093
-2.59129867904
-2.12475077508
-0.998102836817
0.551032354769
2.05238640173
2.98912950797
3.02207046386
2.14621562412
0.703260324276
-0.758912804076
-1.71608491322
-1.88135942286
-1.30627929423
-0.328294751062
0.603002201919
1.13297942061
1.14368056494
0.769045512417
0.288141928338
-0.0392482861463
-0.106040729062
0.0063806728585
0.101506253072
0.00301791166947
-0.32651109127
-0.750717761066
-1.02825763372
-0.947712530214
-0.453916577342
0.305922222349
1.04616445436
1.48783176045
1.51083240353
1.23172794261
0.96019971359
1.04769712895
1.69773620487
2.83083305697
4.07568591316
4.90132938442
4.83910890454
3.69933190196
1.68592051956
-0.645811270916
-2.57678473299
-3.48416382476
-3.07040910245
-1.47104715563
0.799628003646
3.04123442064
4.6217692848
5.19614229835
4.80812848961
3.84175538986
2.84541247738
2.29846636939
2.40985316732
3.02523753155
3.6793436735
3.77711997313
2.83954620574
0.723562814844
-2.26938760157
-5.44553037154
-7.92448696166
-8.93365110715
-8.08858157126
-5.55503462387
-2.02615668479
1.48573766673
3.97346479867
4.75977765326
3.70452727483
1.22009100546
-1.90489860219
-4.7994124616
-6.80432535897
-7.65610427535
-7.50070614076
-6.75252974699
-5.87618115021
-5.19315096481
-4.79239573808
-4.56689187403
-4.33657309456
-3.98164100119
-3.515084423
-3.06386537521
-2.78111948798
-2.74809488453
-2.92565804606
-3.18208117387
-3.37642832779
-3.44282509096
-3.42016578173
-3.40531130872
-3.45658939528
-3.50980556688
-3.36874791146
-2.79349122357
-1.65201282815
-0.0556525754495
1.60585568861
2.77154442193
2.9290386261
1.85338405619
-0.25070158237
-2.7831077456
-4.95978940026
-6.11656554185
-5.97159590682
-4.72698960248
-2.96253230725
-1.37134901127
-0.461219057196
-0.359563044775
-0.807505956678
-1.33501375446
-1.52152971464
-1.20837691749
-0.558824833649
0.056981313488
0.284294632591
-0.00831379540118
-0.646554922819
-1.23672327109
-1.37442450278
-0.865312991656
0.158349328937
1.28664344001
2.02164713425
2.01083783946
1.20644839293
-0.126602493889
-1.5521362606
-2.67519664188
-3.31399791594
-3.54574177868
-3.61075282625
-3.73535325238
-3.97541041043
-4.16838490892
-4.02086154263
-3.28446360648
-1.92540903249
-0.196296044349
1.43025462705
2.43612952794
2.45822296222
1.42456400486
-0.427258967143
-2.64358539608
-4.70610139962
-6.1738458592
-6.77165335588
-6.42073209402
-5.23556473654
-3.51061036995
-1.69449745943
-0.3223044794
0.124096315534
-0.580087835817
-2.20267315331
-3.97192638678
-4.71497287927
-3.24123512179
1.12952824757
8.1050343479
16.263947832
23.3570010926
27.032258711
25.7431845107
19.4686332937
9.9000561743
-0.0559512547654
-7.32210224084
-9.84399861303
-7.43013686588
-1.85072129117
3.89146583729
6.8429167907
5.39824912839
0.0470725362961
-6.77882271491
-11.7191098376
-11.9382121612
-6.39253904933
3.6435744768
15.0296888696
23.9988236446
27.6518865527
25.0689588814
17.5776079867
8.0960840421
-0.127203875863
-4.80938565384
-5.41110760618
-3.10527631656
-0.0227134143863
1.8233737697
1.42029221826
-0.935339703982
-3.98401763581
-6.26960993159
-6.90915727244
-5.98341449777
-4.38419674146
-3.24079702051
-3.25581298494
-4.3104233962
-5.54329319919
-5.85183913389
-4.54264097911
-1.78149360863
1.40137781462
3.5657371758
3.5541514535
1.07881008845
1.1914379848311825
1.12271212933
-2.04541093624
-2.81882506546
-1.24181534423
1.68576865268
4.50512034355
5.9752712006
5.60676696073
3.81132134777
1.6207403137
0.135949436431
-0.0131279350352
1.06216564119
2.62182553794
3.71266471044
3.66328632139
2.40906372416
0.495627158764
-1.22317531856
-2.02613165987
-1.67734561175
-0.519313415271
0.726942471407
1.3401322912
0.957294821809
-0.26578710744
-1.7628194333
-2.86591148144
-3.1491893116
-2.63107614424
-1.73858284527
-1.06220341632
-1.03612405716
-1.71232289843
-2.74380110982
-3.58113064574
-3.77557777596
-3.2277302419
-2.24965996093
-1.40559015155
-1.21126359945
-1.84734825792
-3.03906897895
-4.17350488581
-4.60672852625
-4.01358883839
-2.60293144271
-1.07713561543
-0.332803458379
-1.02515146192
-3.19310902483
-6.12864860156
-8.57519809911
-9.19753513802
-7.14136510323
-2.45024057676
3.84502573612
10.0213260171
14.2433567013
15.2104257065
12.6195986518
7.26439553305
0.731492067315
-3.542805486771016
-5.830874914167069
-5.633120023421895
-3.405618784463357
-0.2770459254252984
2.4704486854013226
3.9336873476998306
3.9175546131214958
2.9398106903732923
1.93310182095
0.266880964602
-0.0758376194774
0.74748876633
2.07581073027
3.07638923467
3.13499051776
2.12387444609
0.431767140048
-1.24516495628
-2.24204654406
-2.22968644953
-1.34488048461
-0.0958083910892
0.899333413442
1.206154177
0.758035369768
-0.15071549933
-1.04553305785
-1.52432366409
-1.45058553453
-0.993126184127
-0.502534238317
-0.299965479005
-0.496405304198
-0.939310457833
-1.31116850083
-1.32057355083
-0.876168330114
-0.144215006946
0.544097769791
0.88474129151
0.783727031264
0.423921123259
0.170730623809
0.361154993825
1.08949647187
2.1121971942
2.9360085954
3.05660338405
2.22976284529
0.631134959813
-1.1895291374
-2.55054834741
-2.96354213
-2.37829168448
-1.21691888511
-0.169838843732
0.152269282685
-0.461988924665
-1.69849289225
-2.85684117983
-3.19425264971
-2.30712904683
-0.358960429747
1.96458998219
3.7584574413
4.31464620166
3.4495927227
1.58216547114
-0.474732849642
-1.90393528937
-2.26111545749
-1.65438245576
-0.643985562786
0.0772577122982
0.0522222548583
-0.71471570498
-1.78663497527
-2.55371105712
-2.57743967734
-1.83017849688
-0.69948936321
0.243557902315
0.58158409529
0.301274995104
-0.192232087143
-0.318270242142
0.303694434438
1.5552535527
2.78127362007
3.06865756288
1.72784520872
-1.25930199641
-5.06961421857
-8.27259255143
-9.40145740692
-7.62050921886
-3.18079515404
2.56563404939
7.63009791306
10.1489461826
9.11973711365
4.79331660551
0.9948301064996912
-2.777358433538609
-4.800228212946735
-4.20414401707
-3.59726630178
-1.66540264927
0.232783562665
1.07604130804
0.574923608112
-0.816578741183
-2.23721220523
-2.90779248668
-2.52327601936
-1.36535521367
-0.104720652381
0.582147737447
0.373186826678
-0.545181708571
-1.59783784859
-2.13929405854
-1.79762438368
-0.665563272573
0.75450613988
1.81602204591
2.06256151622
1.45884473713
0.403616311791
-0.47719526788
-0.648315216229
0.0671649987769
1.40176095971
2.77698532391
3.58470215259
3.4750215941
2.51148001042
1.12448075367
-0.105189463334
-0.720344560373
-0.584622743352
0.0865539151919
0.864733959843
1.33737264768
1.30817236983
0.871650905175
0.333449945723
0.0272792232181
0.129415965213
0.568547739278
1.07597608949
1.34683264138
1.22490845342
0.810828463858
0.431593511092
0.4797142972
1.19764241661
2.51484175422
4.02477016894
5.12592101204
5.27384054499
4.23540397853
2.22876647483
-0.12284414175
-2.01655945422
-2.78867526653
-2.19631721931
-0.541192222531
1.4239990716
2.77761328138
2.79181404837
1.23178921788
-1.53089886045
-4.64081973019
-7.07305265056
-8.01797655147
-7.18589535034
-4.91248752318
-2.02573478498
0.4698235039
1.76410690993
1.5217784674
0.620805938127674
-0.9407626446336934
-2.366335019740063
-3.023757485817555
-2.6562078426406828
-1.4208294506632058
0.23946505746170033
1.8152624630054106
2.9349492556223566
3.468832806223361
3.5061825065180017
3.2430863035143744
2.8576974811909253
2.444152658804626
2.0328066813
0.800814839835
-0.255334707331
-0.92087560192
-0.982337053153
-0.363395187534
0.769369871674
2.00618458071
2.82546739881
2.81181103553
1.85995298065
0.256898692658
-1.41550789338
-2.52894167559
-2.69906430682
-1.97782047281
-0.84493466557
0.0112657374889
0.0291323451922
-0.933413761706
-2.49558090801
-3.90211635786
-4.36536156793
-3.44562436364
-1.28917665934
1.39523543028
3.6194605504
4.53372069484
3.78896786236
1.67839648086
0.7171718716799234
0.124317534067
-0.867398596938
-0.636533386912
0.452699849513
1.72766323736
2.54838485666
2.59643476211
1.97936933061
1.11804033027
0.493456132011
0.393750675471
0.790228739748
1.39442040669
1.84899627811
1.93734918611
1.69424437551
1.36158966085
1.22316045398
1.41990223429
1.85625510475
2.25385998856
2.32286429087
1.95133697164
1.2994667275
0.735901880578
0.641689806845
1.18447609849
2.1886732705
3.18177747128
3.60564742461
3.09253687194
1.66691066983
-0.232608788559
-1.92776861783
-2.78964386096
-2.50323095596
-1.18340777104
0.704583465492
2.56821297576
3.93456363624
4.59923822156
4.61779604886
4.17067102527
3.40001749085
2.32418661735
0.879841782015
-0.943420495782
-2.97474740607
-4.84171983318
-6.0974273671
-6.44096531193
-5.90793502421
-4.90653292373
-4.04986816863
-3.84971877077
-4.42795017432
-5.41361070874
-6.11033591101
-5.87646908026
-4.53230695696
-2.56782714416
-1.00262019467
-0.918497989531
-2.86398610336
-6.42520285544
-10.2111159752
-12.3227591305
-11.1439372268
-6.11676122905
1.86037439535
10.6289641356
17.5195608669
20.359929494
18.3196143193
12.2283027173
4.23043037134
-3.07286963035
-7.62330181407
-8.62396456536
-6.69272217785
-3.4262095729
-0.609176229036
0.556995933424
-0.128373676982
-1.94804923337
-3.7539324604
-4.5850845385
-4.1099851165
-2.70229281616
-1.15724489097
-0.232306109667
-0.264913788808
-1.05565151
-2.04970638091
-2.68950787724
-2.7305195009
-2.34781772553
-1.98765798604
-2.06310774154
-2.67680393052
-3.53343548736
-4.09389191428
-3.88491467076
-2.7889624785
-1.14751727303
0.387726570077
1.18274403898
0.954604821392
-0.0704747609045
-1.26473050648
-1.92145785253
-1.62578436848
-0.477630029217
0.954640733893
1.93145345892
1.93931901503
0.98195951535
-0.389746269709
-1.33190317934
-1.12345001652
0.462570318861
3.018278091
5.66276567829
7.42909388824
7.68984609529
6.41944613119
4.17586644608
1.82355319599
0.142297158201
-0.487135689426
-0.180083505851
0.59604216202
1.30988575297
1.63790682421
1.58232629503
1.39038299878
1.33987879251
1.52432470769
1.76356374178
1.68994203026
0.95951865624
0.19878169210390695
-1.0909586789853165
-2.4192012394463234
-3.2537663617216452
-3.2627941181151527
-2.4568767722720963
-1.1601873403281928
0.169439995418
0.333808895892
0.0745704336991
-0.432656742116
-0.8748992783
-1.00259576773
-0.780193941758
-0.402981250327
-0.17360263284
-0.311382815587
-0.805885404811
-1.4020414625
-1.73084467413
-1.51721330849
-0.75050331801
0.280754242359
1.11763365594
1.36280868222
0.897108227248
-0.0348701091666
-0.92141646384
-1.22141238115
-0.628699262515
0.767133729755
2.50400599549
3.94504476318
4.55645482428
4.1342849949
2.87682066075
1.27649881706
-0.108412458667
-0.889580557081
-0.98429336486
-0.600306284556
-0.0955251149404
0.205361562798
0.145286652372
-0.234610108478
-0.762860539568
-1.24947045153
-1.57407347945
-1.7090728125
-1.68267046037
-1.52374115303
-1.23642216519
-0.82505345738
-0.348367051202
0.0465262682584
0.154610705121
-0.186354239073
-0.969507160811
-1.9424811862
-2.64557970015
-2.57641323578
-1.42304331517
0.74163768817
3.41005757105
5.78255245676
7.06045099892
6.76944518434
4.96744184564
2.23513034457
-0.556199073838
-2.60115884332
-3.48174969997
-3.30783946834
-2.61396917676
-2.06438216774
-2.10915588925
-2.75751072236
-3.57797598045
-3.92577576183
-3.28790809125
-1.57862316004
0.760050155692
2.90705837499
3.99797748654
3.49781328178
1.44351664922
-1.0176158159350024
-3.4681233516502203
-4.989722666640716
-5.048469181619609
-3.6794712603375643
-1.439492337235876
0.838287788273874
2.3744479707485198
2.7210052611065265
1.884340045326553
0.2648580619118235
-1.5385303773132648
-2.964418532580666
-3.6696628166220933
-3.597329849993457
-2.9292026195494287
-1.9658085877046716
-0.9956966693266054
-0.205154765449
-0.12369312509
-0.231555555325
-0.432760681076
-0.633768578197
-0.774568080261
-0.835245013325
-0.824998248627
-0.764282847868
-0.668829296125
-0.54043246092
-0.366446652284
-0.128199935228
0.183382556328
0.549865505299
0.913552283049
1.18134627716
1.24943286527
1.04449952329
0.566302960639
-0.0896796479853
-0.746818288363
-1.20189370803
-1.30287642146
-1.01812241079
-0.463557082488
0.130755601425
0.507182741472
0.487119281197
0.0520375268097
-0.638614141023
-1.30419616309
-1.65306197651
-1.500453011
-0.84405265415
0.134840149043
1.14435423445
1.89750236587
2.22135563793
2.11602615697
1.74271983518
1.35030003533
1.17340086819
1.34284787497
1.83981023295
2.50516712217
3.09493564823
3.35941710671
3.12087075615
2.32959867688
1.08641662755
-0.373161394941
-1.73165035267
-2.67124660222
-2.96774904262
-2.57097877048
-1.64153069783
-0.520086313428
0.374730068681
0.695282372689
0.309695907061
-0.618505173054
-1.66141329857
-2.27442078128
-2.01673690152
-0.762008303485
1.19201392757
3.17538805257
4.35950959024
4.06473249728
2.0486049794
-1.34167598721
-5.22452647715
-8.44260789551
-9.94191310402
-9.13888237967
-6.14281325464
-1.75037158378
2.79042152083
6.16814384378
7.41715141682
6.21200859547
2.95281583582
-0.5018000309577388
-3.7954816502382727
-5.827863176337672
-5.965172935838112
-4.208736099426034
-1.1530371782641993
2.2448916288004312
5.002439493678921
6.439492794181149
6.387574067106598
5.212144137661454
3.6459828698166348
2.49899445983
1.16670689751
0.992038157285
1.67616093726
2.6232016353
3.21033750123
3.0555122428
2.16811643442
0.918888834165
-0.154399363345
-0.614257768785
-0.338062859846
0.422472036231
1.16685976966
1.39739688723
0.874527841531
-0.251646817192
-1.50400669743
-2.31086278194
-2.29742699489
-1.49081676569
-0.330125218422
0.533280806232
0.55421362057
-0.425339786765
-2.07823131486
-3.73749258248
-4.7245304175
-4.70246987708
-3.87376620698
-2.90816221605
-2.61592233752
-3.51134103053
-5.47821822307
-7.71562840998
-9.01944367729
-8.29739898499
-5.09699791323
0.0955417991265
5.93684538964
10.676514076
12.8005441543
11.6040141001
7.45580801675
1.64857264879
nan
nan
nan
nan
nan
nan
nan
nan
nan
nan
nan
nan
nan
nan
nan
nan
nan
nan
nan
nan
nan
nan
nan
nan
nan
nan
nan
nan
nan
nan
nan
nan
nan
nan
nan
nan
nan
nan
nan
nan
nan
nan
nan
nan
nan
nan
nan
nan
nan
nan
nan
nan
nan
nan
nan
nan
nan
nan
nan
nan
nan
nan
nan
nan
nan
nan
nan
nan
nan
nan
nan
nan
nan
nan
nan
nan
nan
nan
nan
nan
nan
nan
nan
nan
nan
nan
nan
nan
nan
nan
nan
nan
nan
nan
nan
