-2.81984747559
-0.616296164794
1.09393510357
1.99914033827
2.15168037167
1.8773234151
1.58195453224
1.55339147875
1.84925351288
2.31320742211
2.6968811628
2.8152836444
2.65265401108
2.36649626241
2.19284524505
2.30701370596
2.71580543186
3.23958833993
3.59567653544
3.54237999299
3.01188018194
2.16477093082
1.33663479838
0.89847945617
1.09323360966
1.92107353741
3.12337846258
4.27081158666
4.91676495149
4.75295374005
3.70827847627
1.96018769167
-0.135458547658
-2.1614917186
-3.75909677581
-4.71441887558
-4.99545193321
-4.74063272024
-4.21061931065
-3.71654128292
-3.53669932429
-3.83486613371
-4.59830352556
-5.61789831329
-6.52912573204
-6.91633061574
-6.45700041954
-5.05817488129
-2.92799631477
-0.541127011001
1.50447673186
2.69462990035
2.79079901722
1.92518517039
0.551851016909
-0.733885386519
-1.43675509842
-1.36182079879
-0.685744530213
0.134533028345
0.577358230784
0.300996066222
-0.692777362372
-2.05115500619
-3.22389069546
-3.70981593658
-3.28533154331
-2.11151765649
-0.67112678128
0.436686088106
0.752548113019
0.15093520203
-1.1116300051
-2.51202118872
-3.48528321143
-3.65866995816
-2.99482417809
-1.78767415798
-0.520626240021
0.345273389163
0.56022351164
0.174800294772
-0.499964080309
-1.03508867527
-1.06277279862
-0.418003179949
0.808463474811
2.3160459632
3.71021372679
4.63733004768
4.88889758864
4.44556637447
3.45807363173
2.1839284803
0.908056973529
-0.127345530573
-0.768756697287
-0.969095528482
-0.780767178745
-0.330424815638
0.217705600786
0.702963924765
1.00613698821
1.07592034728
0.937330390664
0.679725617481
0.428094274893
0.306490642227
0.404503381784
0.755533192784
1.33069573406
2.04695531189
2.78497926662
3.41188589066
3.80537351088
3.87668942177
3.58934980157
2.96909163527
2.10029800438
1.10698952822
0.122358575631
-0.742921159009
-1.42080954685
-1.88566768061
-2.13490133986
-2.16296371186
-1.94702378766
-1.45813239937
-0.697425630852
0.260525072648
1.24561049389
2.01528666798
2.32672870669
2.03448169249
1.16967848527
-0.0434384752788
-1.2541849972
-2.11662539086
-2.43073774018
-2.22623981952
-1.74237909132
-1.30474192785
-1.15337223357
-1.30777894378
-1.54449228669
-1.51186602241
-0.936648015475
0.178038896712
1.47273222891
2.33220004208
2.14383038637
0.606829994961
-2.05518171626
-5.09697374661
-7.49808443228
-8.3669451723
-7.33301675094
-4.74667910829
-1.58037582564
0.94638091877
1.86840569933
0.887446596032
-1.48931135053
-4.15460887803
-5.86895474663
-5.79106685315
-3.84006797502
-0.730697484933
2.33367396739
4.17507670591
4.13739461347
2.35161385662
-0.338785893952
-2.75092199602
-3.86558309124
-3.24297882704
-1.18137962079
1.43322875242
3.50591193804
4.17105621722
3.11151684745
0.645674179556
-2.42586624596
-5.12789225078
-6.64109249547
-6.53870946041
-4.8698184489
-2.09597927246
1.06720390408
3.84164470769
5.56549566736
5.83559135528
4.60178184212
2.19822402015
-0.709974893124
-3.27964320109
-4.72746144102
-4.59411749332
-2.940045845
-0.377329916385
2.11007082841
3.52125943324
3.24588239074
1.35690646934
-1.35222229076
-3.63157053611
-4.25738619372
-2.54687106525
1.31106134542
6.26062181761
10.735737858
13.2356693503
12.8906169046
9.78871321243
4.93404968798
-0.141452180599
-3.94882372358
-5.56447794035
-4.90543565391
-2.67152454784
-0.00891998112864
1.94557982991
2.45227432505
1.35411514
0.3772457323231748
-1.1386832732115835
-2.4613103272263004
-3.0297543125870448
-2.556851012061699
-1.02851911981
-0.114724058511
1.29422207368
2.74258476978
3.73738631921
3.84138228254
2.80014828529
0.666649573928
-2.1416626728
-4.9109934338
-6.83475361559
-7.29473732593
-6.10963031806
-3.63580836016
-0.658450320921
1.89829018714
3.32717741234
3.40707682973
2.46527694523
1.20398390746
0.369906437694
0.418590998933
1.32675371792
2.63459713502
3.69016532158
3.97263650235
3.33730918512
2.06783221054
0.718687707008
-0.166057015089
-0.314261701745
0.160468775321
0.841904760822
1.23994011876
1.04268570756
0.263343157704
-0.787125131422
-1.67774836945
-2.08499082219
-1.94764312294
-1.4706352114
-0.983515991456
-0.738472756249
-0.764363925671
-0.860649900612
-0.736121631021
-0.214703535422
0.610626064392
1.37127749683
1.58218108927
0.894097622859
-0.689658473122
-2.7513018239
-4.59785335707
-5.54750799703
-5.23171383043
-3.76771641795
-1.71459313901
0.171408687006
1.26951318024
1.35929359042
0.69440428548
-0.146213435116
-0.554498753369
-0.192557990084
0.847758942005
2.09771539663
2.94622668052
2.9392905044
1.99996878575
0.466990782838
-1.0604163381
-1.99205516337
-2.00132030711
-1.14941594627
0.168370294267
1.41591608299
2.14882961644
2.17673518112
1.58949711837
0.653289587684
0.14826628089922167
-0.2793098305368602
-0.6483102326884307
-1.083541008389048
-1.6944918712718362
-2.4697210259186875
-3.247542438767397
-3.7789000425802897
-3.8474680298710666
-3.3820664667027103
-2.501991019613243
-1.4721535297761363
-0.5916169796626605
-0.07152533577051656
0.039304144028676546
-0.14989303711351454
-0.4448801593248106
-0.6656284103388401
-0.7206969778053178
-0.624120618166
-0.851985293003
-1.0857335058
-1.3486567271
-1.59757216857
-1.75411425928
-1.75569765332
-1.59356151468
-1.31573090934
-0.995562626718
-0.687755906201
-0.400787761282
-0.103805605661
0.236121724281
0.610456146623
0.949066189155
1.14076090192
1.08784658105
0.766444423442
0.257724498624
-0.271688500598
-0.635480279579
-0.709347825526
-0.487853709438
-0.0865466738948
0.313313120972
0.550648617602
0.558296040182
0.387934472506
0.174885654364
0.0626602191253
0.12771669293
0.343938293484
0.604367127501
0.786573084309
0.824462576911
0.746111235954
0.656160847107
0.672267286973
0.851207904812
1.14712787798
1.4278323593
1.54349733332
1.41249600512
1.07748048167
0.698361998649
0.481067615495
0.575360897015
0.993359064025
1.59235256406
2.13439357276
2.39631133768
2.27717964949
1.84983217789
1.32963538903
0.974383989117
0.963509302718
1.3153821802
1.88282048918
2.42822339447
2.74044284688
2.73529000798
2.49051666948
2.19951944918
2.06887817968
2.21250799976
2.59587335798
3.05737678032
3.39438172944
3.46866079601
3.27690984
2.95070850593
2.68703033965
2.64610793185
2.86983294093
3.26267358529
3.64429730747
3.84573400765
3.79830637387
3.56832718107
3.31874305781
3.21695138804
3.33632431031
3.60294209557
3.81656446839
3.73740983489
3.19699155077
2.17904623859
0.831599881055
-0.594384437938
-1.84825627388
-2.77395842303
-3.35144770043
-3.67049472832
-3.85768702001
-4.00054950547
-4.11112307112
-4.14625928074
-4.0673058325
-3.89726405797
-3.73335469936
-3.698511033
-3.8534070583
-4.1199955066
-4.27015509417
-4.00429227083
-3.09700107848
-1.54432817717
0.366182446327
2.1146840196
3.13154593718
3.03448147895
1.81538629161
-0.116505822621
-2.07028122429
-3.34221149586
-3.50636730465
-2.59748969292
-1.09840292871
0.270330838305
0.869908887134
0.429779347578
-0.830187160198
-2.30049736365
-3.26222554052
-3.21876676591
-2.12555847555
-0.410528081805
1.22414804106
2.12501747206
1.9818006274
0.954089211077
-0.427449095613
-1.53312669799
-1.94252501391
-1.63463971734
-0.965261305437
-0.445260191806
-0.436694697537
-0.929363419534
-1.52350243332
-1.64063529817
-0.864383204902
0.762972666594
2.65317752341
3.86453063923
3.50804828449
1.18795159969
-2.73472400338
-7.19715446074
-10.8080529146
-12.3895658634
-11.452732032
-8.39333309763
-4.31682954214
-0.567902996743
1.82571292571
2.54730573814
2.05180554694
1.27699113432
1.15048942606
2.12890185597
3.98424653512
5.93098920936
7.0236262437
6.62839921482
4.74263665442
2.01352224657
-0.545454682896
-1.99956445872
-1.88819243997
-0.39219609182
1.78873855601
3.77106451093
4.86300851396
4.80459062769
3.77776436819
2.21496125365
0.532777576711
-1.05752772233
-2.56878681673
-4.09756182119
-5.63028766232
-6.93197203191
-7.60372849318
-7.29304409367
-5.94289505645
-3.92865744171
-1.97951475987
-0.892141910131
-1.16144819387
-2.71245700247
-4.88296101046
-6.69038000362
-7.27400267296
-6.30771447322
-4.18020217068
-1.84334217245
-0.387223735106
-0.535222639879
-2.29698224531
-4.94678980011
-7.34195938943
-8.4341682465
-7.73514238093
-5.52148136906
-2.69001242332
-0.342290921534
0.697486783267
0.20360495004
-1.43032360531
-3.45684580644
-5.17252862024
-6.23745342993
-6.75852533635
-7.11129706389
-7.61655746793
-8.26420205574
-8.64832414846
-8.15967578105
-6.33732426948
-3.18758163398
0.713644642885
4.41081738646
6.97329276581
7.91765986764
7.43066313033
6.26789589226
5.36501399128
5.34806050276
6.19021660659
7.19953316659
7.36311628274
5.8942945028
2.71903038546
-1.34692841195
-4.84148810225
-6.23553155055
-4.60109091313
-0.0702508235228
6.12790052987
12.0818528305
15.8966699007
16.3891434717
13.497849909
8.25476332703
2.35244978121
-2.49724730036
-5.14907724255
-5.33838121187
-3.63862969702
-1.12856740805
1.06206845923
2.14130530233
1.85231283712
0.453294442201
-1.45887164384
-3.18069631586
-4.10341401971
-3.84250288793
-2.29788814244
0.334492266232
3.58839559586
6.79824529375
9.22954349479
10.263605268
9.59444128066
7.36470724217
4.16822674486
0.888661101343
-1.58666283665
-2.67499396598
-2.30266082696
-0.915093874232
0.716938326989
1.813339464
1.88552949446
0.89270271207
0.32369954978445037
-0.40858410788050037
-0.8443656679090736
-0.7938454783287199
-0.35887314378922497
0.20479617996967647
0.695144461948
-0.0857031116705
-0.708979453515
-0.8699152709
-0.393722658701
0.607386715843
1.72905431136
2.43995036311
2.34103479492
1.38502951338
-0.0656367957322
-1.38586001784
-1.97788551908
-1.56448061078
-0.337065579446
1.12140628056
2.10753493099
2.13249555971
1.15598238154
-0.397911259203
-1.85185048692
-2.60856210952
-2.43952701426
-1.58440103573
-0.611988250232
-0.114402639011
-0.390926811106
-1.28372821724
-2.25086963006
-2.64165349569
-2.03621428809
-0.477652947303
1.52208238248
3.20865418657
3.93449437259
3.4602848532
2.06256057611
0.397425389471
-0.810178510619
-1.09907559226
-0.467287102947
0.657324732988
1.6469903525
1.98463995988
1.50229292757
0.437672233285
-0.705890685819
-1.41485099813
-1.40469678847
-0.730047596295
0.274216756426
1.17360011744
1.63386362876
1.5401052469
0.9894929102
0.185260064376
-0.6899863004
-1.54249917557
-2.34394534057
-3.04685178362
-3.51221073198
-3.51769574353
-2.86410436884
-1.52986185746
0.220593816566
1.85967573826
2.77337280655
2.52896820314
1.10872092119
-1.01701105897
-3.03729398344
-4.12341050043
-3.78902748496
-2.11928946396
0.24803807848
2.39329539383
3.52022040895
3.30891792318
2.04834431295
0.481292109928
-0.568488357246
-0.611014101497
0.252944876051
1.35986956488
1.78894873845
0.804471832541
-1.0323262971782299
-3.9593873365174233
-6.977366638645037
-9.000166110953742
-9.304759800341955
-7.817951098563697
-5.116233499899948
-2.1493010918184012
0.17676268774657444
1.362689334690728
1.466305405600437
0.9879044529022849
0.5651405221221921
0.6366964570971447
1.2388234917498693
2.025143249189128
2.486802845264819
2.253366771250896
1.320388193076866
0.0911044914976
-1.87816364251
-2.88879726263
-2.64869010067
-1.31357282914
0.576520715276
2.32195252831
3.34292050131
3.38956269522
2.59855869497
1.3866896616
0.243993215601
-0.473903174557
-0.666267864806
-0.482071209894
-0.210944415821
-0.134290245855
-0.407649026511
-1.01926852037
-1.82768421101
0.28343451616
-0.0600055207483
-0.194811842558
-0.13746839704
0.0443077900661
0.271185266499
0.478587604509
0.623781700522
0.681152105519
0.63771706406
0.495562088266
0.278100935946
0.0308393632072
-0.190538509249
-0.342758629573
-0.416522195396
-0.442470694719
-0.474084869673
-0.553763701467
-0.680417298016
-0.799229252253
-0.823939793139
-0.683781890181
-0.371166489091
0.0377671429009
0.405806938646
0.594129943485
0.53081768086
0.252621189307
-0.104875042426
-0.368051675628
-0.409197622881
-0.211568297315
0.119189466793
0.405837155582
0.489056738991
0.310884504519
-0.0514060268801
-0.420277315449
-0.605904187639
-0.503255176024
-0.148400507364
0.295963522565
0.619779062588
0.669987961075
0.426583650264
0.0108015423801
-0.13778663586460027
-0.09038937778787215
0.20586446917747026
0.6579005829394617
1.075394516069295
1.2717846290138084
1.1648129006722598
0.8230412726647955
0.4321579729797236
0.196604529618142
0.22662545232283549
0.47012374607358254
0.7273575765211291
0.7449303698808194
0.3446637348813084
-0.47633394967586185
-1.5256721977674914
-2.4887665587656187
-3.062810871541714
-3.089653381606823
-2.6258521057071107
-1.9180770037150552
-1.2965635958580748
-1.0366611910255017
-1.2509689826843555
-1.8572063841184558
-2.629642422563066
-3.3036581242285763
-3.682194519558365
-3.6980194876383194
-3.412033827910264
-2.9602449179957375
-2.483838997181479
-2.078247570312783
-1.7800131347034096
-1.586057327383898
-1.482826829110465
-1.46167665985
-1.68965490426
-1.95082642574
-2.16840015387
-2.23747248098
-2.06487860794
-1.61943926492
-0.963823147895
-0.245033712787
0.358868060813
0.713653712345
0.788761471569
0.670052208525
0.516110741265
0.478003593222
0.622636167305
0.899523602821
1.1691405012
1.27889787458
1.14717796399
0.810766841267
0.409796689683
0.117427432162
0.0513824671519
0.214804635651
0.498617416781
0.74439174584
0.833372670224
0.752163345493
0.597519546773
0.516056913848
0.611670850683
0.873636335121
1.1696208677
1.31353984445
1.17592548718
0.777220836217
0.308189842465
0.0565127822272
0.267823674762
1.00745269447
2.09495418631
3.15200472632
3.74968807299
3.59056366227
2.64045826635
1.14635061964
-0.469359590086
-1.78787635381
-2.5601500017
-2.78097781736
-2.63894941798
-2.37376016244
-2.1201828552
-1.8249290111
-1.2843310884
-0.286119167597
1.21944282111
3.01466288158
4.64284274786
5.57189652602
5.42504728752
4.17098087009
2.17786120017
0.0950848485552
-1.39402702692
-1.84404562785
-1.22538349175
0.0693994013369
1.39273370284
2.10865931303
1.84419446105
0.622383315656
-1.16962620641
-2.95101735855
-4.17418021668
-4.51150133573
-3.93483042694
-2.67526684037
-1.10297903638
0.407829861086
1.57294592791
2.22892450765
2.3151162055
1.84128772149
0.870161879334
-0.478545671716
-2.01958348717
-3.51449481436
-4.71791497762
-5.44606211614
-5.63479975917
-5.35269000101
-4.75512965284
-3.99860034021
-3.16016532703
-2.2097039536
-1.05662732289
0.349133818325
1.91754569429
3.38359174545
4.37247799448
4.54843647164
3.78099209589
2.24274505007
0.376834267007
-1.26791631856
-2.26856616935
-2.51985289452
-2.28899019837
-2.09512248567
-2.45776120843
-3.62549942096
-5.41355784079
-7.23501169143
-8.32399703929
-8.05948780141
-6.24793504054
-3.23701551637
0.194270617592
3.12507152818
4.83847342251
5.07709679567
4.10451887435
2.55608913424
1.15422429037
0.417242137688
0.484667369366
1.12187961868
1.88356997555
2.34808729619
2.31254621869
1.86754481145
1.33234939069
1.09476288703
1.43565128322
2.41354251572
3.84764053282
5.39009853902
6.64416544221
7.27715545455
7.09379032027
6.06207903083
4.30398020882
2.06750582163
-0.311751844088
-2.46237506543
-4.04627544839
-4.83808642001
-4.79087526815
-4.05551919321
-2.93117256097
-1.75313517332
-0.759218870522
0.00345765749059
0.678153342885
1.49144034494
2.58086189519
3.84105251392
4.87710954039
5.11335781394
4.03373867783
1.45932994166
-2.26537627067
-6.28178724193
-9.44993763869
-10.7347508119
-9.60091698081
-6.25517183815
-1.62797804345
2.91123112167
6.00332786964
6.74462575117
4.96219238547
1.22422476846
0.3943026969950125
-0.14920300410986442
0.499373267799
-1.11894499082
-1.27471054814
-0.470911865229
0.667920622974
1.62843828236
2.14035968794
2.1829948496
1.89860358434
1.47545545658
1.05922812616
0.721308461551
0.476526013042
0.320042485824
0.252448154861
0.279193291024
0.392016545443
0.552402696062
0.694053242869
0.74667598674
0.667615210754
0.461313950869
0.173298880079
-0.139122982891
-0.442711798082
-0.749294406267
-1.10859743981
-1.57555630318
-2.1691957978
-2.84486673253
-3.49425549995
-3.97295428677
-4.14221257215
-3.90702972577
-3.23843625932
-2.17869790047
-0.836389668312
0.621638050883
1.98171487044
3.0066537229
3.48007198369
3.27049240099
2.396607459
1.06154446279
-0.374370921553
-1.4915638426
-1.95513055293
-1.64986309047
-0.743220967944
0.364100297877
1.19275513076
1.38571243484
0.867487817964
-0.115644354008
-1.10155684751
-1.62308887418
-1.42886518252
-0.608316176874
0.444195117569
1.21571021313
1.32629830137
0.724316905177
-0.274111082066
-1.12795226759
-1.33346789954
-0.680627423129
0.623916042706
2.0340429085
2.91189828966
2.83113894787
1.78921795528
0.221892063107
-1.1935484773
-1.85735064162
-1.53808321638
-0.494730272432
0.632088559653
1.11270766214
0.469910472979
-0.5716426210618977
-2.226534398676975
-3.7058500797604665
-4.274618558927756
-3.56559978732966
-1.7297598000047572
0.6362509360956352
2.7437100089628927
3.927788962369206
3.889074960516794
2.7686670237487476
1.0465503532469285
-0.6699893236231418
-1.8642847304703025
-2.24681962002
-2.46051058975
-1.96144104798
-0.974672886878
0.258093068135
1.49936677227
2.50962904703
3.05431555242
2.95163165377
2.1527303942
0.810417682206
-0.717627793769
-1.96008381553
-2.49745343736
-2.13505023216
-1.00064454395
0.489118194492
1.78981915937
2.45118751967
2.29974209529
1.49728385108
0.448491677939
-0.396478486995
-0.748007704529
-0.592864045984
-0.168193610244
0.185671726144
0.21257389956
-0.130296846009
-0.665721726124
-1.10975895751
-1.23864504825
-1.01581713088
-0.609320284412
-0.291187528377
-0.275907163863
-0.589211746489
-1.04245503187
-1.33017688952
-1.20017916003
-0.603710896222
0.258601596602
1.02508780026
1.35352749665
1.10047138782
0.403735855902
-0.378737777197
-0.845590264593
-0.754754088564
-0.147352612828
0.672315670375
1.29147563377
1.39891633433
0.942078167637
0.150498272744
-0.585286454063
-0.914998872778
-0.704514789936
-0.0954147088679
0.580463097135
0.983281311973
0.945571623435
0.55452990366
0.0939329220791
-0.120546675035
0.0784437172933
0.612943632753
1.19869456536
1.49832216539
1.30418508609
0.650006037215
-0.21041966493
-0.945453188335
-1.32888551154
-1.36002278661
-1.25011474859
-1.27930366307
-1.603450938
-2.12387355648
-2.50443752945
-2.34225603419
-1.41089539183
0.154000763603
1.83821122783
2.93261642014
2.84465456474
1.39190793319
-0.45693952410458394
-2.5388909677043188
-3.9731430829164935
-4.155043936842759
-3.0212098890263945
-1.0719904263313964
0.8635032975643497
2.0121282668947345
2.011136881975389
1.0657370101076964
-0.16335284502360992
-0.8870783931261883
-0.5731856082685596
0.7934857056732625
2.6972851919042142
4.328610632907811
4.958004539357717
4.272781016437008
2.5234120006209224
0.418987626506
-2.03781839866
-3.30942331528
-3.17078918489
-1.89297465302
-0.0859752724242
1.57624098722
2.61771353325
2.89962887493
2.59528963862
2.03870617463
1.53609205464
1.23251686406
1.08525108609
0.936302463899
0.630375477661
0.111670397425
-0.545208038559
-1.17479481599
-1.60004447169
-1.70730097988
-1.48434637047
-1.01425147883
-0.440449831219
0.0735307600017
0.374125274605
0.336945597366
0.5481505700416562
0.3359322420738948
-0.2152867608555482
-0.922804454031
-1.90080285452
-2.52903496456
-2.63815111089
-2.2129362508
-1.40796283688
-0.493893626664
0.24803875954
0.637908273511
0.663180655987
0.467016948072
0.264806380632
0.231318455511
0.415986531734
0.728860118641
1.00204247044
1.09104172602
0.959460924069
0.700612835273
0.485582407587
0.468981817238
0.707467449228
1.13802398284
1.62711562259
2.05848714488
2.40232461473
2.71782387151
3.08160808951
3.48367473234
3.76121183518
3.62872242974
2.81242135772
1.23274640878
-0.863093038269
-2.90881043776
-4.19693114952
-4.17000438759
-2.69855564124
-0.205954563108
2.44271217003
4.26513421709
4.57140436879
3.27762670009
0.972516260258
-1.3095033097
-2.52220633359
-2.06266237352
-0.0447724208882
2.7351044909
5.13029474192
6.12952490552
5.28267250269
2.88073324325
-0.184167500012
-2.80953098728
-4.14600886662
-3.93026265322
-2.55049324638
-0.832761937156
0.340554503505
0.403132380454
-0.691096710917
-2.50327165154
-4.34402727863
-5.58374442384
-5.89655675957
-5.34323857044
-4.28204195723
-3.17384271417
-2.38342263147
-2.06167699473
-2.14024465572
-2.41235535508
-2.6409079439
-2.63892707678
-2.29916802229
-1.58575906261
-0.519305714779
0.820787547685
2.27828499267
3.61146682302
4.52341463308
4.74142895902
4.12349069925
2.74445850858
0.91352453308
-0.899074696902
-2.20641578894
-2.66552966724
-2.18991975892
-0.97077896312
0.595414755452
2.03619300169
2.9348569092
3.02075462156
2.20351885351
0.565774978683
-1.65973221172
-4.11359298468
-6.34142328963
-7.85652729322
-8.24858711812
-7.32283966559
-5.2177349013
-2.43220262286
0.285113452595
2.17469619277
2.75390412313
2.03074592953
0.532418367632
-0.891368454189
-1.42686024772
-0.666507856169
1.18208418775
3.36164631113
4.89638132278
5.05084642235
3.70592899148
1.465556715
-0.575519766947
-1.31430452413
-0.15886338674
2.65843454886
6.13078522818
8.88252935084
9.75594283926
8.31505572965
5.03516636158
1.0892428308
-2.1713517647
-3.80248306754
-3.65019427055
-2.3589970148
-1.01112369881
-0.575709984702
-1.43345299338
-3.20166951223
-4.93775482005
-5.61739170428
-4.65464584211
-2.21488236643
0.82640317341
3.25649689662
4.05333842379
2.82436916224
0.36999823489313144
-2.7314311687349715
-5.327954696420505
-6.574416691997811
-6.2366375607242475
-4.711250199717057
-2.780816147661625
-1.2396844295662675
-0.5689732704703232
-0.7957460030867054
-1.5708171304134595
-2.3952668702715982
-2.867730386878975
-2.835196082997797
-2.3956225627116225
-1.78171442299
-1.59382307331
-1.54390945781
-1.60178185141
-1.67912462432
-1.71718356371
-1.7325024272
-1.7938028503
-1.9505108935
-2.16528495746
-2.30086998133
-2.17797774801
-1.67633794492
-0.822123682642
0.191302540293
1.06785938137
1.53108516358
1.44535262327
0.876887063922
0.0665371574513
-0.669162270477
-1.05831889202
-0.959581832502
-0.381629990044
0.557797518141
1.6976045615
2.88266274366
3.97563740472
4.84125165381
5.33438972169
5.3210154315
4.73555289192
3.64618953425
2.28217189602
0.988540548156
0.110842660735
-0.144482283045
0.195090796573
0.874066875645
1.52430725273
1.84055157395
1.72925369498
1.35017875115
1.02112191961
1.02784313466
1.43654733314
2.01358285003
2.30855674867
1.87428131022
0.521265187522
-1.52365554772
-3.64738597577
-5.07403541244
-5.18993643128
-3.82215878087
-1.33690720543
1.49498149138
3.80900189895
4.99370167381
4.91524887795
3.92107956502
2.63065517846
1.62308029692
1.17760063642
1.19119082724
1.30417212211
1.15759183065
0.639333344124
-0.0166767446016
-0.336235410042
0.134441353893
1.54670532245
3.59605667613
5.58743557115
6.7028091714
6.35401932247
4.45871494606
1.50952346796
-1.59955905385
-3.91563914449
-4.79027394566
-4.11081022646
-2.31042627844
-0.166992582451
1.51128732778
2.17779409251
1.70591092539
0.372000949207
-1.30179852155
-2.76007972675
-3.59283318313
-3.62585743653
-2.91806419885
-1.69833997108
-0.284703419455
0.986256025134
1.81507056232
1.98950702127
1.43416801408
0.24803209356
-1.29525161166
-2.80587269588
-3.89280754114
-4.30000404605
-4.00667119453
-3.23993590789
-2.38309954795
-1.8122553067
-1.73274751103
-2.09270372005
-2.61750038801
-2.9510963446
-2.83643726461
-2.24580850886
-1.39554928353
-0.637259716615
-0.280508368303
-0.43751094555
-0.969347436366
-1.56103588381
-1.88601643439
-1.77414383786
-1.29565285876
-0.717845888554
-0.358307968823
-0.412944588841
-0.850197795787
-1.42741764817
-1.82025710527
-1.79572081143
-1.33625572527
-0.648506589413
-0.0521468383315
0.191471499326
0.0187274931727
-0.403844870597
-0.771625361696
-0.808779237103
-0.419579577495
0.258174846797
0.927312515695
1.29344824355
1.22717705659
0.837250784945
0.413123974929
0.266135114416
0.554753595115
1.18996951692
1.87534770084
2.26397038599
2.14999493705
1.59101802875
0.891640690009
0.451600004053
0.555312821179
1.2141397043
2.14845688118
2.92489257979
3.18165567942
2.82528629594
2.09273265542
1.43972168052
1.30641513629
1.87784450756
2.96416580841
4.06870381634
4.617734138
4.24234307334
2.97253174067
1.24353669318
-0.294642210448
-1.07624226214
-0.884091837912
0.0486425239928
1.14907824493
1.77468917443
1.51330392746
0.370348418076
-1.2433142341
-2.7127078857
-3.50913579036
-3.43013236993
-2.67816732576
-1.74802713444
-1.18464476829
-1.33129903837
-2.18601613934
-3.42569919994
-4.57424898601
-5.22454002084
-5.20579732477
-4.62342306907
-3.76649445606
-2.94302448824
-2.33270698801
-1.92910988513
-1.5906620509
-1.16160928676
-0.590543547964
0.0193086212375
0.45321588474
0.495267117275
0.044940354341
-0.821941777394
-1.87823732282
-2.84117015257
-3.48803609417
-3.73414125455
-3.63833423373
-3.34115179027
-2.97509476156
-2.59807001033
-2.18471164409
-1.67611074022
-1.05533759565
-0.401607457261
0.112776635148
0.287889406807
-0.00467150996417
-0.737527518868
-1.70270539057
-2.56514930532
-2.97850039362
-2.71899399499
-1.78420087706
-0.416226601
0.962535615167
1.88097148445
1.97444606343
1.11227800713
-0.54463806501
-2.57635447628
-4.41951534634
-5.53380757182
-5.5700967445
-4.48753347238
-2.57881102506
-0.38882327837
1.45376430164
2.44045392252
2.353153744
1.33763527404
-0.15158330862
-1.51946156653
-2.25083392881
-2.09799109042
-1.16036956394
0.176286781719
1.4153974722
2.16432300876
2.29554362027
1.98486487274
1.61239477099
1.57399259174
2.0909506203
3.10487760915
4.30340922799
5.2603102833
5.62070026678
5.24391625702
4.2411288054
2.89912494936
1.53783006229
0.378749265543
-0.509888755461
-1.17100447519
-1.65422549748
-1.91865770079
-1.8082657033
-1.12395608235
0.24018600804
2.170471952
4.29391278219
6.06323059613
6.94241996
6.61488446303
5.11888902093
2.84449817982
0.388876425111
-1.382555281399462
-2.3966047915255047
-2.6155832892873008
-2.279935450866617
-1.7562990463689232
-1.3565257164154048
-1.214899725088216
-1.2744495136926446
-1.3739893908581706
-1.3765902549152287
-1.2633759185170845
-1.1410715353032401
-1.162931579836794
-1.4122697907760227
-1.81911316145
-2.54514349258
-2.92888551945
-2.77247472001
-2.07102264992
-1.03698229324
-0.0195630218085
0.644916533442
0.780758309765
0.448499916097
-0.0861775892083
-0.473279907942
-0.430923043934
0.139687667884
1.12295329492
2.24495870514
3.18144061627
3.66559762808
3.55525824536
2.84827514504
1.66295393998
0.210477604639
-1.22527179682
-2.30784220164
-2.69140096659
-2.10467962656
-0.466232597045
2.01244489777
4.79772551819
7.12594586565
8.2167484705
7.54662180811
5.0776907733
1.33646387431
-2.712316063
-5.96840089676
-7.56770214859
-7.17786214345
-5.09787023031
-2.1213834971
0.777209922887
2.80078543448
3.5835813956
3.24474499447
2.2376194937
1.08187803073
0.112162131787
-0.641049010612
-1.39401554188
-2.42005857299
-3.83447794241
-5.46830771956
-6.89618337135
-7.6045779988
-7.21749681424
-5.67076170028
-3.25396922739
-0.50484141259
1.98986124389
3.7933265721
4.73189947506
4.88476657972
4.47393916238
3.72227164806
2.75339008711
1.576184566
0.147227327102
-1.0322599355036317
-2.3620234946998266
-3.631629992367124
-4.588190680759354
-5.02789668812639
-4.866313583235424
-4.154065333100547
-3.0369511312847237
-1.689623652111095
-0.2628387687905871
1.1291280261225864
2.3829450707574864
3.370868792063675
3.9318314092953557
3.909784386967388
3.229791137792134
1.9745634516445278
0.4153471125184325
-1.032359767258768
-1.92326011861
-2.43432580036
-1.95913296344
-0.671173499968
1.03622181827
2.67419479823
3.80556009606
4.16163521844
3.69384207614
2.55524325364
1.03336575437
-0.533322865712
-1.82886819314
-2.6121921313
-2.75084566928
-2.24222923116
-1.22201112661
0.0494674432654
1.23405576871
1.99732125982
2.10775057415
1.52011663
0.406297146042
-0.887746001895
-1.95092289847
-2.44440333719
-2.21501599906
-1.34057087762
-0.091567611028
1.17097551768
2.11689091808
2.53971322309
2.39217566643
1.76496264633
0.833180187114
-0.198574673949
-1.13360559631
-1.8042145804
-2.09147420567
-1.9559602054
-1.47411833716
-0.855051270483
-0.406702654588
-0.438100340396
-1.12045652116
-2.36563502755
-3.79246975709
-4.82552758553
-4.91254218083
-3.78131082268
-1.61882568991
0.929380503364
2.97162517395
3.72826874802
2.88951541395
0.80657463748
-1.59237169725
-3.15368283076
-2.98470086249
-0.868083270538
2.5874843871
6.14655629014
8.43075241283
8.49087389682
6.22241601195
2.43892471742
-1.4383136721
-3.94986658928
-4.18902720566
-2.16584989803
1.20579165536
4.48641519133
6.28934413938
5.81645008889
3.13739568208
-0.883102626903
-4.95433924942
-7.85333926843
-8.83836426004
-7.83397483089
-5.35194169476
-2.2247426021
0.709234180983
2.83843235475
3.86350167671
3.75144012748
2.63007459977
0.700436447002
0.4528075711191235
-0.05822997642999894
-0.46681752199246773
-0.3840080466821263
0.502124467024
0.0686978964954
0.404880584452
1.12431290023
1.74152132573
1.86490953351
1.35924041061
0.399070961556
-0.616360546719
-1.24995526072
-1.22855928226
-0.565405689964
0.452316580438
1.40060453641
1.91101870437
1.82534685909
1.24261228297
0.44472609211
-0.253120691176
-0.64816938985
-0.721662532252
-0.609774364517
-0.501200666985
-0.523863330649
-0.682489187129
-0.875130439961
-0.970456634007
-0.895021384486
-0.678000729773
-0.429383160589
-0.268560311918
-0.249536580839
-0.32976476565
-0.402002182484
-0.369261284664
-0.215464928172
-0.025544963747
0.0615132147644
-0.0582192856677
-0.375743978263
-0.753558281276
-0.9897125907
-0.931734879909
-0.577172834258
-0.0985217450664
0.231866653516
0.185463703439
-0.284843911946
-0.992726081012
-1.59159230406
-1.74653907614
-1.32075097596
-0.475147663599
0.382974967408
0.791173302538
0.475402708337
-0.478281247159
-1.62213599521
-2.33379391224
-2.11444696203
-0.85680664215
1.05501471419
2.8780132526
3.82867875257
3.44603642572
1.82758219536
-0.381735647436
-2.25473631594
-2.98789353425
-2.26368062473
-0.400199684791
1.78538463987
3.34079998301
3.60467767389
2.49927877903
0.555752924325
-1.3385206117
-2.35282810091
-2.09594979125
-0.794712746856
0.809983221636
1.7980839243
1.48160956152
0.33696887527172237
-1.8175855496657647
-4.126864697577389
-5.683800001894156
-5.888989456539619
-4.663451612574306
-2.4385310013735335
0.051897417582452476
2.0713299574486683
3.1411600630328707
3.1645555741756937
2.38809278881547
1.247433727901722
0.18276878874799252
-0.496219959904
-1.28603692045
-1.57082162303
-1.44405394548
-1.02456398425
-0.43464776616
0.196880289158
0.732452079244
1.04567611689
1.06331735219
0.806355809105
0.399119189679
0.0289892520019
-0.132743039144
-0.01231951485
0.326632536351
0.710952226327
0.944751080171
0.913072440019
0.647555778069
0.315842249784
0.135261899425
0.252517459251
0.652324628262
1.14660080897
1.45608173628
1.34787547589
0.760672775265
-0.148285079542
-1.063475612
-1.65388549812
-1.7302310793
-1.33823383326
-0.738828932329
-0.281334712943
-0.229410561228
-0.624839907164
-1.25743514798
-1.75823875837
-1.77269737929
-1.13068850829
0.0687612343705
1.49866234678
2.75003824777
3.51037590507
3.68710371961
3.41720704937
2.96211824898
2.54544471418
2.22046814304
1.83954434182
1.14544552913
-0.0590173155538
-1.75019954201
-3.61958984283
-5.15099838885
-5.81573729666
-5.30300670856
-3.6803365604
-1.40552016142
0.824323944808
2.32831374122
2.69610178806
1.9343082846
0.445064068857
-1.15071883075
-2.26682481473
-2.57345665648
-2.09699893069
-1.1645203498
-0.228515450966
0.34297938625
0.416512299517
0.12245948913
-0.239151161439
-0.362715954633
-0.0893710965988
0.522923459515
1.23870498655
1.76724973549
1.90289781635
1.61309065668
1.03252304628
0.370117459731
0.7356572490393631
1.1755394911973838
1.53118231762069
1.5707221383948706
1.1349953779232038
0.2702905390175374
-0.722951926545
-2.24360337648
-2.91668497709
-2.44757966131
-0.893331362327
1.31040319886
3.47150302713
4.87356480239
5.03137121199
3.86993589102
1.75537188069
-0.636375034828
-2.56297172406
-3.477632873
-3.21008613842
-2.00115070633
-0.384725089986
1.02936213409
1.78232614095
1.71549711331
0.990458716075
-0.015742299309
-0.886556737966
-1.33506571629
-1.29803709281
-0.924095660495
-0.472685208439
-0.177188991678
-0.136507498608
-0.281597119372
-0.426555043408
-0.375092932514
-0.0297261476837
0.54785527876
1.1528056727
1.52195455486
1.44936477562
0.881639430705
-0.0485488193023
-1.06543285654
-1.85221270082
-2.17083096939
-1.95170626042
-1.31856475407
-0.539615928423
0.0752021473554
0.291331084509
0.037221717286
-0.569310232688
-1.26472518957
-1.73680952954
-1.73996404522
-1.1877995265
-0.190605781303
0.975334514092
1.95610518764
2.43605151422
2.24184320729
1.39961564865
0.126426950282
-1.23997882523
-2.34792386499
-2.93785745911
-2.91203048131
-2.34650592776
-1.44595691797
-0.462264664101
0.390650823993
0.995191065204
1.34470680948
1.51648878923
1.62114629575
1.75263511989
1.95800534872
2.23310167518
2.53717977918
2.81254617257
2.99776839329
3.03218733251
2.85891105727
2.43652275881
1.76358848953
0.907777302035
0.0206819921048
-0.681623227467
-0.97999182328
-0.741539851429
-0.00202834911182
1.00133362356
1.87648778348
2.20115516648
1.68678493736
0.317166654327
-1.6028797679
-3.52326119515
-4.83329677965
-5.09053561588
-4.20306487158
-2.48626073159
-0.561987430319
0.867517723574
1.28467499224
0.554301810317
0.43015111184644184
0.060530809378192885
0.117938343637
-0.433706385483
0.00825757455453
1.13390194093
2.36897054926
3.11505330348
2.99007152972
1.97201547562
0.392774475163
-1.2073810712
-2.29834836635
-2.56050424305
-1.98967030272
-0.87399601038
0.336347530726
1.20588788487
1.46500638853
1.0822812028
0.242014105379
-0.75094342115
-1.59337094042
-2.08504570721
-2.17763787007
-1.9639133631
-1.62159230048
-1.33774434574
-1.24000305146
-1.35376341859
-1.59485879934
-1.79826360778
-1.77572315585
-1.38808977109
-0.61170022353
0.425182741265
1.45611876212
2.14736607158
2.21171608693
1.52941430381
0.22836349902
-1.317734464
-2.58816423483
-3.08725270883
-2.53100393975
-0.974790795447
1.17621067179
3.28973564758
4.72433039018
5.0619413978
4.26325988458
2.68089443466
0.921491341831
-0.389941493884
-0.848818429669
-0.416112369556
0.587823748818
1.63457226318
2.2169400537
2.05753670284
1.20951959543
0.0114946842644
-1.07698032238
-1.68182728323
-1.67011925813
-1.18873992059
-0.574908687009
-0.185629422248
-0.227950510593
-0.66828135336
-1.25970020672
-1.67024959498
-1.64881770306
-1.14946766468
-0.356482559978
0.399861169792
0.795415729523
0.65972305863
0.0497967338994
0.17500894799026412
0.3967623956600761
0.9486230882287288
1.863872262915379
2.957298816933559
3.9115765490284957
4.428750587123844
4.377287403784834
3.86708945479
2.24731208585
0.892335021452
0.12780085268
0.0720612888701
0.596895833714
1.39251857256
2.10475167339
2.4809808173
2.45973237837
2.16671491639
1.82456827734
1.62358096897
1.61772011382
1.69671644482
1.647272814
1.27261388805
0.510414669853
-0.511313223701
-1.51193859418
-2.1762066783
-2.29940272247
-1.89101436567
-1.18498014044
-0.546676652938
-0.315041080581
-0.650107496774
-1.45630826575
-2.41921181575
-3.14227197689
-3.32390988211
-2.8953567753
-2.05588183613
-1.18751636761
-0.685738987814
-0.781035344743
-1.43109010681
-2.33221327943
-3.04553468085
-3.18261731695
-2.56942757449
-1.31835588338
0.220264337291
1.60242099512
2.4652300651
2.65702906771
2.27123885493
1.57766903013
0.890032493447
0.433002205294
0.266375669077
0.292649194135
0.333933385988
0.234143288907
-0.0641363225589
-0.500906155825
-0.939648297713
-1.24101926489
-1.33042060793
-1.22870521741
-1.03711928132
-0.890317987136
-0.903253951454
-1.13446701695
-1.57429601203
-2.15183036207
-2.74822678361
-3.20909575327
-3.35979637809
-3.03492950119
-2.12929650601
-0.661879639741
1.17438887623
3.01301210676
4.38913053276
4.88325062174
4.2890648508
2.73530360377
0.695510608877
-1.14238339744
-2.1154692926
-1.84810361567
-0.427786921442
1.59026140708
3.36886905809
4.10277828203
3.33778657697
1.16181413097
0.6189706802749129
0.16583639086107382
0.629142808091
0.035304373498
0.675439945931
1.94749465991
3.03295140027
3.24768291929
2.32631396341
0.522390438812
-1.51141913672
-3.00411121043
-3.38357302704
-2.49685657298
-0.649106248317
1.54117736099
3.39581931706
4.42629465049
4.47901877594
3.73195293553
2.565770845
1.38202735704
0.451590411125
-0.150696660613
-0.516629033219
-0.814681776506
-1.19235930614
-1.71404554326
-2.34983920368
-3.00298809884
-3.55025478745
-3.87476754879
-3.88685647539
-3.54159170228
-2.86212456591
-1.9652917395
-1.07018992911
-0.465244339304
-0.422980733395
-1.08074656445
-2.33506045489
-3.80830106591
-4.92734024166
-5.1079840653
-3.98589386113
-1.60055409328
1.55563138821
4.66295632361
6.84205204294
7.46588553952
6.39213253997
4.01908710455
1.13922089183
-1.35134812898
-2.76953989935
-2.86197224551
-1.84196617127
-0.246655654075
1.3105241069
2.37896029216
2.8037074777
2.71178956861
2.38198234382
2.07698723516
1.92292697327
1.88529173312
1.83462051622
1.6496329867
1.29303395031
0.819592624269
0.321069810895
-0.148597309668
-0.613930609042
-1.15371792607
-1.82429277155
-2.57954295325
-3.24512306958
-3.57708457047
-3.386059575
-2.66443889877
-1.64170936186
-0.72243968183
-0.319992754543
-0.657392709894
-1.63319053656
-2.82771805632
-3.66158121856
-3.64347170104
-2.59588613488
-0.751236503377
1.33217369228
3.0008462487
3.77964129783
3.56269263723
2.63482906283
1.51744133192
0.716316687271
0.494205936345
0.775543441991
1.2227667215
1.43740002514
1.17792988288
0.481131848878
0.6973677857592264
1.106287469384526
1.918802911548454
3.0685844669563807
4.226266913119375
4.962817187523157
4.98046251735677
4.291577868420077
3.24949210508791
2.40899593473
1.08293365288
0.705283270635
1.13403952976
1.92649493061
2.55749968821
2.66928828532
2.22795886951
1.5099038028
0.928877929096
0.796281176415
1.14146239028
1.68747534622
1.99646772348
1.70941224152
0.753594567138
-0.594568993599
-1.83038531367
-2.46869896785
-2.29320357061
-1.47637848614
-0.501686607608
0.0801715098214
-0.0582844553156
-0.832845629335
-1.76435406624
-2.20398742647
-1.66472099764
-0.0979406787809
2.0266310052
3.88953380311
4.67184318896
3.92997690663
1.82033120375
-0.935939157302
-3.3397865444
-4.52895211223
-4.13751765747
-2.44221840876
-0.234044337678
1.52343341397
2.0952814092
1.2618379638
-0.625131935483
-2.82561007063
-4.53789813183
-5.21767745799
-4.7553321629
-3.45296809594
-1.83780355829
-0.417604963759
0.503501765305
0.875170034559
0.818527625594
0.479369128648
-0.0900712432048
-0.953236028077
-2.20738289361
-3.85074249571
-5.68188053893
-7.29908859642
-8.21561138031
-8.04511772993
-6.67241457795
-4.32674454496
-1.51787077933
1.14239932693
3.15843084487
4.31620935822
4.72765594859
4.73927352184
4.74905115128
5.01282180491
5.52235244325
6.00400048476
6.0350109212
5.22697625618
3.40140787626
0.688532360879
5.21354962003
2.35808637384
0.217525829852
-0.819663878683
-0.675097207869
0.407597837928
1.95725757697
3.4420624564
4.44945817181
4.81411550532
4.64613734636
4.24774972874
3.95025280276
3.93800173153
4.13715056151
4.22565186559
3.77202247846
2.45147743677
0.244790325831
-2.47964896653
-5.05834634777
-6.78188750767
-7.2045254714
-6.37426337561
-4.86093607332
-3.53887249349
-3.19227632484
-4.10648328126
-5.83896430733
-7.30702458539
-7.19999435699
-4.57374300623
0.618206883533
7.3067047773
13.5435441333
17.1506108536
16.5559613019
11.4884203361
3.23190249615
-5.70072292591
-12.3867541594
-14.5146384768
-11.2227260256
-3.43185707675
6.4603514752
15.4094347282
20.7639878639
21.128133596
16.739999533
9.25728768116
1.07113772429
-5.56198075682
-9.23743953331
-9.72611403846
-7.83825925752
-4.94431921645
-2.38424318643
-1.00468185329
-0.974482795295
-1.89318847369
-3.08829612607
-3.94244627873
-4.11399590104
-3.59014947073
-2.59729444919
-1.44777053326
-0.407163718197
0.369933996342
0.837352558842
1.02332522599
1.00296280285
0.891802422072
0.845846262551
1.04012855218
1.61004665344
2.56980432752
3.75016966937
4.80306007893
5.29546632629
4.87024745923
3.40998239086
1.12652178437
-1.47585296599
-3.7609510083
-5.18365083309
-5.48145186104
-4.75174504952
-3.38298409487
-1.87489547092
-0.633056411143
0.168179816403
0.597447159822
0.859712075567
1.13648265423
1.46172449818
1.69965240922
1.63400617261
1.1176610624
0.198146104936
-0.853867811289
-1.63582271003
-1.7842105411
-1.14253063306
0.156600483265
1.73572362275
3.12088399057
3.92105493266
3.95334250036
3.26070838006
2.02778586922
0.454175803218
-1.33585075696
-3.29394713408
-5.36236314372
-7.36341581228
-8.94842349324
-9.66545610553
-9.140784306
-7.29786528912
-4.49909233245
-1.5144033013
0.706033284421
1.38243139119
0.235406548883
-2.35734467635
-5.46657629999
-7.95618822755
-8.93382762875
-8.11773833332
-5.95711376567
-3.44521586746
-1.69801226079
-1.47628116094
-2.85751238134
-5.20101739084
-7.42236901911
-8.45813260848
-7.71928884029
-5.33857057547
-2.10946890278
0.849373161085
2.55258655587
2.52957801037
0.971076548163
-1.40734211742
-3.70629025543
-5.22421711043
-5.70832161753
-5.3741117007
-4.70606341152
-4.1532151773
-3.87656585974
-3.67197826143
-3.10131126412
-1.76067346468
0.452275394197
3.20913682876
5.82985170255
7.54004246081
7.79125390566
6.49822627841
4.08527358281
1.321478691
-0.979872304127
-2.26299567714
-2.40180651576
-1.67576105509
-0.574995336534
0.462222091482
1.25023172873
1.90100051404
2.69891475935
3.87560360944
5.4047031934
6.92763945425
7.85859372216
7.62966360437
5.96696732076
3.06824000292
-0.40776480119
-3.5478207567
-5.50748208903
-5.81905280497
-4.55734167894
-2.29651921497
0.120420011078
1.90110744559
2.58114506698
2.15282702866
1.00718781852
-0.268267620338
-1.13736311372
-1.30079470666
-0.750978450643
0.305658181882
1.59948121027
2.93439600802
4.24047307375
5.52359845896
6.75183585025
7.75439996249
8.20478816369
7.71657657521
6.01967693224
3.13655159539
1.871942831699144
0.5320306456125508
-0.068622861361
-1.78397622108
-1.89592179733
-0.687955966155
1.1424492445
2.73846348496
3.40120994944
2.84502378373
1.28995245454
-0.64337609178
-2.19146527109
-2.7526380621
-2.11679684125
-0.53214494307
1.4106041063
3.02190425657
3.78146913582
3.52281782485
2.4660864466
1.09645152492
-0.0515754755846
-0.609360255855
-0.501149806781
0.0618749628717
0.706290274466
1.07650605734
0.987838136722
0.487775892825
-0.194597558502
-0.779855478315
-1.08394714837
-1.10818565619
-1.03118649747
-1.10710595889
-1.5188734502
-2.25729706973
-3.08695596751
-3.62181270272
-3.48395038752
-2.47948227205
-0.714115798449
1.40706279046
3.30389345751
4.42530794214
4.45358498548
3.4260173717
1.7230647802
-0.0742445363167
-1.40156478347
-1.91652983614
-1.61083533917
-0.786910403484
0.0867553105981
0.578003754641
0.465598672957
-0.184815924748
-1.06992196923
-1.7954781193
-2.0527020958
-1.74707792127
-1.02710911292
-0.207080619699
0.375372994087
0.500155535107
0.142915834976
-0.537615433576
-1.28779299618
-1.87422708152
-2.16988689789
-2.17520421175
-1.97453661816
-1.66163601841
-1.2810461509
-0.819388851146
-0.248923538034
0.406924406542
1.03193964312
1.43439891459
1.42574403934
0.925833218815
0.0383543172236
-0.952550674687
-1.67809163943
-1.83966086273
-1.35406216558
-0.416470331058
0.559461858903
1.10961812321
0.927687361293
0.020896671647
-1.26239745585
-2.35522146704
-2.69979945534
-1.98652718194
-0.301457263349
1.88303004159
3.87273525287
5.0031817504
4.87400442487
3.4723391161
1.14251638864
0.4334519190949635
-0.13022922076736165
-0.19678584882477423
0.344850652592
-0.604959247505
-1.16316707527
-1.41829678132
-1.35853021215
-0.91222026062
-0.0462617728168
1.14126210571
2.39534411997
3.37050663212
3.76417020246
3.45291068632
2.56117290878
1.42209553371
0.442198956779
-0.0701520169992
-0.0328064568673
0.386135745357
0.859486852596
1.06291872923
0.828890265604
0.217861816085
-0.526847563429
-1.11611588216
-1.37305154799
-1.32952493263
-1.20857733516
-1.29743296914
-1.77284046157
-2.56872387425
-3.36051561747
-3.68691753757
-3.16270052021
-1.68739863308
0.451360494628
2.63967972669
4.15229977787
4.43811705701
3.35705538302
1.2636455909
-1.10621469227
-2.90687274061
-3.50681826113
-2.73476074238
-0.94794192399
1.10555806434
2.57569708492
2.83584443427
1.71750361447
-0.433933777617
-2.89800037841
-4.85215471888
-5.66995055168
-5.13192803374
-3.47712596807
-1.28825254207
0.734013583152
2.01650263539
2.29009479994
1.64385115802
0.453776361384
-0.772419243625
-1.57102005109
-1.65951165144
-1.00067729771
0.210604561468
1.61869185824
2.80796485074
3.40730076859
3.18072205873
2.09280489006
0.3382532776
-1.67653432518
-3.40947422894
-4.31383213096
-4.00068032568
-2.38715431386
0.225758246024
3.19107210921
5.67986006553
6.9338448825
6.52613102872
4.53292743801
1.54044889139
-1.53279266074
-3.74692218161
-4.47587982137
-3.63973652118
-1.73952891606
0.32675213866
1.60244804703
1.4367686127
1.0488001880577826
-0.38188753340119774
-1.963440312487137
-2.7521283720349885
-2.1149990039978377
0.03060987320914421
3.1898872285819664
6.479903464522195
8.95636363502986
9.95038763832872
9.292152314869469
7.349570030818967
4.884378559921913
2.79353803913
0.0916496317873
-1.05401480599
-0.628943211756
1.02337705557
3.33447171891
5.67116662359
7.47709900148
8.37093082816
8.19676122109
7.0320809387
5.15850089297
2.99747371951
1.01520914771
-0.389334864199
-0.986900406625
-0.778191068375
0.0126745129418
1.01382068499
1.82497192346
2.13589806446
1.7998496667
0.839574703321
-0.603868823664
-2.34293385262
-4.19421144267
-5.98547296387
-7.53008088136
-8.60683493472
-8.98581848659
-8.5134298449
-7.22537066413
-5.42077300445
-3.62921095979
-2.44458872864
-2.27103983973
-3.09100897665
-4.38563992255
-5.29066391139
-4.96773342304
-3.05458298991
0.0142570716295
3.0056654715
4.27785744099
2.46067427272
-2.83177017433
-10.5756033642
-18.4418361241
-23.4760216117
-23.1531788402
-16.4216040653
-4.30938934615
10.1944069408
23.0011225063
30.2465092325
29.5985865914
21.0578674898
6.94405614139
nan
nan
nan
nan
nan
nan
nan
nan
nan
nan
nan
nan
nan
nan
nan
nan
nan
nan
nan
nan
nan
nan
nan
nan
nan
nan
nan
nan
nan
nan
nan
nan
nan
nan
nan
nan
nan
nan
nan
nan
nan
nan
nan
nan
nan
nan
nan
nan
nan
nan
nan
nan
nan
nan
nan
nan
nan
nan
nan
nan
nan
nan
nan
nan
nan
nan
nan
nan
nan
nan
nan
nan
nan
nan
nan
nan
nan
nan
nan
nan
nan
nan
nan
nan
nan
nan
nan
nan
nan
nan
nan
nan
nan
nan
nan
nan
nan
nan
nan
nan
nan
nan
nan
nan
nan
nan
nan
nan
nan
nan
nan
nan
nan
nan
nan
nan
nan
nan
nan
nan
nan
nan
nan
nan
nan
nan
nan
nan
nan
nan
nan
nan
nan
nan
nan
nan
nan
nan
nan
nan
nan
nan
nan
nan
nan
nan
nan
nan
nan
nan
nan
nan
nan
nan
nan
nan
nan
nan
nan
nan
nan
nan
nan
nan
nan
nan
nan
nan
nan
nan
nan
nan
nan
nan
nan
nan
nan
nan
nan
nan
nan
nan
nan
nan
nan
nan
nan
nan
nan
nan
nan
nan
nan
nan
nan
nan
nan
nan
nan
nan
nan
nan
nan
nan
nan
nan
nan
nan
nan
nan
nan
nan
nan
nan
nan
nan
nan
nan
nan
nan
nan
nan
nan
nan
nan
nan
nan
nan
nan
nan
nan
nan
nan
nan
nan
nan
nan
nan
nan
nan
nan
nan
nan
nan
nan
nan
nan
nan
nan
nan
nan
nan
nan
nan
nan
nan
nan
nan
nan
nan
nan
nan
nan
nan
nan
nan
nan
nan
nan
nan
nan
nan
nan
nan
nan
nan
nan
nan
nan
nan
nan
nan
nan
nan
nan
nan
nan
nan
nan
nan
nan
nan
nan
nan
nan
nan
nan
nan
nan
nan
nan
nan
nan
nan
nan
nan
nan
nan
nan
nan
nan
nan
nan
nan
nan
nan
nan
nan
nan
nan
nan
nan
nan
nan
nan
nan
nan
nan
nan
nan
nan
nan
nan
nan
nan
nan
nan
nan
nan
nan
nan
nan
nan
nan
nan
nan
nan
nan
nan
nan
nan
nan
nan
nan
nan
nan
nan
nan
nan
nan
nan
nan
nan
nan
nan
nan
nan
nan
nan
nan
nan
nan
nan
nan
nan
nan
nan
nan
nan
nan
nan
nan
nan
nan
nan
nan
nan
nan
nan
nan
nan
nan
nan
nan
nan
nan
nan
nan
nan
nan
nan
nan
nan
nan
nan
nan
nan
nan
nan
nan
nan
nan
nan
nan
nan
nan
nan
nan
nan
nan
nan
nan
nan
nan
nan
nan
nan
nan
nan
nan
nan
nan
nan
nan
nan
nan
nan
nan
nan
nan
nan
nan
nan
nan
nan
nan
nan
nan
nan
nan
nan
nan
nan
nan
nan
nan
nan
nan
nan
nan
nan
nan
nan
nan
nan
nan
nan
nan
nan
nan
nan
nan
nan
nan
nan
nan
nan
nan
nan
nan
nan
nan
nan
nan
nan
nan
nan
nan
nan
nan
nan
nan
nan
nan
nan
nan
nan
nan
nan
nan
nan
nan
nan
nan
nan
nan
nan
nan
nan
nan
nan
nan
nan
nan
nan
nan
nan
nan
nan
nan
nan
nan
nan
nan
nan
nan
nan
nan
nan
nan
nan
nan
nan
nan
nan
nan
nan
nan
nan
nan
nan
nan
nan
nan
nan
nan
nan
nan
nan
nan
nan
nan
nan
nan
nan
nan
nan
nan
nan
nan
nan
nan
nan
nan
nan
nan
nan
nan
nan
nan
nan
nan
nan
nan
nan
nan
nan
nan
nan
nan
nan
nan
nan
nan
nan
nan
nan
nan
nan
nan
nan
nan
nan
nan
nan
nan
nan
nan
nan
nan
nan
nan
nan
nan
nan
nan
nan
nan
nan
nan
nan
nan
nan
nan
nan
nan
nan
nan
nan
nan
nan
nan
nan
nan
nan
nan
nan
nan
nan
nan
nan
nan
nan
nan
nan
nan
nan
nan
nan
nan
nan
nan
nan
nan
nan
nan
nan
nan
nan
nan
nan
nan
nan
nan
nan
nan
nan
nan
nan
nan
nan
nan
nan
nan
nan
nan
nan
nan
nan
nan
nan
nan
nan
nan
nan
nan
nan
nan
nan
nan
nan
nan
nan
nan
nan
nan
nan
nan
nan
nan
nan
nan
nan
nan
nan
nan
nan
nan
nan
nan
nan
nan
nan
nan
nan
nan
nan
nan
nan
nan
nan
nan
nan
nan
nan
nan
nan
nan
nan
nan
nan
nan
nan
nan
nan
nan
nan
nan
nan
nan
nan
nan
nan
nan
nan
nan
nan
nan
nan
nan
nan
nan
nan
nan
nan
nan
nan
nan
nan
nan
nan
nan
nan
nan
nan
nan
nan
nan
nan
nan
nan
nan
nan
nan
nan
nan
nan
nan
nan
nan
nan
nan
nan
nan
nan
nan
nan
nan
nan
nan
nan
nan
nan
nan
nan
nan
nan
nan
nan
nan
nan
nan
nan
nan
nan
nan
nan
nan
nan
nan
nan
nan
nan
nan
nan
nan
nan
nan
nan
nan
nan
nan
nan
nan
nan
nan
nan
nan
nan
nan
nan
nan
nan
nan
nan
nan
nan
nan
nan
nan
nan
nan
nan
nan
nan
nan
nan
nan
nan
nan
nan
nan
nan
nan
nan
nan
nan
nan
nan
nan
nan
nan
nan
nan
nan
nan
nan
nan
nan
nan
nan
nan
nan
nan
nan
nan
nan
nan
nan
nan
nan
nan
nan
nan
nan
nan
nan
nan
nan
nan
nan
nan
nan
nan
nan
nan
nan
nan
nan
nan
nan
nan
nan
nan
nan
nan
nan
nan
nan
nan
nan
nan
nan
nan
nan
nan
nan
nan
nan
nan
nan
nan
nan
nan
nan
nan
nan
nan
nan
nan
nan
nan
nan
nan
nan
nan
nan
nan
nan
nan
nan
nan
nan
nan
nan
nan
nan
nan
nan
nan
nan
nan
nan
nan
nan
nan
nan
nan
nan
nan
nan
nan
nan
nan
nan
nan
nan
nan
nan
nan
nan
nan
nan
nan
nan
nan
nan
nan
nan
nan
nan
nan
nan
nan
nan
nan
nan
nan
nan
nan
nan
nan
nan
nan
nan
nan
nan
nan
nan
nan
nan
nan
nan
nan
nan
nan
nan
nan
nan
nan
nan
nan
nan
nan
nan
nan
nan
nan
nan
nan
nan
nan
nan
nan
nan
nan
nan
nan
nan
nan
nan
nan
nan
nan
nan
nan
nan
nan
nan
nan
nan
nan
nan
nan
nan
nan
nan
nan
nan
nan
nan
nan
nan
nan
nan
nan
nan
nan
nan
nan
nan
nan
nan
nan
nan
nan
nan
nan
nan
nan
nan
nan
nan
nan
nan
nan
nan
nan
nan
nan
nan
nan
nan
nan
nan
nan
nan
nan
nan
nan
nan
nan
nan
nan
nan
nan
nan
nan
nan
nan
nan
nan
nan
nan
nan
nan
nan
nan
nan
nan
nan
nan
nan
nan
nan
nan
nan
nan
nan
nan
nan
nan
nan
nan
nan
nan
nan
nan
nan
nan
nan
nan
nan
nan
nan
nan
nan
nan
nan
nan
nan
nan
nan
nan
nan
nan
nan
nan
nan
nan
nan
nan
nan
nan
nan
nan
nan
nan
nan
nan
nan
nan
nan
nan
nan
nan
nan
nan
nan
nan
nan
nan
nan
nan
nan
nan
nan
nan
nan
nan
nan
nan
nan
nan
nan
nan
nan
nan
nan
nan
nan
nan
nan
nan
nan
nan
nan
nan
nan
nan
nan
nan
nan
nan
nan
nan
nan
nan
nan
nan
nan
nan
nan
nan
nan
nan
nan
nan
nan
nan
nan
nan
nan
nan
nan
nan
nan
nan
nan
nan
nan
nan
nan
nan
nan
nan
nan
nan
nan
nan
nan
nan
nan
nan
nan
nan
nan
nan
nan
nan
nan
nan
nan
nan
nan
nan
nan
nan
nan
nan
nan
nan
nan
nan
nan
nan
nan
nan
nan
nan
nan
nan
nan
nan
nan
nan
nan
nan
nan
nan
nan
nan
nan
nan
nan
nan
nan
nan
nan
nan
nan
nan
nan
nan
nan
nan
nan
nan
nan
nan
nan
nan
nan
nan
nan
nan
nan
nan
nan
nan
nan
nan
nan
nan
nan
nan
nan
nan
nan
nan
nan
nan
nan
nan
nan
nan
nan
nan
nan
nan
nan
nan
nan
nan
nan
nan
nan
nan
nan
nan
nan
nan
nan
nan
nan
nan
nan
nan
nan
nan
nan
nan
nan
nan
nan
nan
nan
nan
nan
nan
nan
nan
nan
nan
nan
nan
nan
nan
nan
nan
nan
nan
nan
nan
nan
nan
nan
nan
nan
nan
nan
nan
nan
nan
nan
nan
nan
nan
nan
nan
nan
nan
nan
nan
nan
nan
nan
nan
nan
nan
nan
nan
nan
nan
nan
nan
nan
nan
nan
nan
nan
nan
nan
nan
nan
nan
nan
nan
nan
nan
nan
nan
nan
nan
nan
nan
nan
nan
nan
nan
nan
nan
nan
nan
nan
nan
nan
nan
nan
nan
nan
nan
nan
nan
nan
nan
nan
nan
nan
nan
nan
nan
nan
nan
nan
nan
nan
nan
nan
nan
nan
nan
nan
nan
nan
nan
nan
nan
nan
nan
nan
nan
nan
nan
nan
nan
nan
nan
nan
nan
nan
nan
nan
nan
nan
nan
nan
nan
nan
nan
nan
nan
nan
nan
nan
nan
nan
nan
nan
nan
nan
nan
nan
nan
nan
nan
nan
nan
nan
nan
nan
nan
nan
nan
nan
nan
nan
nan
nan
nan
nan
nan
nan
nan
nan
nan
nan
nan
nan
nan
nan
nan
nan
nan
nan
nan
nan
nan
nan
nan
nan
nan
nan
nan
nan
nan
nan
nan
nan
nan
nan
nan
nan
nan
nan
nan
nan
nan
nan
nan
nan
nan
nan
nan
nan
nan
nan
nan
nan
nan
nan
nan
nan
nan
nan
nan
nan
nan
nan
nan
nan
nan
nan
nan
nan
nan
nan
nan
nan
nan
nan
nan
nan
nan
nan
nan
nan
nan
nan
nan
nan
nan
nan
nan
nan
nan
nan
nan
nan
nan
nan
nan
nan
nan
nan
nan
nan
nan
nan
nan
nan
nan
nan
nan
nan
nan
nan
nan
nan
nan
nan
nan
nan
nan
nan
nan
nan
nan
nan
nan
nan
nan
nan
nan
nan
nan
nan
nan
nan
nan
nan
nan
nan
nan
nan
nan
nan
nan
nan
nan
nan
nan
nan
nan
nan
nan
nan
nan
nan
nan
nan
nan
nan
nan
nan
nan
nan
nan
nan
nan
nan
nan
nan
nan
nan
nan
nan
nan
nan
nan
nan
nan
nan
nan
nan
nan
nan
nan
nan
nan
nan
nan
nan
nan
nan
nan
nan
nan
nan
nan
nan
nan
nan
nan
nan
nan
nan
nan
nan
nan
nan
nan
nan
nan
nan
nan
nan
nan
nan
nan
nan
nan
nan
nan
nan
nan
nan
nan
nan
nan
nan
nan
nan
nan
nan
nan
nan
nan
nan
nan
nan
nan
nan
nan
nan
nan
nan
nan
nan
nan
nan
nan
nan
nan
nan
nan
nan
nan
nan
nan
nan
nan
nan
nan
nan
nan
nan
nan
nan
nan
nan
nan
nan
nan
nan
nan
nan
nan
nan
nan
nan
nan
nan
nan
nan
nan
nan
nan
nan
nan
nan
nan
nan
nan
nan
nan
nan
nan
nan
nan
nan
nan
nan
nan
nan
nan
nan
nan
nan
nan
nan
nan
nan
nan
nan
nan
nan
nan
nan
nan
nan
nan
nan
nan
nan
nan
nan
nan
nan
nan
nan
nan
nan
nan
nan
nan
nan
nan
nan
nan
nan
nan
nan
nan
nan
nan
nan
nan
nan
nan
nan
nan
nan
nan
nan
nan
nan
nan
nan
nan
nan
nan
nan
nan
nan
nan
nan
nan
nan
nan
nan
nan
nan
nan
nan
nan
nan
nan
nan
nan
nan
nan
nan
nan
nan
nan
nan
nan
nan
nan
nan
nan
nan
nan
nan
nan
nan
nan
nan
nan
nan
nan
nan
nan
nan
nan
nan
nan
nan
nan
nan
nan
nan
nan
nan
nan
nan
nan
nan
nan
nan
nan
nan
nan
nan
nan
nan
nan
nan
nan
nan
nan
nan
nan
nan
nan
nan
nan
nan
nan
nan
nan
nan
nan
nan
nan
nan
nan
nan
nan
nan
nan
nan
nan
nan
nan
nan
nan
nan
nan
nan
nan
nan
nan
nan
nan
nan
nan
nan
nan
nan
nan
nan
nan
nan
nan
nan
nan
nan
nan
nan
nan
nan
nan
nan
nan
nan
nan
nan
nan
nan
nan
nan
nan
nan
nan
nan
nan
nan
nan
nan
nan
nan
nan
nan
nan
nan
nan
nan
nan
nan
nan
nan
nan
nan
nan
nan
nan
nan
nan
nan
nan
nan
nan
nan
nan
nan
nan
nan
nan
nan
nan
nan
nan
nan
nan
nan
nan
nan
nan
nan
nan
nan
nan
nan
nan
nan
nan
nan
nan
nan
nan
nan
nan
nan
nan
nan
nan
nan
nan
nan
nan
nan
nan
nan
nan
nan
nan
nan
nan
nan
nan
nan
nan
nan
nan
nan
nan
nan
nan
nan
nan
nan
nan
nan
nan
nan
nan
nan
nan
nan
nan
nan
nan
nan
nan
nan
nan
nan
nan
nan
nan
nan
nan
nan
nan
nan
nan
nan
nan
nan
nan
nan
nan
nan
nan
nan
nan
nan
nan
nan
nan
nan
nan
nan
nan
nan
nan
nan
nan
nan
nan
nan
nan
nan
nan
nan
nan
nan
nan
nan
nan
nan
nan
nan
nan
nan
nan
nan
nan
nan
nan
nan
nan
nan
nan
nan
nan
nan
nan
nan
nan
nan
nan
nan
nan
nan
nan
nan
nan
nan
nan
nan
nan
nan
nan
nan
nan
nan
nan
nan
nan
nan
nan
nan
nan
nan
nan
nan
nan
nan
nan
nan
nan
nan
nan
nan
nan
nan
nan
nan
nan
nan
nan
nan
nan
nan
nan
nan
nan
nan
nan
nan
nan
nan
nan
nan
nan
nan
nan
nan
nan
nan
nan
nan
nan
nan
nan
nan
nan
nan
nan
nan
nan
nan
nan
nan
nan
nan
nan
nan
nan
nan
nan
nan
nan
nan
nan
nan
nan
nan
nan
nan
nan
nan
nan
nan
nan
nan
nan
nan
nan
nan
nan
nan
nan
nan
nan
nan
nan
nan
nan
nan
nan
nan
nan
nan
nan
nan
nan
nan
nan
nan
nan
nan
nan
nan
nan
nan
nan
nan
nan
nan
nan
nan
nan
nan
nan
nan
nan
nan
nan
nan
nan
nan
nan
nan
nan
nan
nan
nan
nan
nan
nan
nan
nan
nan
nan
nan
nan
nan
nan
nan
nan
nan
nan
nan
nan
nan
nan
nan
nan
nan
nan
nan
nan
nan
nan
nan
nan
nan
nan
nan
nan
nan
nan
nan
nan
nan
nan
nan
nan
nan
nan
nan
nan
nan
nan
nan
nan
nan
nan
nan
nan
nan
nan
nan
nan
nan
nan
nan
nan
nan
nan
nan
nan
nan
nan
nan
nan
nan
nan
nan
nan
nan
nan
nan
nan
nan
nan
nan
nan
nan
nan
nan
nan
nan
nan
nan
nan
nan
nan
nan
nan
nan
nan
nan
nan
nan
nan
nan
nan
nan
nan
nan
nan
nan
nan
nan
nan
nan
nan
nan
nan
nan
nan
nan
nan
nan
nan
nan
nan
nan
nan
nan
nan
nan
nan
nan
nan
nan
nan
nan
nan
nan
nan
nan
nan
nan
nan
nan
nan
nan
nan
nan
nan
nan
nan
nan
nan
nan
nan
nan
nan
nan
nan
nan
nan
nan
nan
nan
nan
nan
nan
nan
nan
nan
nan
nan
nan
nan
nan
nan
nan
nan
nan
nan
nan
nan
nan
nan
nan
nan
nan
nan
nan
nan
nan
nan
nan
nan
nan
nan
nan
nan
nan
nan
nan
nan
nan
nan
nan
nan
nan
nan
nan
nan
nan
nan
nan
nan
nan
nan
nan
nan
nan
nan
nan
nan
nan
nan
nan
nan
nan
nan
nan
nan
nan
nan
nan
nan
nan
nan
nan
nan
nan
nan
nan
nan
nan
nan
nan
nan
nan
nan
nan
nan
nan
nan
nan
nan
nan
nan
nan
nan
nan
nan
nan
nan
nan
nan
nan
nan
nan
nan
nan
nan
nan
nan
nan
nan
nan
nan
nan
nan
nan
nan
nan
nan
nan
nan
nan
nan
nan
nan
nan
nan
nan
nan
nan
nan
nan
nan
nan
nan
nan
nan
nan
nan
nan
nan
nan
nan
nan
nan
nan
nan
nan
nan
nan
nan
nan
nan
nan
nan
nan
nan
nan
nan
nan
nan
nan
nan
nan
nan
nan
nan
nan
nan
nan
nan
nan
nan
nan
nan
nan
nan
nan
nan
nan
nan
nan
nan
nan
nan
nan
nan
nan
nan
nan
nan
nan
nan
nan
nan
nan
nan
nan
nan
nan
nan
nan
nan
nan
nan
nan
nan
nan
nan
nan
nan
nan
nan
nan
nan
nan
nan
nan
nan
nan
nan
nan
nan
nan
nan
nan
nan
nan
nan
nan
nan
nan
nan
nan
nan
nan
nan
nan
nan
nan
nan
nan
nan
nan
nan
nan
nan
nan
nan
nan
nan
nan
nan
nan
nan
nan
nan
nan
nan
nan
nan
nan
nan
nan
nan
nan
nan
nan
nan
nan
nan
nan
nan
nan
nan
nan
nan
nan
nan
nan
nan
nan
nan
nan
nan
nan
nan
nan
nan
nan
nan
nan
nan
nan
nan
nan
