nan
-3.70281115732
-3.86930765118
-2.37322050089
0.194563729475
2.93170893153
4.95959866112
5.71898165287
5.11653928185
3.48440242805
1.39522695831
-0.571355409486
-2.01022402771
-2.75980642527
-2.85974445899
-2.44917425134
-1.67451184525
-0.654298023372
0.49532323807
1.61145469819
2.46330183428
2.79249068965
2.40841263895
1.29364980788
-0.340375283675
-2.08920376475
-3.48129854793
-4.14683347505
-3.95683438969
-3.06959801516
-1.86165938807
-0.772683503729
-0.132397761579
-0.0445099113587
-0.374590197518
-0.84010118528
-1.15478290163
-1.15802112785
-0.871738347014
-0.465402518337
-0.154387985876
-0.0864158755973
-0.271932400615
-0.588373521718
-0.849757126222
-0.901684450776
-0.692612241078
-0.288231175345
0.172787123547
0.553473631604
0.78222013527
0.873198732273
0.89697934084
0.922502747766
0.966511897665
0.981086781588
0.887437359557
0.636958194788
0.263519298131
-0.10649104418
-0.298550328315
-0.171628372538
0.302345428323
1.0036465818
1.6982965132
2.13144533778
2.1415643561
1.74280067161
1.13366230602
0.621632205222
0.491658840559
0.874285332252
1.67317972057
2.58905542056
3.23636164446
3.30783328197
2.71805923974
1.66179085182
0.555076079531
-0.125008130777
-0.0425391785584
0.83411096913
2.17863349367
3.39353720723
3.81426238089
2.96011494478
0.739272034575
-2.47234231157
-5.91498672902
-8.66978674291
-9.95006051972
-9.35940083215
-7.02700561974
-3.57355986649
0.0796679287311
2.99188571968
4.47838970363
4.29096430839
2.65050773398
0.132868493196
-2.2012919595704687
-4.055929703804409
-5.049176173225064
-5.119019712820332
-4.478318865492469
-3.49255338429964
-2.5343533865872843
-1.8671854669430417
-1.590453745160488
-1.6503870891633454
-1.8973909211156297
-2.159170865793058
-2.3014678390611323
-2.260280872906293
-2.043738517647853
-1.7120436756727742
-1.3474980444567706
-1.024760653971839
-0.7876037214871872
-0.6354943320582152
-0.522197112756956
-0.36792288318
-0.546485685979
-0.531569138391
-0.313304430878
0.0491170178468
0.437814140814
0.712541738461
0.762078865257
0.550830998791
0.139797692484
-0.330109115497
-0.688730672614
-0.802012871564
-0.624790290845
-0.217957805669
0.277860155519
0.700637167034
0.931266495946
0.935376286538
0.76506424193
0.522184509363
0.302998403757
0.152255841356
0.0490817760659
-0.0696842262125
-0.262372433522
-0.537460984167
-0.835448672969
-1.04866099194
-1.07053548332
-0.850541044552
-0.427329696031
0.0772325864236
0.501878833138
0.70832251725
0.63431922645
0.314257932915
1.67278535751
1.36717845942
1.17824280028
1.15293400842
1.26771447856
1.45329730858
1.63449384993
1.76494668372
1.84145825958
1.89413804305
1.96049030202
2.05817479092
2.17005817153
2.2479235597
2.23209004784
2.07765107853
1.77645907786
1.36692962139
0.928824018335
0.564809309716
0.373464982206
0.419747714802
0.709675695895
1.17651409745
1.68518021938
2.05843598177
2.12200089238
1.75743730637
0.945179705418
-0.220326944041
-1.55343489289
-2.83347332095
-3.87435611656
-4.57927261861
-4.9562451248
-5.08690832618
-5.0631906439
-4.923918403
-4.62609752042
-4.0705332195
-3.17425012763
-1.95562140535
-0.586109995271
0.62699740021
1.33229873548
1.2691021739
0.388461469471
-1.09710174969
-2.76579453269
-4.12759483782
-4.80029634975
-4.64828139236
-3.82534412512
-2.70333971518
-1.71770098319
-1.19637532055
-1.24415613352
-1.72750119432
-2.3587387982
-2.83494225636
-2.96584012386
-2.73563890097
-2.27893222096
-1.79268096558
-1.43403774347
-1.25500236971
-1.20087503101
-1.16415572738
-1.0577757907
-0.865185468419
-0.641724326313
-0.471290881333
-0.407717797254
-0.437571047692
-0.486913826563
-0.467580340261
-0.334427275149
-0.117816513045
0.0904374549333
0.192015652569
0.147083728395
0.01022044489
-0.08754006007
-0.00565887814699
0.323853920344
0.844917018043
1.38884037672
1.74894320965
1.78381347153
1.49648644899
1.04592295147
0.680139524397
0.620731246782
0.955202870977
1.59182097967
2.30146821835
2.82714159458
3.00682905762
2.8479664945
2.51602106581
2.24381569368
2.20924667943
2.44548065618
2.83057816581
3.16139216264
3.27150177011
3.12880861181
2.85849996013
2.67667689016
2.76851652696
3.17654497472
3.76189729663
4.26461212759
4.43649287454
4.17923463012
3.61349595668
3.03650151536
2.78152342075
3.04422395352
3.76160411218
4.60749595007
5.1138525446
4.86608515464
3.68359915727
1.7021707577
-0.679461795661
-2.96272569165
-4.74541583294
-5.86122531227
-6.40284140131
-6.62628568317
-6.79038232821
-7.01300158664
-7.2127799923
-7.15961861278
-6.60327165135
-5.41364289622
-3.66529265051
-1.63017243782
0.311404379059
1.79517239053
2.57678083904
2.5783169897
1.87500811863
0.648711759615
-0.85701709883
-2.36054442824
-3.55120496247
-4.10986418994
-3.76518938475
-2.3858291276
-0.0761132917503
2.77766415821
5.55594012339
7.55855208675
8.22021771167
7.30921121387
5.02486422209
1.94490110927
-1.16459500069
-3.60377791319
-4.95614455273
-5.18273338307
-4.5635733443
-3.52491522591
-2.43925823052
-1.49078637226
-0.659844740143
0.183006179138
1.13771240463
2.17358012011
3.12379793663
3.77692799037
4.01030041411
3.88420443113
3.63470974591
3.55778987616
3.83962275522
4.42404257174
4.99711607079
5.11360543754
4.41684130239
2.84918067819
0.74399303975
-1.26157506786
-2.47148604384
-2.43377893366
-1.16635664016
0.803866273215
2.61995578144
3.42759642684
2.72618534536
0.590330241392
-2.33464095697
-5.06559988758
-6.65012783728
-6.52231897485
-4.70503678099
-1.78349604395
1.33047625062
3.7414799433
4.88173855483
4.67259335285
3.48587876628
1.93781861706
0.611938675671
-0.17217489942
-0.455343615949
-0.572616246309
-0.96380673771
-1.94661328498
-3.54761499096
-5.45831351088
-7.13147448205
-7.97863291218
-7.59292702369
-5.91434753583
-3.2774701602
-0.324806181917
2.18394482989
3.60148169465
3.5845264269
2.18554909307
1.2843868087850723
0.04477938726418529
-0.8877638913918702
-1.04069647629
-1.76114705286
-1.62824933549
-0.961921691741
-0.147816430733
0.501971244298
0.834229906748
0.862624877217
0.709083689697
0.515525586168
0.370406573092
0.281366126365
0.198936174723
0.0701709293799
-0.11217703638
-0.293864402928
-0.385288926599
-0.313956029205
-0.0726736819016
0.265162621484
0.574036267683
0.735297705048
0.69603971042
0.496000997752
0.246619671757
0.0714236496908
0.0379888391487
0.117453046613
0.194576900971
0.125868454106
-0.181767199869
-0.711114926265
-1.32486822257
-1.81358626424
-1.98104212323
-1.72835240993
-1.09863651795
-0.262495219279
0.548076712812
1.12703478501
1.36509403877
1.27652518297
0.976290753205
0.623790496305
0.361056688517
0.270289260801
0.361819927642
0.587751341034
0.867260729085
1.11051811287
1.23636319667
1.18711422619
0.945619577052
0.553439302527
0.11962259647
-0.194955586459
-0.226201429017
0.120189941795
0.799294548143
1.59886580051
2.18143651528
2.19767171992
1.43606661887
-0.0525700693473
-1.9189350196
-3.60138334129
-4.51806212196
-4.29814464141
-2.95857380442
-0.945079966601
0.993978698246
2.06435492575
1.71925125877
1.89533545989093
0.998875252649654
-0.17317749667785165
-0.734146312434
-2.06391846635
-1.90018836568
-0.527600846379
1.39485693492
3.08871514913
3.93562777239
3.6771483966
2.46836082224
0.779674182838
-0.801903784966
-1.78932962023
-1.95080143058
-1.3573199044
-0.321294195084
0.736470399488
1.43551965875
1.54904383119
1.0520635918
0.101766385
-1.03123295603
-2.05173940162
-2.72114349772
-2.91164974838
-2.62515969167
-1.97795352883
-1.15918004714
-0.375438382503
0.204285897184
0.489625433329
0.48568136649
0.282167447922
0.0193127752806
-0.158132184983
-0.144330846439
0.0993169461515
0.537531250907
1.07536303307
1.5866681497
1.94789693721
2.06908914183
1.91627171115
1.52143203912
0.977355823273
0.41594990353
-0.028130989896
-0.261162723003
-0.267840455133
-0.12625574146
0.0118099915649
-0.0245347529037
-0.351808088061
-0.968684856032
-1.73340122297
-2.40004807849
-2.70742778011
-2.4883813835
-1.75298645862
-0.704794050987
0.324642764726
1.00151425305
1.12457972611
0.709657199185
-0.0164326908136
-0.713199040463
-1.07376390677
-0.956288703633
-0.439520884403
0.223046621663
0.728399201522
0.868822194631
0.627136739031
0.177272274879
-0.208665886407
-0.299900819279
-0.0235212160995
0.499528584342
1.01591140015
1.26669773188
1.11475114955
0.608248127643
0.2489469961826387
-0.016841106916629656
-0.02750063162477545
0.21263985132037533
0.5426476967590332
0.7405065059746505
0.6549437123319422
0.30362418670712543
-0.1163419577977578
-0.3155350080607491
-0.05687727683728383
0.7130311626533654
1.8124107668442662
2.88179211752265
3.527699894882659
3.4886765293745583
2.7493276182890156
1.5524883384523775
0.30616877890709304
-0.572164360977
-1.0439546038
-0.828037992803
-0.107738375916
0.787385217399
1.50174570211
1.76571957649
1.46649869046
0.667568486821
-0.415222137746
-1.4667044156
-2.1437589906
-2.15893249348
-1.36792457875
0.157900139113
2.10378653164
3.95796406995
5.14163910607
5.19640301787
3.96673285488
1.69956198269
-0.997782829387
-3.3472834543
-4.67768458058
-4.68162387777
-3.54055011175
-1.85387881846
-0.391791631951
0.22798557681
-0.200771822084
-1.39490566151
-2.72315515819
-3.50470227512
-3.32904538402
-2.24924906653
-0.758016051173
0.443118979931
0.774326082316
0.0539366293583
-1.4071449397
-2.93527990833
-3.78611726607
-3.46378655614
-1.92446886182
0.419513324175
2.88404611649
4.79107721633
5.71156329605
5.57464558555
4.61744225019
3.22698860007
1.76799121244
0.47928704465
-0.530520461842
-1.21908946836
-1.54381197113
-1.44895748884
-0.917280728195
-0.0452381843208
0.923769694918
1.65450637197
1.85612771114
1.43558824973
0.579837019136
-0.295086957982
-0.72264526408
-0.413624099989
0.582476830443
1.87482350737
2.90322273349
3.20855125877
2.66724529356
1.56516957312
0.463354611671
-0.084484135347
0.179053969524
1.07199872632
2.05836206246
2.52672398376
2.12203488506
0.955307639832
-0.427505435878
-1.31324995243
-1.1948819618
-0.056077568176
1.58985910969
2.94084378925
3.31325687106
2.50755123343
0.93522126089
-0.573639478655
-1.19778791639
-0.573633300613
0.971548022675
2.53861997564
3.0870466415
1.97066432432
-0.693676322006
-4.02491059029
-6.76468240404
-7.87409520947
-7.04572905819
-4.86644804511
-2.53375831858
-1.25268194095
-1.60867251465
-3.23659516147
-4.96818347849
-5.40467698005
-3.64367464799
0.199578754445
4.94721100154
8.8332730886
10.2853349375
8.64390829678
4.47309257788
-0.690140308698
-5.02909641542
-7.2491354297
-7.10345075216
-5.397822304
-3.49022506527
-2.55269298603
-2.97798243897
-4.23348960393
-5.22947583864
-4.99758699963
-3.30840807405
-0.881806133107
0.947664018721
0.959419666189
-1.20255183491
-4.66591648446
-7.5871680053
-7.95808178469
-4.60231060393
2.12030139439
10.2740359682
17.0452394119
19.9009180921
17.6981890125
11.2347725606
2.97020412156
-3.9809471287
-7.15041490766
-5.74084861251
-0.923760176478
4.71422334081
8.32287130647
8.02364449223
3.68945006372
-3.05493657222
-9.58292386116
-13.4108750759
-13.2260651351
-9.3636100817
-3.5624105844
1.84676397908
4.93336425472
4.9039722991
2.29553953346
-1.40269653408
-4.47705261
-5.71781092824
-4.83829596066
-2.44640050897
0.356752241586
2.52270002649
3.48587431124
3.30723234476
2.51440798573
1.76091732654
1.48936198649
1.75112175717
2.23722562123
2.46835756405
2.02856801331
0.730280998989
0.6594810491091039
0.08953329449145997
-0.6212842915218744
-1.1353017792488913
-1.18419997483
-2.62926771649
-3.29829970761
-3.1646048602
-2.32902305153
-1.04306030785
0.318785687325
1.35334108568
1.76518942276
1.48667999404
0.717857819837
-0.146445100925
-0.681648137793
-0.62119048566
0.0196510052197
0.945213254867
1.71026338586
1.92289008206
1.42709532184
0.381478653088
-0.8012875452
-1.62543181106
-1.71589456198
-0.966248653287
0.428113858295
2.05614809438
3.44992457532
4.24432234568
4.27611096655
3.59680865399
2.41465391117
1.00654363384
-0.358789659764
-1.46486275866
-2.16224944511
-2.37218870343
-2.09429427777
-1.41827630907
-0.524329327681
0.34604398475
0.953690109398
1.14255583955
0.902906522975
0.382585005667
-0.16761662274
-0.496737510282
-0.460633539751
-0.0834464499509
0.45676312077
0.912679578825
1.08282597928
0.902227557234
0.466148848509
-0.0221073164415
-0.351043337312
-0.398201348061
-0.178766784789
0.173250870192
0.475075649874
0.576388678534
0.410928760287
-0.00100319790329
-0.588653420984
-1.27426987386
-1.99295026025
-2.67847981839
-3.23230043091
-3.50937190366
-3.34844315859
-2.64678356506
-1.44591780619
0.0239261491453
1.3827262137
2.22683064416
2.29779185859
1.61643842808
0.508189476947
-0.511256280696
-0.955336483692
-0.600026134776
0.378020125207
1.43452971943
1.86473374008
1.10660902719
-0.09995931641371669
-2.262675261135257
-4.5735944915164595
-6.08537546394885
-6.073078429993274
-4.322543581098174
-1.226372835156326
2.3524360813036083
5.394048959222829
7.087231703547701
7.105032372243386
5.691066594352861
3.5363356354584994
1.5083356938222465
0.344764043532
-0.871287054514
-0.896668018237
-0.138893605243
0.829612003502
1.48674927299
1.52604418555
0.925829304037
-0.0838437861959
-1.12950929514
-1.83378927613
-1.94189493254
-1.40207252091
-0.382683175532
0.775447821888
1.65812802229
1.90226145608
1.31061955697
-0.0794222230098
-1.99939177938
-2.6814390427878436
-3.0382025271203332
-2.7595046832
-2.63815494028
-1.94908540615
-1.01411220503
-0.192502495653
0.253355137291
0.241283846503
-0.129030933626
-0.648941343364
-1.10782887282
-1.38107364039
-1.45980762891
-1.41612753106
-1.33184302946
-1.23657545057
-1.09278001967
-0.835732882673
-0.442137039908
0.0187364415962
0.390580075889
0.500422312317
0.262949684006
-0.237547651976
-0.740170637258
-0.894280669305
-0.411184959987
0.786414302719
2.49140549826
4.25998429496
5.56990538195
6.02564717326
5.52092586699
4.2844561652
2.78578820775
1.54108448382
0.904162388777
0.934436104563
1.39757632016
1.89382916902
2.05173114124
1.69789382586
0.928212320664
0.0538860019936
-0.546668100954
-0.598691571623
-0.0481226025386
0.922161568807
1.97552709308
2.75963601612
3.03611583555
2.75035666806
2.02310661041
1.0818532989
0.171937235166
-0.513250876027
-0.862609608924
-0.842264414439
-0.475232725905
0.173609443906
0.999312864939
1.85328069758
2.55047587238
2.89895435698
2.74891350779
2.04358195735
0.848544178225
-0.656345573306
-2.22127513896
-3.58889751337
-4.54957017703
-4.97067506861
-4.79747498485
-4.03892098927
-2.75774954785
-1.07630478691
0.807430508901
2.61422479536
4.01158390833
4.68450216534
4.43342536544
3.26165572809
1.40839308969
-0.699905282047
-2.57348297006
-3.81657589197
-4.25637941977
-3.98961946864
-3.32589500066
-2.65137292167
-2.27133205082
-2.29871054334
-2.63379939779
-3.03789285841
-3.26121687391
-3.16289769763
-2.76826015222
-2.24172235096
-1.79511038147
-1.58086156525
-1.62344565989
-1.81982625558
-2.00342890643
-2.03472675232
-1.87063987472
-1.57885096976
-1.29344882903
-1.13867128587
-1.16237525476
-1.31340656184
-1.47231760103
-1.51660755067
-1.38470419829
-1.10548613624
-0.779862345648
-0.526550413131
-0.42199720378
-0.465500451119
-0.585442381677
-0.680135690937
-0.669423655779
-0.529732139256
-0.296577431939
-0.0374000067767
0.186823556642
0.34877353029
0.457356223349
0.538109549818
0.60703023292
0.656176784899
0.660614803473
0.601648251756
0.489968175969
0.371459251193
0.308755920978
0.347188906101
0.485062404446
0.66794835914
0.814158846141
0.860362740274
0.802858849565
0.709650002646
0.692508671097
0.849824244724
1.20855263276
1.69694005231
2.16598696834
2.45317215766
2.45926286435
2.2002497347
1.80682678326
1.46872253794
1.34820446377
1.50252160677
1.85106977026
2.20179748821
2.32378973197
2.03302040311
1.25548514333
0.046480637319
-1.43231222038
-2.95800403088
-4.28988476481
-5.19784535412
-5.48021533807
-4.98723081772
-3.66342521008
-1.60476597531
0.895564547247
3.35047104096
5.1594527688
5.76364216765
4.83331487846
2.41769520057
1.163292695215958
-0.3158279223294045
-1.13540437657
-2.9620707082
-3.13192200139
-1.84496577247
0.289376603945
2.47813986184
4.02271118829
4.5420000539
4.06031526114
2.937931152
1.6868314612
0.756457030217
0.377516709804
0.51757687528
0.948543282369
1.37891255407
1.58330839283
1.47449782023
1.09888825028
0.575580960993
0.0221335267915
-0.491997793765
-0.946373990774
-1.33610721255
-1.63432843075
-1.78034366993
-1.70497268134
-1.38004825583
-0.862490150899
-0.303897015568
0.0863685735317
0.112618074002
-0.331258477523
-1.21437980971
-2.36979747987
-3.54195845649
-4.46002560644
-4.90906937978
-4.77727257514
-4.07144166554
-2.90639599175
-1.47931807147
-0.0369199292729
1.16367174208
1.90279000848
2.05275030597
1.6262386356
0.796590133739
-0.131008133428
-0.803135517732
-0.937297258623
-0.434337060177
0.565619676489
1.71757524267
2.59470756007
2.8575638905
2.40039018476
1.40812978362
0.291307977132
-0.482098549219
-0.591456942585
-0.0182445191522
0.918438321654
1.66583194277
1.64181886303
0.457205582657
-0.2746643078098998
-1.896011078607259
-3.840367298956764
-5.486841051549533
-6.354779229470495
-6.223901976984379
-5.144602512063145
-3.3536366250398544
-1.1485278687
-0.262357788979
0.616585150058
1.38549968028
1.95385763298
2.20649653053
2.01518528667
1.29917433103
0.102245425902
-1.36179861841
-2.73264693598
-3.60144968872
-3.65114695597
-2.78271527867
-1.17212758071
0.770350513778
2.52666624518
3.6360701961
3.83673163386
3.1332893815
1.7713092778
0.136552744314
-1.37670250152
-2.47825210524
-3.04018680436
-3.09189133954
-2.76826310826
-2.24132036955
-1.66383570355
-1.14059065952
-0.726602445254
-0.440417054831
-0.278466352341
-0.222337391932
-0.239532366584
-0.284239898073
-0.304630000719
-0.257941456924
-0.127892267568
0.0648970881181
0.267166989162
0.413183174433
0.453922374435
0.382853262392
0.245828379942
0.128372463904
0.122926430352
0.287518951248
0.612164617039
1.0079182733
1.32618150513
1.40497974435
1.12826393299
0.477719701754
-0.443149311676
-1.42510966772
-2.20855257233
-2.56254680463
-2.36144833506
-1.63110699632
-0.54555068906
0.627661442456
1.61552039619
2.22904237386
2.42007755328
2.28348348063
2.00476954437
1.77631374204
1.71886908866
1.84254467462
2.06309754839
2.26309981551
2.3655812418
2.38099896052
2.40096293909
2.53884848837
2.84570241122
3.24557221038
3.52881580232
3.4164174331
2.67417883121
1.22912144477
-0.765111532433
-2.94786934247
-4.85427100821
-6.06307630903
-6.33184494848
-5.6674797439
-4.30876934787
-2.63497479149
-1.04323511966
0.155198137405
0.785932989632
0.805197212945
0.259050380943
0.8874764854179773
1.168360880552072
1.2610159118504072
1.37081739314
0.0351877517266
-0.820519493924
-1.06401127298
-0.721817038671
0.0019941602848
0.779526213413
1.27482045733
1.27719641738
0.792118861575
0.0429490282488
-0.624662284577
-0.897987669705
-0.643316048801
0.0253058068175
0.789441450857
1.26496120252
1.17415495797
0.47270451297
-0.626622684359
-1.74368269389
-2.49164603022
-2.63448822054
-2.17112983613
-1.31318385398
-0.374519419371
0.369225934429
0.783574840708
0.897187698401
0.843535567419
0.763308845937
0.724678694517
0.703110084383
0.625287063648
0.444017815476
0.193723662062
-0.0113103058942
-0.0386170114673
0.175804254311
0.569216282821
0.963187409682
1.14721615874
0.995334275975
0.552114469616
0.0344318438438
-0.263662966978
-0.123546061773
0.463026435557
1.25064706258
1.82253513148
1.77108248119
0.897309387012
-0.666071873681
-2.47304653857
-3.92550407425
-4.51136753283
-4.0155253292
-2.60940554837
-0.779183885297
0.87448661345
1.87523223401
2.04365346488
1.53338403314
0.725026056805
0.0367938722145
-0.256161048365
-0.113927280507
0.295399018909
0.713704975068
0.932649376781
0.883800319492
0.641381045562
0.349752068015
0.126551882516
0.000237760168659
-0.0847377866467
-0.20487551852
-0.382003043965
-0.548186437091
-0.579870814645
-0.386995192958
-0.0058274192166
0.364945326862
0.419680555484
0.4563372294027772
-0.20353312385783795
-1.3911819574923214
-2.6917025909362735
-3.5871883799928526
-3.6638534328206163
-2.7923592676657165
-1.1974260040452407
0.6198023547280656
2.0769920193180553
2.740193447654846
2.4890004631542695
1.5483898159958756
0.37900931212537614
-0.5197845021934597
-0.804564847894
-0.995657335472
-0.670559435656
-0.141715424303
0.295944865772
0.483967894338
0.435031657502
0.280708461352
0.171940443945
0.189713010309
0.310421038966
0.436171976455
0.464456280869
0.353131388209
0.143799013559
-0.0665578089326
-0.185494769556
-0.179550414691
-0.0913964359727
-0.0110700596131
-0.0198833220941
-0.141151884178
-0.327147353378
-0.489772573056
-0.556265323581
-0.515984746935
-0.428973350339
-0.389104026754
-0.461745747208
-0.632431306866
-0.799045335615
-0.816986014438
-0.576839056367
-0.0738733638461
0.570108881412
1.14899318494
1.46178299171
1.40639850783
1.03053102674
0.51239028322
0.0790627762043
-0.0980956031688
0.0203546135072
0.331326109684
0.648068516535
0.797281819879
0.704448024538
0.424529062947
0.104409607351
-0.100724076517
-0.111326366348
0.0370098360716
0.218533544429
0.2917186867
0.181331533726
-0.0774391684148
-0.357501642821
-0.511279425184
-0.455873761795
-0.224489997184
0.0457974648586
0.185546098421
0.0865318150078
-0.233213057542
-0.629931388952
-0.903218744637
-0.899868909033
-0.598815282641
-0.131505831399
0.275542922039
0.408946642114
0.173123211229
-0.025195706593294176
-0.3240011087793846
-0.49565876603573145
-0.4001256427355031
-0.056209759066334186
0.36913823343442687
0.6488915486430074
0.6167356036110334
0.258426482756974
-0.27410945296888656
-0.7346040830308027
-0.9047649343588233
-0.705232038816547
-0.2383765021098725
0.2596300327648322
0.533947345865684
0.435460765616
-0.231452327226
-1.05840083883
-1.79939880093
-2.2730659423
-2.44945849676
-2.45168810568
-2.46967940456
-2.63035635627
-2.89416957643
-3.03835869799
-2.74621141318
-1.76825321058
-0.081755724202
2.03090421803
4.03255976176
5.30183742657
5.36095677129
4.06922850667
1.70145850956
-1.12425396175
-3.64477882279
-5.20252554187
-5.45616885014
-4.47773479427
-2.70770423394
-0.792425011912
0.632905766219
1.14017950019
0.623154499331
-0.695592847397
-2.35544731318
-3.80886436502
-4.58403258436
-4.41425748146
-3.30336871526
-1.51478862504
0.509825359544
2.28044322274
3.4028981872
3.69730248853
3.25374069619
2.40320434053
1.60677382399
1.29473920473
1.70920910028
2.80840006899
4.27313056431
5.61995123257
6.3835627021
6.3007333358
5.42286102386
4.10890604363
2.89634718131
2.29694593581
2.59594547506
3.73395524462
5.31915755531
6.76624964175
7.50869382609
7.20274491338
5.84641668807
3.7713168887
1.51519178012
-0.37233750717
-1.51618296114
-1.82710409626
-1.50271021077
-0.925451755851
-0.501231370548
-0.499885052037
-0.953547984025
-1.64532894102
-2.18882936705
-2.16993121698
-1.30419311278
0.440235922887
2.79377298847
5.22942940832
7.092601704
7.78433614106
6.94744193118
4.59898261719
1.1629791751
-2.61672576269
-5.86732784474
-7.83005100474
-8.08162170865
-6.66188797818
-4.06228086231
-1.07509505042
1.44852304486
2.8515497021
2.85090865369
1.58724100857
-0.46423103845
-2.68052350363
-4.50180853359
-5.59044204153
-5.88919685785
-5.57358942943
-4.93446875137
-4.24880513347
-3.69151602971
-3.3142577153
-3.08282348444
-2.93964668446
-2.85263747055
-2.82640022518
-2.87711053001
-2.99386033415
-3.11593413338
-3.14458809852
-2.98629610273
-2.60448769072
-2.04975901607
-1.44848777957
-0.951570576484
-0.666982881757
-0.610091081326
-0.698220306925
-0.794242628922
-0.778856404483
-0.615737037457
-0.376098970539
-0.208626429706
-0.26767758188
-0.633673517875
-1.26407561684
-1.99902717059
-2.61970982383
-2.93265228262
-2.84176910563
-2.37707162819
-1.6706503978
-0.895446214396
-0.198056266031
0.343915335676
0.72519409749
0.983691812771
1.16142356068
1.27981216442
1.3415022649
1.35234682741
1.34363814305
1.37414172597
1.50462099534
1.7567274906
2.08174102155
2.36357563983
2.46363682847
2.2907141318
1.86066877259
1.30987917497
0.846195048962
0.653218735404
0.791925482377
1.15196420768
1.48631491658
1.52380881462
1.11243991411
0.323808606915
-0.540657605856
-1.0593414094
-0.877998917193
0.105838924838
1.65088267774
3.22756985481
4.21214888797
4.14489672996
2.94170583769
0.9604926362
-1.11779641372
-2.55349626978
-2.8510915042
-1.97184276348
-0.361777257791
1.2220370325
2.01719599788
1.56605563784
1.3528571080687755
0.42632316382527335
-0.45157668862121625
-0.568871988201
-1.10283272151
-0.566425660173
0.571136725494
1.6669566268
2.18027835643
1.88302264388
0.920826723359
-0.289103437709
-1.26509983913
-1.67372401698
-1.45476819043
-0.812635634416
-0.0922854181246
0.39175741408
0.490390094802
0.261220575274
-0.0917385368386
-0.33909886197
-0.342420200723
-0.109814397813
0.229288935134
0.507864257869
0.613812175973
0.541973196891
0.382133131843
0.255635157584
0.240101079449
0.325753114452
0.426924682162
0.440241764461
0.314436083648
0.0901533635319
-0.115182126885
-0.171583527653
-0.0157641126522
0.298773128761
0.611400893491
0.723684337514
0.496401458738
-0.0739455583587
-0.83915950291
-1.55499088335
-1.98414105762
-1.9985019918
-1.63224123185
-1.06094913803
-0.517805093843
-0.187790271205
-0.130529809806
-0.26695003377
-0.432687903269
-0.468492886904
-0.301028664602
0.0255018897286
0.379860739419
0.617214085131
0.655211521917
0.512868020691
0.293594815541
0.124056255051
0.0838518782729
0.165080582487
0.283677390462
0.335355072547
0.263736300351
0.10061879302
-0.0471858947616
-0.0606345637806
0.111706974
0.401794018906
0.631800386463
0.588390606812
0.12989790465
-0.31441419174045393
-0.9589645986920914
-1.4920183400310805
-1.6152035801925564
-1.1789246677823115
-0.2624328976642687
0.8422821768768927
1.7411968288929671
2.098624820978145
1.7784118578748291
0.904131830116512
-0.18846135577872758
-1.0863306497681435
-1.46332063845756
-1.2042037301365554
-0.4387699101461209
0.5232739248170333
1.323281194743771
1.6919037873791325
1.5382133851502147
0.9600843697106427
0.18327313171937476
-0.5340278202579611
-0.985673387025
-1.51363850274
-1.63967804388
-1.39506525481
-0.83587210063
-0.0358573499303
0.897725144708
1.80596328086
2.48470502873
2.7303857761
2.41548992158
1.56054685972
0.361767511751
-0.852019832027
-1.72754831547
-2.02057336257
-1.69616687845
-0.946019278409
-0.107438963859
0.485581396436
0.653744776844
0.454567377902
0.151706268498
0.0795258408698
0.462526796737
1.2758097544
2.21952173382
2.83071327259
2.69141269606
1.64186924333
-0.102380801224
-1.99411589573
-3.35340457908
-3.64451855027
-2.71229974573
-0.870347191103
1.20606291968
2.74446031651
3.18756948209
2.4190143359
0.802397524243
-0.985485739617
-2.25503687855
-2.60460797937
-2.08651835542
-1.16277946425
-0.470128796146
-0.501926671462
-1.35467845624
-2.6598710083
-3.7384455672
-3.91273729886
-2.83588883909
-0.686635374505
1.8651537533
3.91471115687
4.69219641581
3.88463243519
1.76759744142
-0.32973634089496784
-2.086040294155964
-2.8132840593186046
-2.306008007770174
-0.8889070801576651
0.7682069818995956
1.9762014315853662
2.3399892846616552
1.9165486552043518
1.1508833170027373
0.6289998061544253
0.7724154849282172
1.6238149160245996
2.8269954467315586
3.808905453572919
4.073199000851986
3.4604176223501497
2.24564383555
0.516400731943
-0.58509964651
-0.687330526345
0.12864848275
1.35258940748
2.27392744611
2.31210934574
1.29473341591
-0.447789007686
-2.21820479148
-3.25956267118
-3.09477803445
-1.74473382593
0.273274017735
2.16476549642
3.19502215833
2.99295665682
1.68973578656
-0.162171442118
-1.84406752388
-2.77934665499
-2.75667539559
-1.97567569653
-0.908380156588
-0.0537040297673
0.294151667551
0.157205897826
-0.177846508231
-0.337648464526
-0.0723321823796
0.606552556927
1.42484721715
1.97752877531
1.92644315899
1.16846573411
-0.104055973691
-1.47597343104
-2.47894676762
-2.78028687133
-2.3093964186
-1.27276434896
-0.0598350323429
0.912479550349
1.3488839011
1.161903539
0.472215802924
-0.462160020579
-1.34834314597
-1.94998612146
-2.13996576688
-1.90916773157
-1.34358669264
-0.58754322357
0.194233540005
0.85153036425
1.2810516647
1.45423277795
1.43185862105
1.35327773537
1.39310101147
1.69225479419
2.28667578738
3.06590984068
3.78783431127
4.15443475195
3.92543765135
3.02514393023
1.59487584812
-0.0372730267884
-1.46339100139
-2.33931879474
-2.50701375026
-2.04554807337
-1.230839454
-0.423412012514
0.0664446067462
0.079585423255
-0.362995823744
-1.10626948553
-1.95147166743
-2.74248887305
-3.4073065077
-3.94027330228
-4.34326524427
-4.56536148158
-4.48089388992
-3.92509706015
-2.7757967848
-1.04408729512
1.07078315524
3.19355027773
4.85521903973
5.61918467086
5.20721594187
3.58229166021
0.962849644881
-0.1199986820725627
-1.26017258884184
-1.9587286234455945
-1.83879471078
-2.81166283499
-2.80860313221
-2.05588343238
-0.920317229267
0.177439759013
0.865685618526
0.919283412095
0.325147870216
-0.70963033584
-1.81932402206
-2.60034111864
-2.75594409428
-2.21388149944
-1.16869592203
-0.0241711390106
0.751206482829
0.806373854952
0.0583359430476
-1.25054384071
-2.61743739065
-3.44836204768
-3.27264425211
-1.92394790001
0.379779931108
3.08820303991
5.48499207263
6.91084137596
6.9671674115
5.63431918219
3.27013184508
0.495604872783
-1.99059272216
-3.60902699701
-4.05026583877
-3.34066997878
-1.81149215771
0.0135663677403
1.5771044018
2.4479767386
2.43863515038
1.64770111627
0.415615044302
-0.794231807547
-1.55318375942
-1.6133397392
-0.991612162046
0.0406660811301
1.06334150347
1.67343494026
1.65086836509
1.05876013928
0.234212148605
-0.333910857937
-0.198645236807
0.852832740207
2.68499053446
4.82741906036
6.61770626785
7.42510450709
6.87396717388
4.98456572562
2.1792226093
-0.848407048058
-3.35326929351
-4.76973137752
-4.87413995288
-3.82773888952
-2.0929208544
-0.259506491585
1.15458020679
1.86033931665
1.86391258597
1.42699335149
0.941856480518
0.767641343244
1.08460897918
1.81551027592
2.64114161045
3.10714098059
2.78933451952
1.46389758365
-0.776886959443
-3.50908015043
-6.0772840627
-7.78706579149
-8.13092753008
-6.97131186627
-4.61259087321
-1.72866731559
0.836878589538
2.3334409693
2.3381029024
0.879101633396
-0.9151340968399353
-3.028845082846914
-4.763831950208669
-5.646517640858292
-5.553541441956554
-4.697438819499453
-3.4908257918542347
-2.354310733744043
-1.550511143858202
-1.1081880747933752
-0.856478061846
-1.27087386118
-1.41655861894
-1.23247116481
-0.812767292426
-0.343023888568
0.000365550629326
0.135076464473
0.10230012782
0.0318059753338
0.0660892348391
0.285173264179
0.669608550477
1.11673219757
1.49695138518
1.71741839867
1.75926684196
1.67104602635
1.52557155267
1.36687930902
1.17838150896
0.89095802605
0.427597325185
-0.238878602898
-1.04617400601
-1.84377429222
-2.43803481318
-2.66278224547
-2.44484671021
-1.83619284828
-0.99932471151
-0.152749929851
0.500896956625
0.836475621893
0.836825844954
0.58524055412
0.227428551279
-0.0805432504019
-0.220446415728
-0.143004920972
0.124102675812
0.490789587301
0.836385124822
1.0502552146
1.07034052404
0.90754482714
0.645585006758
0.412105799992
0.32727233858
0.44733060205
0.727189400337
1.02286540386
1.14042142528
0.917307917922
0.303914466484
-0.592603058845
-1.52835271105
-2.20637412856
-2.39374245676
-2.02263133024
-1.22808831182
-0.300323350931
0.432725271752
0.743150086368
0.599082919735
0.172815792125
-0.24631556239
-0.397253567966
-0.184681113631
0.256554633891
0.603640759876
0.479822179751
1.448566084156269
1.6637721928238705
1.3776586745025696
1.03325067521
-0.672722956111
-1.61875907382
-1.70215429766
-1.06707849602
-0.0201310783808
1.09935199065
2.03328533075
2.65755528588
2.96351369661
2.9948548938
2.78539061769
2.33592042531
1.64043661988
0.739633565117
-0.238727180432
-1.08733917224
-1.58270737284
-1.57904448213
-1.08613346765
-0.28756504152
0.517454481851
1.02810449527
1.06220118224
0.627845683103
-0.0867564769329
-0.800384326968
-1.26202270082
-1.35351215209
-1.12645827604
-0.760968429475
-0.471063659928
-0.405006368765
-0.587439985028
-0.92613243945
-1.27258949297
-1.50030592273
-1.55938109825
-1.4828407446
-1.34811982566
-1.22109325935
-1.11714678407
-1.00110579577
-0.823377931297
-0.567663189517
-0.278560458316
-0.0492414056796
0.026736197446
-0.0868886912803
-0.336036787357
-0.590327382057
-0.70138111164
-0.577388357483
-0.234878043221
0.201626108715
0.55525806397
0.681947662255
0.542709302792
0.225872433468
-0.0933289973375
-0.236729585247
-0.109339707109
0.255209690907
0.712233945304
1.07714771663
1.2140305348
1.0973935457
0.817507696165
0.528988298471
0.371043554288
0.401079760021
0.57471697393
0.77978835645
0.90336686434
0.894363385946
0.78814164877
0.681246598311
0.671691432373
0.798458073297
1.01333827273
1.1997171497
1.22690978282
1.00967018812
0.540927721204
-0.117685955928
-0.877885708504
-1.67052432134
-2.46429548886
-3.24349566662
-3.95785186126
-4.4788726979
-4.60000065239
-4.09836320937
-2.84263508947
-0.901269676008
1.40515121081
3.54668530987
4.92234010518
5.05081091862
3.74270441641
1.18510046972
-0.08315071434714127
-1.3721876998674816
-2.005976487196236
-1.53104504798
-1.91354382278
-1.26787543779
-0.0173420124742
1.3489420829
2.42012040113
2.95164377909
2.88185039887
2.29195370148
1.34174226408
0.212613587069
-0.925140150998
-1.92250597543
-2.65336269661
-3.02210786019
-2.98248167292
-2.56026325013
-1.8647251139
-1.07522649428
-0.399356728589
-0.0124431470599
0.00156853215837
-0.314420102627
-0.794547404423
-1.19618266821
-1.2770943408
-0.88103663521
-0.00421513582333
1.18212264365
2.36717465716
3.1915553742
3.37155758766
2.81775125923
1.70206811029
0.436469559693
-0.447449278183
-0.490861576043
0.490938031348
2.27910765595
4.26165356063
5.60625405381
5.55376709742
3.73224324904
0.365978007319
-3.7210548344
-7.33627382489
-9.31915406251
-8.96907869897
-6.33253343987
-2.22490048108
2.03861984224
5.11132939823
6.10520460777
4.90978537763
2.21106914398
-0.798167177495
-2.89909138453
-3.3228037735
-2.0294802219
0.317029108824
2.65812343281
3.99454737152
3.79163478489
2.17019312405
-0.184588036763
-2.34139933599
-3.52060870585
-3.39967460503
-2.20546577878
-0.572653487535
0.751051377343
1.2135559976
0.648935240498
1.4795779647948564
1.9648454843064656
2.5588975322597207
3.51933101521
2.71023726902
2.04213417802
1.25575893312
0.209879561965
-1.02707048201
-2.19350259391
-2.94282706552
-2.98805917318
-2.21891065221
-0.747934479837
1.12218457143
2.98656055685
4.44350718914
5.18496573571
5.05582886539
4.08107742496
2.46518545202
0.564565366659
-1.17150309759
-2.29403568467
-2.47130949434
-1.60074772239
0.125893368696
2.24126115417
4.11726298699
5.1504149012
4.95801712584
3.51264658536
1.15986657178
-1.49311213848
-3.77926429009
-5.1889727211
-5.52178116087
-4.91962166152
-3.7773852324
-2.57501604067
-1.70227828861
-1.34280102678
-1.45250654651
-1.82529944222
-2.20540126673
-2.39430700475
-2.31263504751
-2.00367022155
-1.59161764045
-1.22172919801
-1.00798713648
-1.00201702493
-1.18377731549
-1.46795196852
-1.72138384009
-1.79171105413
-1.54876886355
-0.934507593004
-0.00660464459826
1.04672649971
1.93994962725
2.37372896
2.14619772583
1.24896700038
-0.09845502293
-1.50270237294
-2.52944069343
-2.8677555649
-2.45830241286
-1.52652132621
-0.499346127636
0.166181314981
0.173678659503
-0.482571264117
-1.50471467353
-2.40276138825
-2.68505258041
-2.04993941878
-0.50242156486
1.64665721134
3.89150407908
5.70204378757
6.68595371103
6.6858109084
5.7885805706
4.26188698002
2.45543855727
0.708393567958
-0.712168978717
-1.63835151304
-2.00607459646
-1.85126330415
-1.30278967882
-0.566573625597
0.108349733768
0.483801125046
0.394786089061
0.20954243327807376
-0.39404688586486714
-1.2254829893292651
-2.0587608314578603
-2.702304415833069
-3.04368643724807
-3.0532252996298155
-2.753173183311901
-2.1776578359417584
-1.3518654768517564
-0.30468682862542096
0.894806272509868
2.105805320240904
3.1198109050049254
3.7127660130951625
3.7285789379570247
3.153917237540796
2.141532475338906
0.9617449022006355
-0.1011146420132718
-0.8585378497539295
-1.27747625521
-2.00024465498
-2.61900759386
-3.19215002077
-3.63637563703
-3.7563182808
-3.36102654667
-2.40653332985
-1.07942598951
0.241065935626
1.14256607379
1.38920047982
1.06892432661
0.582995347081
0.455661141657
1.03946535955
2.26239676461
3.5650062033
4.0978173554
3.12217015502
0.441222124717
-3.35587632682
-6.99278993332
-8.95637297293
-8.13632753686
-4.3794077928
1.30962571227
7.05334576083
10.7963232705
11.1395478518
7.96094581741
2.53881878205
-2.90318647903
-6.06295945398
-5.48768627002
-1.17544342195
5.40453960627
11.8839741416
15.9213077471
16.0969080385
12.4144054221
6.22061322388
-0.393887687205
-5.43888399652
-7.75419834197
-7.33932258961
-5.18776199336
-2.74683966225
-1.26883302996
-1.33567082121
-2.73162295646
-4.66683840915
-6.2030130204
-6.66710353738
-5.87899478531
-4.13192744268
-1.98704880147
-0.0156046941467
1.38346129806
2.03106390642
1.90651292742
1.05627549216
4.233197775353403
6.8665889514
4.67047639268
2.48915096108
0.722586321452
-0.312729217659
-0.533823943689
-0.156040270764
0.386801742637
0.64978724156
0.41647029639
-0.158589370825
-0.59793962259
-0.340727984905
0.93054305273
3.04078948032
5.29484721594
6.71729893896
6.47327920348
4.28390448893
0.635112242082
-3.33792188075
-6.26262906018
-7.06889641048
-5.4227023815
-1.86152506461
2.42800097785
6.08886849539
8.11458587502
8.18582043338
6.68968104171
4.4404278781
2.25682068046
0.607229777398
-0.515084769992
-1.44958895706
-2.55929382367
-3.93518200836
-5.27922319039
-6.03074996425
-5.66931989053
-4.03224369114
-1.47485987102
1.21948545464
3.14612304618
3.65913781527
2.64416002929
0.555840016269
-1.793157076
-3.58618741982
-4.33078069131
-4.01326088626
-3.02434955259
-1.91436596536
-1.11456510254
-0.765514986129
-0.725931092327
-0.734628821698
-0.618431464242
-0.421106411515
-0.379623729052
-0.764278280648
-1.67839844875
-2.93830061748
-4.11149848982
-4.70423202803
-4.40533322653
-3.25804778499
-1.66455180295
-0.21289123542
0.591499490174
0.55643833776
-0.119903228764
-0.963482894591
-1.47085917755
-1.36112931376
-0.705350805354
0.129891450251
0.691177868546
0.686971102738
0.144676259644
-0.606016035374
-1.1131565821
-1.04902846564
-0.390998669404
0.560663418255
1.33895055566
1.55846854625
1.12407645117
0.287278160788
-0.48285259717
-0.749229515946
-0.346146530894
0.520250263447
1.36950892672
1.69913563727
1.26562436492
0.248428292739
-0.794650306518
-1.17000454531
-0.378827269588
1.62072906346
4.34690937642
6.95920552652
8.58267050547
8.6472103145
7.09443402212
4.37036454181
1.22242991142
-1.59583237793
-3.5785726781
-4.58083791437
-4.76940183525
-4.46728272432
-3.98744215209
-3.53623207461
-3.21194870276
-3.06310529
-3.14009044299
-3.48896031118
-4.0857408958
-4.76168236119
-5.19041192319
-4.98096460509
-3.85845841021
-1.85136317337
0.620810050941
2.8328382226
4.00582303144
3.63112081405
1.72091112429
-1.14155954236
-3.99502029922
-5.8671408476
-6.15981501462
-4.8813435443
-2.61983800005
-0.270329523569
1.35753231026
1.86950398409
1.40512026072
0.499280370081
-0.232931618803
-0.423930100881
-0.127990528521
0.241875687237
0.175141305817
-0.619105070597
-2.01082076366
-3.47580709922
-4.34433077715
-4.14758540578
-2.88202339852
-1.04750639855
0.57309598611
1.29292841221
0.872881505768
-0.334422043785
-1.53185523375
-1.85709888453
-0.816605460479
1.4376917154
4.13205196667
6.19709533497
6.75236633798
5.52459698394
3.00013266128
0.232613164696
-1.61305720537
-1.77546722059
-0.235777235712
2.27421330825
4.59973645905
5.67910617178
5.01709999757
2.906439316
0.303297332737
-1.58319571942
-1.80487548647
-0.0714435050048
3.13058616022
6.73256343077
9.49568369959
10.4630322479
9.27504205293
6.24536528288
2.20087998828
-1.82075759767
-4.88604103723
-6.38661367072
-6.12196775646
-4.26390818819
-1.25892214204
2.278415148
5.65793103855
8.20110714367
9.34323737879
8.75441748572
6.45163996377
2.85032788937
-1.29256090781
-5.05571194122
-7.60931166416
-8.46398019435
-7.61742653126
-5.53702375628
-2.9808851215
-0.726618512398
0.685178461885
1.09437804754
0.704815712894
-0.0691368794087
-0.813633139154
-1.28719654269
-1.48351869784
-1.57176720659
-1.75860040609
-2.14806832836
-2.6689912577
-3.10060743124
-3.1774670911
-2.71838764335
-1.71766924073
-0.35984939566
1.04216897182
2.15193051587
2.70987567166
2.59235193848
1.81747098351
0.511455039278
-0.0981577560662572
-0.8413269205932039
-1.5077209064253623
-1.901763399660993
-1.8620993634614251
-1.2907321879
-1.3835515457
-1.04396710046
-0.464643798434
0.125438109388
0.531780092214
0.654702902694
0.512962100166
0.220582266765
-0.0710893232812
-0.238049449043
-0.225658775405
-0.0526265943978
0.217285288213
0.513952470438
0.786095548731
1.00191068057
1.13314541537
1.14348927255
0.999621731821
0.705751825328
0.340465486471
0.0631134977208
0.066277294019
0.479745957202
1.26584994203
2.16558795876
2.7442966586
2.54395512633
1.29348077194
-0.913648181087
-3.56835323655
-5.87146320311
-7.00955977105
-6.4800689951
-4.32797122647
-1.18053730456
1.95409018962
4.05637710528
4.48583096351
3.22785753124
0.88827450557
-0.7865211929118203
-1.6547255817489628
-1.2165073910436774
0.41786195416199234
2.6060684973516572
4.476924998267677
5.319227045334628
4.882974860284051
3.464565115822282
1.749016316919196
0.49222128461295256
0.19383365235
0.211055044955
0.869215215546
1.5818927369
1.83224681441
1.39880522858
0.42418353067
-0.689470909401
-1.49212465182
-1.69468385742
-1.27813202696
-0.464805301557
0.415027603322
1.08102333419
1.40371374648
1.40843515976
1.20001263993
0.867702828764
0.433511791904
-0.127095669355
-0.813145180421
-1.53146602579
-2.09163096517
-2.2816349208
-1.99066536258
-1.30817170794
-0.530694396437
-0.0519611483531
-0.176079535357
-0.943500947848
-2.0653456475
-3.0160843561
-3.25733223642
-2.49498767081
-0.845691060555
1.1765439399
2.86044357601
3.60052181644
3.16515274173
1.80288241212
0.133477348348
-1.12858155921
-1.49035711619
-0.889310278371
0.30082565135
1.46500641138
2.04447984585
1.79163461757
0.861317817157
-0.298506560735
-1.1934058109
-1.53618749364
-1.37738062737
-1.04836608119
-0.951238715342
-1.30939958157
-2.01359094812
-2.64893384356
-2.69456605938
-1.79679860019
0.0240288405126
2.34219726402
4.49289567135
5.85858175487
6.1361532711
5.45369088935
4.27986227414
3.17266350077
2.49489129187
2.24065579309
2.06135599344
1.47848827372
0.17499878186
-1.78519934265
-3.92680737699
-5.54658729403
-6.02904816348
-5.14503701072
-3.1884661273
-0.881319796492
0.914021223738
1.54591491121
0.830446725354
-0.5071910994527826
-2.1722363682954153
-3.433755138566255
-3.8111214691978432
-3.233556946851607
-2.0057536163896117
-0.6166467234149877
0.5020262364670884
1.147870366990574
1.3775164247613816
1.399302809367029
1.4037647158145745
1.4322017843413022
1.3547438535321419
0.9641961898761906
0.1265997997474244
-1.1013089659777933
-2.458263464064302
-3.5809020492291666
-4.170396795327633
-4.134594145423861
-3.6282092701335955
-2.966866929507006
-2.4579320949052743
-2.23650459277
-2.56399291843
-2.78102887429
-2.58290664561
-1.83477962232
-0.676979343431
0.509801725751
1.26968726356
1.28989685474
0.564615264734
-0.579999032634
-1.61824157885
-2.05666027601
-1.65747670041
-0.547861445479
0.837613140477
1.95532476336
2.39935443011
2.08193570616
1.26496101944
0.430445853467
0.052857623932
0.380231185828
1.32409451668
2.50511087577
3.42834196571
3.70389672169
3.21184580525
2.1405719134
0.88877973928
-0.116689755844
-0.600889800897
-0.539698477547
-0.141324535273
0.270422936969
0.410084889309
0.15054519297
-0.439022829981
-1.14314483528
-1.70423034325
-1.92827897998
-1.7473635719
-1.22144186353
-0.49272474682
0.275660147834
0.945909418381
1.42248937583
1.64621372332
1.58414908068
1.23171381971
0.629339790692
-0.119756404972
-0.851091060993
-1.37294054735
-1.52810554711
-1.25989866523
-0.650548956786
0.0916404939019
0.698254988836
0.936673334991
0.697105045934
0.0340565222495
-0.855102251204
-1.70431865037
-2.27327679056
-2.42288705751
-2.14431837592
-1.53744320188
-0.757575844024
0.0393675415319
0.728441814695
1.2168324428
1.42701669202
1.28458816859
0.72863233385
0.34072495274489256
-0.40110404313533365
-1.3203256040739006
-2.164204145910361
-2.675580597371791
-2.6850189073110187
-2.183380892090497
-1.3378885770075755
-0.43687975174970006
0.21966807581686965
0.44022797297147065
0.2209453224955098
-0.25179455775881365
-0.6783296552571443
-0.76984393673
-1.00466098342
-0.773283004829
-0.273045337409
0.221260123934
0.475421656968
0.388132976729
0.0187736307649
-0.456929540645
-0.837739190069
-0.989142055029
-0.894665514235
-0.646547477597
-0.386504593598
-0.23047982304
-0.21612106633
-0.296973357299
-0.381479952262
-0.391664247544
-0.30767231703
-0.17412145898
-0.0665827477334
-0.0391663649308
-0.0847920324551
-0.132594562147
-0.0859022884147
0.119248816667
0.468111676881
0.861794387058
1.15949634237
1.24933643746
1.11130430032
0.837165307955
0.592522642189
0.53594989894
0.733995539724
1.11604240055
1.49568746062
1.65315098756
1.44189711795
0.868130783667
0.10228831173
-0.587042958042
-0.948900300811
-0.862311223856
-0.391982287846
0.240237591298
0.756014778504
0.946679874729
0.765730439968
0.344397116049
-0.0762937079959
-0.263680212398
-0.104953871089
0.340868291795
0.873771114411
1.24925272282
1.29208811011
0.971956916876
0.406019897084
-0.209173083803
-0.698834617185
-0.991066275103
-1.1367310378
-1.25973630943
-1.46637647739
-1.7644465249
-2.03853208591
-2.09914195777
-1.78456872474
-1.06518905936
-0.095392220029
0.81867294443
1.3276125256
1.1783596475
0.322892015969
-0.5655856344655632
-1.6240924855568295
-2.4701344973524186
-2.8351849053386786
-2.6603533101338286
-2.1049102227432144
-1.4682445365501025
-1.0613938197517
-1.0821135893403238
-1.541423212173953
-2.264695527689767
-2.95935293728
-3.72103122726
-3.92298352326
-3.49035340692
-2.51305892738
-1.21665047132
0.0984197885405
1.13227432286
1.66008218695
1.59121129379
0.999192170653
0.110326236399
-0.754458791522
-1.27636732083
-1.24888340383
-0.663318767787
0.267877870912
1.16990959507
1.63524801373
1.38056924332
0.369563887427
-1.15251887492
-2.73412666745
-3.87842489581
-4.2275010617
-3.69408630571
-2.48520096555
-1.0077786787
0.302505792598
1.15467613527
1.50375826619
1.53915648724
1.57070813644
1.86821828294
2.52855364001
3.42821534899
4.27772065392
4.7477666837
4.60784557
3.81800064468
2.54101383351
1.08012751991
-0.222844908415
-1.08545966386
-1.34791296523
-0.994313650564
-0.143421925785
0.975543321196
2.05609165504
2.76351298908
2.80948754013
2.04842966851
0.567713377978
-1.27472244273
-2.90829958581
-3.71367645967
-3.25178604105
-1.47177115795
1.20106431762
3.96125726559
5.8929868053
6.32087452165
5.09795181561
2.69743210978
0.0497365164095
-1.82348630053
-2.23025446817
-1.10085594031
0.983388421436
3.04719767851
4.15652983496
3.83876882169
2.29595812247
0.309807570173
-1.12241201221
-1.25663282254
0.0399425171033
2.20800148407
4.23218949879
5.08791450172
4.19631011626
1.68286353257
-1.67221852639
-4.76167605787
-6.60269165055
-6.70986218865
-5.23476078039
-2.83350775576
-0.349918662162
1.52338103553
2.45293555956
2.47158504978
1.82400954385
0.767149083748
-0.551420570057
-2.07713249306
-3.72795909277
-5.27334458688
-6.3205329807
-6.45158706752
-5.45631333548
-3.53149947569
-1.31188401418
0.327012258994
0.634080503531
-0.646966992997
-3.0917964431
-5.71304040237
-7.35908194419
-7.22816042297
-5.25925126314
-2.20196676521
0.690469236536
2.2224058364
1.81881167542
-0.176419168184
-2.62026854456
-4.07061542116
-3.44844013702
-0.561486084364
3.75497752219
7.95331805532
10.4104573279
10.1059649303
7.04322176658
2.23407440505
-0.4427795154923331
-1.76700791283
-3.26864495831
-2.60725927823
-0.608537909251
1.56949900772
2.95834988433
3.14249370444
2.32331954639
1.09640757745
0.0879792845926
-0.354323843196
-0.272480525434
0.0150767294868
0.15765620986
-0.00486196947728
-0.36574438723
-0.653538617381
-0.639233086803
-0.315945122425
0.0632569618299
0.120185213312
-0.41211022933
-1.48606511717
-2.69336524958
-3.41932500461
-3.13344784038
-1.6736032886
0.624519668942
3.02943824775
4.71052643418
5.09431861373
4.11294571786
2.22714443419
0.213994705042
-1.17862837003
-1.54808804566
-0.979768358648
0.0395903493174
0.883194590955
1.086028314
0.542869678264
-0.4815210048
-1.51690854063
-2.1301216273
-2.11990049149
-1.57467019331
-0.782462560016
-0.0595044944587
0.400398239729
0.575781872345
0.551401519846
0.389955775437
0.0307357455881
1.6302133108238337
2.6375848594893085
2.9855534864625355
2.8653708237474973
2.72516037134
0.682128659522
-0.361450697444
-0.261922137902
0.731903234079
2.06633619798
3.10423641461
3.38147827019
2.78323809559
1.56409418773
0.210374919575
-0.784583029621
-1.12662203142
-0.819962371442
-0.128529653636
0.564879774974
0.923908280993
0.771874409502
0.115316025545
-0.907844621364
-2.10584168321
-3.28575127865
-4.26114524226
-4.83469402582
-4.79892733202
-3.98868323288
-2.38067022915
-0.191907698613
2.09198391825
3.80826414579
4.32317643935
3.28351725347
0.805741603216
-2.49440076883
-5.66773099272
-7.74373618133
-8.07008897921
-6.54176009032
-3.62493687421
-0.167858995019
2.91834288048
4.97285515841
5.7657910784
5.48532039852
4.56024866944
3.41788487522
2.29661557404
1.19437731089
1.5784775950694012
1.6987176983279397
1.5894744663683014
1.4930686770750299
1.77386657181
1.3158609272
1.65907541636
2.6246966891
3.80385704774
4.71863683705
5.01486409442
4.59992045168
3.66726841722
2.60316882304
1.82299860056
1.61073584646
2.0260359945
2.90703520836
3.95356149247
4.84550287332
5.34590051116
5.3555234159
4.91261546384
4.15349048915
3.25792512243
2.3984941846
1.70271035268
1.22949825817
0.960726822621
0.811273380545
0.661004471001
0.404903240271
0.00542193079272
-0.478001315458
-0.904491870584
-1.11653021748
-1.03127037122
-0.714117322311
-0.388677155791
-0.361451099278
-0.881664691344
-1.99634797876
-3.47569412942
-4.86121074219
-5.63509277682
-5.4473482349
-4.29871590569
-2.58527774887
-0.966516900074
-0.0995945780735
-0.350932692853
-1.61684658383
-3.34391404042
-4.75244309813
-5.17203292425
-4.34176120239
-2.53779251378
-0.46599333147
1.03686507789
1.36177873549
0.386303215792
-1.48091461965
-3.48630987698
-4.86024916855
-5.13842716463
-4.33422421792
-2.89388509214
-1.46827474631
-0.616357154824
-0.578931796686
-1.21832567643
-2.13470932946
-2.88580201892
-3.19449690729
-3.04624750442
-2.6422935282
-2.25062974626
-2.0448989392
-2.01925357336
-2.01901561328
-1.86070958507
-1.46686544667
-0.935825155274
-0.505683090361
-0.431864527561
-0.846252780819
-1.67609000567
-2.66813986311
-3.50625386364
-3.96002334349
-3.9859846358
-3.72936241129
-3.42879311168
-3.27898583336
-3.32816971432
-3.46653773333
-3.51007238051
-3.32962281871
-2.9481241757
-2.54491725187
-2.35739263302
-2.52931869087
-2.98984284637
-3.43722872667
-3.45024965946
-2.68332769049
-1.05369878106
1.1740776513
3.45582905355
5.16552668042
5.83802266794
5.34910089098
3.95425257888
2.17386268331
0.583049314784
-0.395334599873
-0.604809518773
-0.138344106374
0.780908205971
1.94476682685
3.24940165776
4.68531931611
6.24398793259
7.80593238464
9.08707508447
9.68904393441
9.24179537688
7.57373035302
4.8238421549
1.4337463687
-1.350556925680209
-3.592956106361598
-4.9479628551518005
-5.387057420144359
-5.1559143581607145
-4.625755809936649
-4.112788719968989
-3.749510116046764
-3.4615561020725494
-3.0502547579018824
-2.331136447241448
-1.2560232684101607
0.0401431296028818
1.2861467127127213
2.187693620006172
2.550923285726867
2.360498421411563
1.7825648114422137
1.099214489486215
0.609216635815
-0.337260963076
-0.764814003379
-0.7022461213
-0.277897026189
0.324258478538
0.90761154327
1.30012292557
1.38729465131
1.14050572139
0.632607402282
0.0272467889088
-0.467254087669
-0.673276223265
-0.523065270335
-0.104958072406
0.353499985664
0.570561740932
0.334863822678
-0.383931847296
-1.39341204711
-2.33428376209
-2.81864326045
-2.59450799087
-1.66344290358
-0.29534292804
1.07045362153
1.9963803738
2.21493097186
1.7201207641
0.744661079402
0.12971186246024047
-0.304329337623642
-0.40608880074414344
-0.21424541975412126
0.105226246311247
0.3723895465393099
0.49270763546675767
0.49127254231146367
0.47085120846415407
0.5267958172388347
0.6753834696588115
0.842127706965
0.678517342807
0.374167283684
0.00145347241622
-0.252110024803
-0.172992748571
0.350533499748
1.23410807059
2.19936443107
2.8880658051
3.04188025086
2.65756033363
2.02797394247
1.62906801617
1.88997854975
2.95011119707
4.5272222406
5.97938325836
6.55639502332
5.74238271861
3.53673623788
0.534788926361
-2.24943410164
-3.76262470547
-3.34324325473
-1.0221038351
2.44147915765
5.81362408157
7.83405633768
7.68117522679
5.2702060056
1.27079142598
-3.15463423239
-6.78044578978
-8.74465423476
-8.81433772852
-7.40447650704
-5.3648452454
-3.63372169303
-2.89468141123
-3.35562474563
-4.71214026103
-6.28785554601
-7.28909731691
-7.08506343114
-5.42856500199
-2.55711214244
0.851683793915
3.86069670751
5.54672545538
5.29555718765
3.030849637
-0.706534834661
-4.87874841275
-8.25973488175
-9.84859766109
-9.24662193706
-6.84578035407
-3.72742609167
-1.27376094519
-0.615410668184
-2.12490236334
-5.17383492396
-8.28609854166
-9.66628540226
-7.92110472751
-2.69224756608
5.06884843023
13.3262136698
19.6295914513
21.9888690797
19.6169058533
13.2453829081
4.8817142808
-2.90418923613
-7.88801691617
-8.94450847984
-6.36518734278
-1.6399314613
3.18291031482
6.28396414656
6.6945645392
4.53020648798
0.788198501142
-3.1579979593
-6.12692735374
-7.52265714297
-7.4206092739
-6.36224401168
-4.99957262522
-3.77654571074
-2.78924282772
-1.86087870137
-0.757076646627
0.594889693163
2.00655993128
3.09774708345
3.49018452696
3.01569921956
1.82497156331
0.338332228784
-0.935949312519
-1.62208015399
-1.62404354611
-1.12822091252
-0.466309905316
0.0837129903744
0.449283785455
0.783981494118
1.343396405
2.28044828928
3.47126507131
4.47371545488
4.65904667232
3.47204258891
0.707732803535
-0.6248860130404665
-2.4334074741406937
-3.67694353598
-6.17297643842
-6.63754634113
-5.14417225834
-2.32197136425
0.877515039913
3.50866487904
4.92701662843
4.94692164457
3.82128436449
2.07695089996
0.290608853029
-1.10057746569
-1.89077665689
-2.08981820436
-1.83772473421
-1.30841172702
-0.650488129493
0.0197940277453
0.593006076724
0.945504266449
0.952373483327
0.537366144829
-0.266137134694
-1.28326622606
-2.22537359496
-2.77856523102
-2.72067834443
-2.01455762156
-0.83122602486
0.513385877803
1.68398014727
2.45847396367
2.80680349717
2.87892942542
2.90770402797
3.07359576507
3.39799659013
3.71959911058
3.76902780457
3.30877309597
2.27161700259
0.828104412228
-0.655357767665
-1.75517995535
-2.16618881072
-1.83352614299
-0.976911449942
0.00895752446134
0.736620721757
1.00878754452
0.915871339221
0.797605500312
1.07872145336
2.04730611914
3.67452648992
5.56140145324
7.04667407697
7.44132290972
6.29940017516
3.61607889237
-0.129479624503
-4.10764800243
-7.39956517813
-9.2879275824
-9.47011403269
-8.12027259567
-5.78831219453
-3.18627052007
-0.950810622046
0.529322083638
1.16734744083
1.11373980359
0.620094955328
0.8503012363186286
0.9548834590393369
0.9226211140408935
0.7041285053491038
0.30455518276632176
-0.156632111505
-1.37737676152
-2.17239950199
-2.35398736452
-1.89730105278
-0.970284554063
0.113864593324
1.00521319596
1.44344730535
1.3506290546
0.852322184325
0.218320159668
-0.252874448748
-0.35859922389
-0.0745088589235
0.439221170084
0.911171674789
1.08186443218
0.825865224132
0.220656502219
-0.469692485775
-0.893908394485
-0.759012635188
0.0362790181423
1.3368105765
2.7662673576
3.85424510367
4.2084794321
3.66459015253
2.35188390308
0.646032884925
-0.974568820336
-2.11130707414
-2.59169043507
-2.51868180936
-2.20308224232
-2.009588852
-2.18516508511
-2.74639917067
-3.47612226291
-4.02988375723
-4.10225034367
-3.57480218956
-2.57581782714
-1.42296612888
-0.475974378354
0.0301036713269
0.0900976896353
-0.0795706789399
-0.159507977351
0.101928959503
0.751780925326
1.60113326965
2.31990714294
2.61466599927
2.4010274179
1.87908743317
1.4631007556
1.58689295914
2.47101737923
3.96445319692
5.54731203475
6.5111117527
6.25059628627
4.54418192704
1.69673191052
-1.52765898233
-4.16647594433
-5.41249385961
-4.91760176922
-2.92317069084
-0.165479079445
2.40228631492
3.9567202176
4.08230523969
2.87924737506
0.874627304625
-1.20938954081
-2.72607594657
-3.30716122449
-2.93412247349
-1.87602801617
-0.545131035813
0.657148128833
1.44552800962
1.68590150998
1.3756108871
0.603201467052
-0.483579211277
-1.69394104314
-2.80718829188
-3.60128987038
-3.90294780661
-3.64392318808
-2.89372568817
-1.84288255653
-0.734465815412
0.227902642134
0.948373620572
1.44298975833
1.77164650493
1.93296815169
1.78658313914
1.06335355367
1.8290896866806747
1.632965835503697
0.7073005420361795
-0.336875061698
-2.99523265808
-4.1137622432
-3.27271224244
-0.674048938664
2.84747519485
6.07554989535
7.84793617854
7.50754908171
5.17788812181
1.7343724463
-1.53215066065
-3.42982156239
-3.3458408919
-1.48830528411
1.21544803697
3.52196937668
4.4032075132
3.47725922699
1.15392354043
-1.56341995489
-3.52714678209
-3.94502465116
-2.71126230041
-0.429339222369
1.87366712676
3.20569556253
3.03404032082
1.49098383456
-0.71969797089
-2.66003995569
-3.57836642134
-3.22348564506
-1.92038120904
-0.388605228446
0.599835420052
0.560933695024
-0.513058544956
-2.18929470535
-3.81969551435
-4.83884382674
-4.99384942795
-4.40851281178
-3.46887292877
-2.60149806299
-2.06029238458
-1.82401877772
-1.64552901626
-1.21703610386
-0.361145697647
0.850498903372
2.10919373964
3.00405493927
3.21289104317
2.65740367113
1.55055010844
0.3160792946
-0.581007113452
-0.816474234362
-0.323703840423
0.69875952799
1.88288323632
2.84099394408
3.30347268008
3.1913232039
2.60514364393
1.74971982759
0.837141508973
0.0124900256974
-0.672241657149
-1.2366863227
-1.72464409102
-2.15890660419
-2.5188731861
-2.74593610388
-2.76760820855
-2.52553733151
-1.99585169284
-1.19842777468
-0.198447493464
0.895149737175
1.93377621685
2.74058004209
3.13521987235
2.97316299935
2.19116543241
0.842124170794
-0.5781512813178153
-2.1265341260352812
-3.5165617832729765
-4.518013750839074
-5.018578610571055
-5.043987707901735
-4.728594485510257
-4.249457988125684
-3.7529176992227917
-3.3056498571089463
-2.8904438983585123
-2.445661802459
-1.9264842339623272
-1.3555421380527122
-0.835514932155
-0.768510768861
-1.02628467813
-1.64170285122
-2.51540052066
-3.42829750012
-4.10444293479
-4.30076355384
-3.88881669245
-2.89743154267
-1.50195548347
0.0323098153512
1.4278877059
2.46447266526
3.01823949244
3.06563906494
2.66198803798
1.91304329924
0.954725679543
-0.0549417541751
-0.939775759182
-1.51915025036
-1.64095370722
-1.23043740389
-0.337220123481
0.844816920582
2.00501580951
2.79385845098
2.93162805045
2.3102655464
1.04719415395
-0.535964258139
-2.00916739729
-2.97329341151
-3.19222409701
-2.6668351649
-1.62125942124
-0.406350845956
0.640892617035
1.32454002716
1.65118735681
1.80056720165
2.01870444734
2.48051726802
3.18280836252
3.91675989548
4.33591207221
4.09495726137
3.00370426951
1.13248357964
-1.17636522935
-3.39909536668
-4.99093783467
-5.55691502942
-4.9708895126
-3.40242027569
-1.24752044728
1.00484334316
2.91805815869
4.21418518937
4.81173230692
4.7954335723
4.34414501422
3.65385530646
2.88641801044
2.15624411481
1.54685920255
1.13654132135
1.01199045431
1.25936594922
1.93635993975
3.03949680109
4.4827764122
6.09741060196
7.65237360341
8.88776850716
9.55140688876
9.43310650037
8.39693825685
6.41393574777
3.59393639812
0.206972621828
-3.32247244873
-6.46459709067
-8.68175362897
-9.55943529015
-8.93560635911
-6.98249219072
-4.20145099709
-1.31604966657
0.916405657979
1.92198096223
1.48636530574
-0.171581076585
-2.45988275645
-4.59399033267
-5.84322022731
-5.76463028184
-4.34830751642
-2.02606976562
0.460444032787
2.2911922904
2.82592681171
1.80803823515
-0.550147433069
-3.62818779958
-6.58690013913
-8.62851820705
-9.24650817683
-8.38487750116
-6.4528720951
-4.18561895394
-2.39178344459
-1.66969809318
-2.18914037452
-3.61907900413
-5.23492091285
-6.17602179192
-5.76714859557
-3.78826783092
-0.589203090309
3.00184408254
5.95153577336
7.38175658498
6.8853968174
4.67854402995
1.52963642962
-1.50957352271
-3.47055425301
-3.79461420803
-2.49970455551
-0.132071353919
2.46770131502
4.48452874123
5.40757515988
5.16613245687
4.08546183246
2.70029973366
1.51679436646
0.82416366034
0.624500024836
0.691127805477
0.710598012033
0.434879598797
-0.221883954081
-1.17179386944
-2.21311382118
-3.11884168737
-3.70830792903
-3.87702436273
-3.58962584218
-2.86109863615
-1.75151948769
-0.381043269193
1.05194725619
2.27916035532
3.0179782873
3.06772410853
2.40906092688
1.25355186627
0.00300969442199
-0.883262065806
-1.06806417865
-0.485911092771
0.611118363797
1.74449489104
2.40869095366
2.29601051532
1.44461746578
0.235891012347
-0.767057849244
-1.07390954693
-0.501637403828
0.720617689947
2.03086697182
2.76946909391
2.46903902603
1.06953323678
-0.8010682026202574
-2.6997278758554586
-3.935171738993347
-4.097399504511301
-3.2250443278488774
-1.7771156714060083
-0.42389911304640293
0.24809489589451061
-0.01407564302103026
-1.0332670727250672
-2.29613350705894
-3.1892455587938002
-3.268516591807895
-2.4432273606652473
-0.9993749160543217
0.538354583756842
1.636160598197847
1.9674041201238452
1.5246739529077757
0.5898619828404463
-0.41022629872171024
-1.0883066908722867
-1.2378616353327772
-0.8775646697836095
-0.1956503145927968
0.563574001112
0.825769603692
0.893663335892
0.785521477659
0.562870276777
0.272283678706
-0.0784815039208
-0.499100837082
-0.969280385143
-1.40179453697
-1.64736074117
-1.54853902508
-1.02007491525
-0.114345667947
0.966475020353
1.92601856418
2.47852633853
2.45879883174
1.88833346376
0.967210119169
-0.00554803388225
-0.748451556783
-1.10050241659
-1.06788315676
-0.798271788931
-0.499300620277
-0.340999622198
-0.385941220867
-0.574759211725
-0.767592590716
-0.81716563575
-0.637876265862
-0.241326761066
0.272489986669
0.757917778758
1.07657195938
1.13681787964
0.907636027929
0.410191973824
-0.298928179036
-1.13842247522
-2.00157659961
-2.75120947139
-3.22497446714
-3.26325493633
-2.75957067637
-1.71737573189
-0.286356619222
1.24696197361
2.52387160691
3.21901414004
3.15070865233
2.35136357682
1.06367538269
0.7763816525152407
0.7219287636422251
1.097560129621968
1.8601137042590636
2.739234661677031
3.350784198950109
3.370690965689164
2.7001782371751233
1.55079033288
-0.662724348824
-2.27663306458
-2.80478888415
-2.07046853072
-0.300232719627
1.9334793932
3.90648339452
5.00200632584
4.93312743304
3.83818272002
2.20886758286
0.679669231034
-0.234027719836
-0.339197087003
0.175638558177
0.848459634244
1.16891071274
0.818594501681
-0.182043428835
-1.48621168251
-2.58551787394
-3.04938386797
-2.72657073005
-1.81372564935
-0.758478666695
-0.0434752803722
0.0445382058615
-0.451938440915
-1.19176644757
-1.71650454476
-1.69409068688
-1.10272840903
-0.25843984752
0.335738499131
0.252271769058
-0.613129471246
-1.93545843322
-3.06117053269
-3.28407194593
-2.17806387626
0.165996064781
3.11595381313
5.71105407141
7.02944367522
6.55610738282
4.3932107998
1.22214420183
-1.96550406286
-4.25132140835
-5.12484053592
-4.63356572524
-3.29787746055
-1.84444002796
-0.88630696689
-0.69085004942
-1.12565453773
-1.785068647
-2.21898330493
-2.14775826694
-1.56704011451
-0.709148671485
0.10030836917
0.606669050242
0.728531362525
0.557825871302
0.275371336216
0.0415744267847
-0.0730923106685
-0.0848032564556
-0.0351063780197
0.0777637102545
0.321279015496
0.781914938952
1.47322021676
2.25726300791
2.83923447382
2.85944908998
2.05242273022
0.39870799252
-1.0965300204780704
-2.6248245651868416
-3.616756172252636
-3.687647239975746
-2.8018104233436816
-1.2915743276511904
0.28385912912528966
1.379781037139324
1.6992105090714489
1.3119347626568185
0.6059784910915766
0.0962462251488
-0.472689874493
-0.346804730903
0.237675048425
0.827253936172
0.967669866917
0.415478930084
-0.750760337165
-2.16457290963
-3.32768818428
-3.81248584014
-3.42161243072
-2.24402109988
-0.599248562752
1.08934785654
2.42947378736
3.15142804206
3.13856566983
2.41322235024
1.10996403155
-0.541674756297
-2.22765645258
-3.57657403107
-4.22710433565
-3.93581704747
-2.69082464037
-0.773431369322
1.28357691763
2.85283808567
3.43979564503
2.89068938251
1.48395220419
-0.15203394702
-1.27826772543
-1.35067487882
-0.262232407406
1.58947538704
3.44927442775
4.51242553794
4.26645757677
2.72054346077
0.421809007798
-1.75126135186
-2.93276200047
-2.60762528798
-0.806533258059
1.91600738399
4.70119717264
6.70440352374
7.38140578603
6.63646387485
4.79324754474
2.42531939834
0.133311169523
-1.63771950897
-2.68165099984
-3.0097727138
-2.76387233264
-2.12072996232
-1.23141609741
-0.207560725428
0.862429186358
1.89589693731
2.81676805536
3.57357081508
4.15643600007
4.59287400379
4.9163923743
5.12301650465
5.14435077869
4.86190507703
4.16635805121
3.03822096192
1.60862362661
0.162047605119
-0.93280715459
-1.34353391014
-0.898488957382
0.33760801014
2.07025717124
3.86209109205
5.26454811807
5.942503211
5.7480239691
4.7259149149
3.06418497582
1.02172279164
-1.13460785834
-3.16730924578
-4.8842136139
-6.14889667027
-6.89787255917
-7.16200071177
-7.0746488571
-6.84620085002
-6.69817479208
-6.77440601113
-7.06734737994
-7.40041470529
-7.48698234145
-7.05065197735
-5.95749017919
-4.29798222987
-2.37412687023
-0.589515037068
0.71225601191
1.38693124577
1.53925208475
1.45596247564
1.45130505773
1.69840596062
2.12964767367
2.45804136737
2.3137766541
1.43340237374
-0.188520030316
-2.2598299033
-4.28595976248
-5.75945176449
-6.35928395121
-6.07150924014
-5.18005239326
-4.13641350343
-3.37040002782
-3.12603867117
-3.38899705603
-3.9254083792
-4.40128118991
-4.52119042565
-4.12700107485
-3.22675007307
-1.96187006366
-0.5466172041
0.784996372036
1.80902560441
2.32755012908
2.19300711529
1.35456745081
-0.0845101373574
-1.83363368815
-3.44571555095
-4.42945726481
-4.41843332249
-3.33257217709
-1.45419506157
0.633594945256
2.2408896602
2.82824058856
2.22011132962
0.67734418171
-1.21090005072
-2.77433729298
-3.54017373009
-3.41685752262
-2.69740597324
-1.87979514771
-1.38896684238
-1.33440225485
-1.4241066993
-1.08479461321
0.258580070769
2.86795953549
6.48726541462
10.3476939057
13.3926303072
14.6363274429
13.5135732585
10.0832164375
5.0117656382
2.2370273365756645
-0.01003649363129
-0.867916122215
-2.88584644656
-3.15356500429
-2.08970214929
-0.294924112626
1.62358316979
3.17360419279
4.03536688913
4.07407323254
3.33290440375
2.01810339744
0.468327588779
-0.907918746052
-1.73212667287
-1.77351569897
-1.04233502631
0.188037855761
1.45552733736
2.26546398884
2.27346343699
1.42126221061
-0.0342457180359
-1.61562970925
-2.80713906108
-3.25003308991
-2.87078219282
-1.89161719243
-0.724226985388
0.203363332047
0.61154707538
0.459214672084
-0.0704012848954
-0.671454306436
-1.05361385779
-1.05648317818
-0.697664071845
-0.14461991002
0.36776602297
0.634622895924
0.555636789446
0.164381873832
-0.390027973821
-0.896228654968
-1.14946654998
-1.01706651356
-0.484913575483
0.327094692926
1.18844647498
1.82058225945
1.98677194971
1.58338405224
0.69771794821
-0.398408482828
-1.32997480874
-1.75458915323
-1.50357867389
-0.667734467896
0.417309985602
1.29147493694
1.5540141746
1.03470255158
1.3497321139858798
1.42777504374
0.41026287025
0.0343309511779
0.398577894351
1.27934639012
2.23428237644
2.80356176818
2.71654327226
2.0087217322
0.996134410083
0.121845579417
-0.25074434881
0.000608582356747
0.714986303014
1.54063722876
2.1114286783
2.21868448179
1.89603839694
1.38168810349
0.984807086541
0.928821877445
1.25105352631
1.80398028672
2.34763461001
2.67565505488
2.70402885397
2.47770255616
2.10041543051
1.63866186413
1.06562499906
0.286315831001
-0.76564507774
-2.0174396448
-3.20772277969
-3.9473888657
-3.88094096222
-2.87862244666
-1.16050461404
0.72506533779
2.08158679821
2.33802565233
1.29849728766
-0.748031644532
-3.11654929692
-4.98371278547
-5.70759421458
-5.07328595391
-3.36125450341
-1.21512960709
0.62583010875
1.60865514883
1.54406799742
0.616618083441
-0.75451240518
-2.12091016171
-3.17405373877
-3.80798950109
-4.06896921832
-4.04520548018
-3.77481462305
-3.22917703627
-2.37651643437
-1.27736428454
-0.140263927057
0.713840172022
0.977291681832
0.513973427093
-0.535205790401
-1.76690009745
-2.66045974879
-2.7966561172
-2.05014821688
-0.661152117672
0.855068938202
1.9260903306
2.17070110881
1.56381472938
0.441077951001
-0.659629598867
-1.24691344035
-1.10048247561
-0.369421104189
0.4990305838
0.965683015589
0.646202564764
-0.511240174298
-2.19304563249
-3.84168797863
-4.8749909007
-4.90888893994
-3.89454823653
-2.12254981859
-0.103794660061
1.61670034556
2.63860307533
2.81613659952
2.27136462155
1.32096849781
0.353287475493
-0.298824859034
-0.451029209819
-0.104377013659
0.577961317768
1.34255721742
1.94287114069
2.23105991256
2.21281226189
2.04182023199
1.94924494855
2.12920642259
2.62456450486
3.26601990558
3.70335944114
3.53171237673
2.47098702923
0.523775403832
0.894643035565
-1.5358807802
-3.24675452683
-3.78087819441
-3.0750204778
-1.50285739226
0.261877435149
1.51201980516
1.79168688285
1.07427546375
-0.246682465989
-1.55069987455
-2.27986908158
-2.19166473129
-1.45839263497
-0.568460678049
-0.0783417399975
-0.33500571504
-1.30240041932
-2.5752456252
-3.57302843276
-3.82029237942
-3.17808497749
-1.9155624999
-0.588182677212
0.21825247144
0.15523122159
-0.735151983125
-2.05041493961
-3.22221257218
-3.77916108992
-3.5533508624
-2.73756842046
-1.77459015798
-1.13945431381
-1.1219844724
-1.70959970917
-2.61629375266
-3.43172315468
-3.81057308253
-3.61137497251
-2.92749041883
-2.01063323956
-1.13833187324
-0.496405203966
-0.129285654692
0.031562436907
0.0928410327109
0.129027476519
0.155587486579
0.152496968137
0.112136199307
0.0721438850272
0.106461301093
0.277662027993
0.581711350369
0.924783243401
1.15476120112
1.13706968751
0.835064897113
0.347588704009
-0.123438386501
-0.364432087797
-0.254835611782
0.171723251112
0.746080200932
1.25580494596
1.56324273095
1.68411959186
1.77964861876
2.06070121707
2.65199344937
3.49029712526
4.31770269619
4.7837303623
4.61225198114
3.75128478735
2.42701728475
1.06814811152
0.131010086127
-0.0929222033302
0.405282456418
1.36541138816
2.39351787186
3.14915711272
3.48925586229
3.49795363754
3.3933555645
3.36849393089
3.45944596876
3.5186689701
3.31296553457
2.69363667682
1.74014900486
0.784760973959
0.283951293601
0.585155879295
1.70171725799
3.21953286143
4.40583340625
4.49603672809
3.04322586643
0.172036726103
-3.39132909109
-6.54863773959
-8.23945277562
-7.86707861458
-5.56130177455
-2.1618696156
1.07850725568
2.95635047379
2.76175918053
0.531119032905
-2.98501168192
-6.61613645735
-9.20377280246
-10.0001760288
-8.88704041948
-6.34755023796
-3.2249232259
-0.378765532077
1.62153157665
2.65532899406
3.01777215668
3.22881709796
3.77403224742
4.8839774357
6.43480933637
8.00054021369
9.02847008337
9.06501747925
7.94377374792
5.86466349246
3.33529768071
0.997586179726
-0.594123423574
-1.15856995818
-0.765739549852
0.221255307129
1.31447547059
2.10756878987
2.43143556421
2.39186153655
2.27460126562
2.36512912045
2.77249659398
3.34774783975
3.74362534715
3.59218797533
2.71375210363
1.24714111085
-0.376786263367
-1.62041004277
-2.10097230041
-1.7963870495
-1.077911144
-0.530907097918
-0.63311596331
-1.44457707392
-2.47796342687
-2.84714432879
-1.66187249347
1.49308362425
6.22023006678
11.2990668879
15.0546156527
15.9832992045
13.383360004
7.71271129708
0.498700820458
-6.18803789609
-10.4920473151
-11.4528010167
-9.32305437083
-5.3973484817
-1.43413694097
1.07119330714
1.44813103249
0.0178348051106
-2.18002048604
-3.9468516575
-4.49741522794
-3.78169693532
-2.42553912956
-1.34584475867
-1.24735768899
-2.25350512526
-3.84654179581
-5.13459374975
-5.30431143531
-4.03400769225
-1.67002560682
0.910341641694
2.675506716
2.87509067341
1.33841374997
-1.48284316273
-4.72165999041
-7.43726120147
-8.93344953176
-8.93203508482
-7.56649204696
-5.24771481112
-2.49609844039
0.182599647995
2.35577195781
3.68874164277
3.98397757393
3.25285373144
1.78472346038
0.142066916689
-0.975701537534
-0.991140148096
0.263657922675
2.37783098486
4.43665130818
5.36645821797
4.43747541915
1.70546358927
-1.83928263368
-4.54299072351
-4.72238198282
-1.42153862422
5.03883597418
12.9940718533
19.9340604943
23.4055377121
21.9649443277
15.7843216624
6.64289861007
-2.7100555877
-9.56985096692
-12.2570069405
-10.6696081698
-6.19962674266
-1.07706326133
2.55881081116
3.46480835153
1.65780282976
-1.77019902952
-5.25140067901
-7.45722256151
-7.81113713613
-6.60451862437
-4.71810678365
-3.12702072775
-2.44244984933
-2.69373384927
-3.41677917046
-3.9630675866
-3.85131834574
-2.98819212306
-1.67141623549
-0.405613204126
0.353413313121
0.394284732983
-0.194369078136
-1.10543474481
-1.96310616247
-2.455476999
-2.39790646721
-1.73063726798
-0.493999477109
1.17535753854
3.01981170523
4.64442278582
5.56349188317
5.33801483203
3.77187286458
1.0765582516
-2.10150892002
-4.85039338614
-6.32416357984
-6.10646493011
-4.43312390233
-2.14260620857
-0.339987586202
0.099489184103
-1.03303165065
-3.11862416875
-4.92803992898
-5.14955245882
-3.00573175361
1.32039769556
6.65877994341
11.2619762523
13.4907104999
12.4849473576
8.52936607143
2.953130674
-2.39255031885
-5.85273032651
-6.57755863225
-4.77492102993
-1.52562418055
1.72718954771
3.77133774761
4.04509021276
2.72906921648
0.519450534183
-1.76690818074
-3.5491275111
-4.64349728396
-5.19152506208
-5.44080834133
-5.52905399711
-5.39854852959
-4.87754542715
-3.86077084414
-2.46231182254
-1.03205521395
-0.00971775820719
0.30947124519
-0.0366133420213
-0.652831945932
-0.961266124681
-0.499083165571
0.810561524039
2.56307564565
4.01943972269
4.44099139903
3.45720509095
1.28562243741
-1.31312350566
-3.33808422478
-3.97728942577
-2.96915385688
-0.730727131131
1.80522243961
3.5690407951
3.77836937315
2.22383592188
0.9911227362087089
-0.8071952837570393
-2.3079981782376393
-2.89027426628
-4.06951002676
-4.22062963271
-3.63913541028
-2.60738152312
-1.29387067494
0.22178524285
1.84109154569
3.34815543974
4.40426985853
4.6600227159
3.93339384391
2.35345883797
0.376408378057
-1.35812262518
-2.27846217358
-2.12609421518
-1.07473182182
0.34119591749
1.46279275453
1.80156200517
1.25690071451
0.155942518153
-0.900790435472
-1.31387540723
-0.751986371021
0.708113779456
2.62447095551
4.38538328306
5.46050176882
5.59416331414
4.86502783944
3.60497775359
2.23431247838
1.09895972382
0.378836356181
0.0887600987119
0.143171924218
0.430233645632
0.850281070509
1.30807925243
1.6842733729
1.82620156879
1.58334350214
0.878386255331
-0.226287156631
-1.51388799698
-2.67366535441
-3.41752728879
-3.5976716331
-3.26284673553
-2.61977851942
-1.91748726308
-1.3174762273
-0.825008473711
-0.325759913513
0.287909380154
0.973825285476
1.47326051368
1.38189179423
0.347527125602
-1.69285727357
-4.362938365
-6.88496631817
-8.32436959548
-7.95645582747
-5.59834560438
-1.74778384062
2.55336643311
6.09119454029
7.9366675699
7.79119887744
6.06940365004
3.68421678629
1.63412097531
0.580894390353
0.606491509746
1.24943189208
1.78738132546
1.61846547755
0.554164318591
-1.11098639407
-2.77144213804
-3.82251514382
-3.9459820945
-3.22644075427
-2.05141098695
-0.865275904263
0.0768106759915
0.814014504953
1.58589625317
2.59740010468
3.78616335469
4.74237951615
4.85279412176
3.61570818772
0.969259794216
-2.5507114522
-5.93484844339
-8.07989082062
-8.26136934485
-6.47509422195
-3.47178394579
-0.449921347175
1.46195820678
1.69372578153
0.459264552926
-1.39180182972
-2.82559918246
-3.15645945721
-2.39374378302
-1.22501490336
-0.638542939365
-1.37302771801
-3.47770802639
-6.22015415458
-8.40982937447
-8.99365787868
-7.63071131637
-4.94491918714
-2.29841580703
-1.15955284787
-2.34827239882
-5.52342312352
-9.18530595973
-11.2380749937
-9.8939976378
-4.52830858409
3.90566811324
13.1110780258
20.2603317716
23.058848055
20.6183888162
13.7783134709
4.75029919778
-0.30089471834634196
-2.61510922667
-4.62033801937
-3.37873421845
-0.386149087456
2.57158953262
4.17366697049
4.00970411045
2.56776241364
0.835916239698
-0.247492312648
-0.221214467362
0.774282125225
2.18673337012
3.41289952054
4.1192106922
4.35747729588
4.43799211901
4.65861996449
5.06208339496
5.36912980621
5.13002830233
4.01012133415
2.04584889922
-0.281785359793
-2.2145407782
-3.05429795206
-2.5045056897
-0.839025861654
1.19747383165
2.72093965172
3.11703170871
2.33081599141
0.893961408709
-0.328559455207
-0.555198033184
0.528263499646
2.59899669022
4.8219092155
6.21134401408
6.06348708902
4.26440668064
1.34059790643
-1.76066465142
-4.053538157
-4.88619427188
-4.14908260585
-2.24976595383
0.106220593497
2.20995775413
3.5850139022
4.07861346959
3.80343074364
2.99591801364
1.88303307592
0.623097910087
-0.671085301013
-1.87222996973
-2.80609956696
-3.28684260899
-3.20959676273
-2.64416380096
-1.86159810727
-1.25640938726
-1.18500194065
-1.79375501271
-2.92679017366
-4.1715292617
-5.0333782564
-5.16287512662
-4.52560497495
-3.42671454176
-2.3699272835
-1.81302107199
-1.93664423654
-2.54219032464
-3.1356102977
-3.16476577361
-2.30137669722
-0.632699900557
1.33338320694
2.86055719891
3.29186470055
2.33621086639
0.204853217741
-2.46326746037
-4.85347072304
-6.29259946454
-6.49410309289
-5.63058413345
-4.21399955213
-2.84901670346
-1.97597731474
-1.71527889361
-1.87042057732
-2.07092884605
-1.9753788916
-1.43563294384
-0.551473771309
0.397254855359
1.09593576301
1.34204574716
1.12586687434
0.616292453145
0.0707645657625
-0.27905304501
-0.310857079441
-0.0332146472088
0.450987948873
1.00772543704
1.52387023925
1.92549991773
2.16526383056
2.20122441354
1.99216178495
1.51932437495
0.822139764658
0.0200907467125
-0.704657738374
-1.16904023419
-1.27292508143
-1.06364948195
-0.741673372814
-0.591946433563
-0.861619460929
-1.63480779043
-2.76311701951
-3.89063010434
-4.57181343472
-4.43852826442
-3.34801460523
-1.44938229743
0.860111201163
3.07102288679
4.73353003322
5.59578621989
5.65734619323
5.12556178131
4.30495629522
3.47500100445
2.80968247204
2.36549098039
2.12743121999
2.07416672109
2.21733140473
2.58862675574
3.18131935486
3.88265449049
4.44449975996
4.52469752996
3.7974333489
2.09366646793
-0.489197279902
-3.56383720638
-6.53922170628
-8.79451260913
-9.87966572772
-9.66672799073
-8.39225537633
-6.57283600043
-4.82515200412
-3.6587011789
-3.31816184952
-3.73036076413
-4.56788243961
-5.39592924905
-5.83974891264
-5.70773548743
-5.02915174341
-4.00343885598
-2.8933400531
-1.91223022645
-1.15138070917
-0.570038024973
-0.0421626967902
0.56826771618
1.33794821249
2.24626962333
3.17621521969
3.94528252086
4.35009216721
4.21110296385
3.4120645242
1.93503098052
-0.109319627605
-2.46415460743
-4.73811512706
-6.4627158894
-7.19920524747
-6.67494314055
-4.90536682558
-2.24716960569
0.658388995723
3.0561386412
4.31747875931
4.16783086044
2.80910232081
0.87502480265
-0.781588906522
-1.4012388165
-0.613505031553
1.40314933597
3.96973821086
6.15458267143
7.1298282622
6.49769196087
4.45535483952
1.73002325012
-0.692078202987
-1.9356704746
-1.55904838751
0.295470153167
2.97573504722
5.5792790096
7.28696848655
7.63724501141
6.64164386748
4.71520267046
2.47304153866
0.492733493415
-0.857701200809
-1.46999161426
-1.43128038528
-0.90432593302
-0.0278186947423
1.11130853301
2.43043105602
3.77244592189
4.85989266172
5.32979728143
4.8525385645
3.28856022211
0.808039288092
-2.09381198667
-4.7115311255
-6.34315602599
-6.52593313026
-5.20317172696
-2.75605476
0.113668287996
2.60719306135
4.07728729499
4.21589162666
3.12210141449
1.23832833863
-0.812056273398
-2.42437767751
-3.18528572359
-2.97217237446
-1.96190582838
-0.558870237131
0.729332474292
1.43288813582
1.24332855582
0.0922295139478
0.5227400618745719
0.5734452686175473
0.737151587059
-0.998131976433
-1.87219048688
-1.83434875814
-1.07804331889
0.0344906872985
1.09951555067
1.80504251921
2.02117305448
1.81572563443
1.39386035214
0.991361881461
0.768924319356
0.751404698151
0.833573100912
0.843277053059
0.62859504199
0.128351555611
-0.602625040269
-1.41829627076
-2.13808056296
-2.60625612293
-2.72996674231
-2.48779272651
-1.91760484565
-1.10007257565
-0.149287259014
0.790843767631
1.55670751071
1.99424052989
2.00785741742
1.61165811678
0.953597427206
0.287374324967
-0.111552835285
-0.0593105991195
0.44279694239
1.18415911918
1.81405944387
1.98527931682
1.51350533645
0.478467627901
-0.787576525285
-1.82956403913
-2.2666571178
-1.96902824785
-1.12974031866
-0.191088047461
0.348762175411
0.164968232163
-0.733935023811
-1.9923991414
-3.05261991178
-3.39655109701
-2.77752846871
-1.33651776644
0.450619145876
1.97192105712
2.73522693772
2.56735355304
1.67017725105
0.5134563417
-0.382260540008
-0.67256567449
-0.32641250022
0.380538223454
1.00357935869
1.12816322186
0.540245125709
nan
nan
nan
nan
nan
nan
nan
nan
nan
nan
nan
nan
nan
nan
nan
nan
nan
nan
nan
nan
nan
nan
nan
nan
nan
nan
nan
nan
nan
nan
nan
nan
nan
nan
nan
nan
nan
nan
nan
nan
nan
nan
nan
nan
nan
nan
nan
nan
nan
nan
nan
nan
nan
nan
nan
nan
nan
nan
nan
nan
nan
nan
nan
nan
nan
nan
nan
nan
nan
nan
nan
nan
nan
nan
nan
nan
nan
nan
nan
nan
nan
nan
nan
nan
nan
nan
nan
nan
nan
nan
nan
nan
nan
nan
nan
nan
nan
nan
nan
nan
nan
nan
nan
nan
nan
nan
nan
nan
nan
nan
nan
nan
nan
nan
nan
nan
nan
nan
nan
nan
nan
nan
nan
nan
nan
nan
nan
nan
nan
nan
nan
nan
nan
nan
nan
nan
nan
nan
nan
nan
nan
nan
nan
nan
nan
nan
nan
nan
nan
nan
nan
nan
nan
nan
nan
nan
nan
nan
nan
nan
nan
nan
nan
nan
nan
nan
nan
nan
nan
nan
nan
nan
nan
nan
nan
nan
nan
nan
nan
nan
nan
nan
nan
nan
nan
nan
nan
nan
nan
nan
nan
nan
nan
nan
nan
nan
nan
nan
nan
nan
nan
nan
nan
nan
nan
nan
nan
nan
nan
nan
nan
nan
nan
nan
nan
nan
nan
nan
nan
nan
nan
nan
nan
nan
nan
nan
nan
nan
nan
nan
nan
nan
nan
nan
nan
nan
nan
nan
nan
nan
nan
nan
nan
nan
nan
nan
nan
nan
nan
nan
nan
nan
nan
nan
nan
nan
nan
nan
nan
nan
nan
nan
nan
nan
nan
nan
nan
nan
nan
nan
nan
nan
nan
nan
nan
nan
nan
nan
nan
nan
nan
nan
nan
nan
nan
nan
nan
nan
nan
nan
nan
nan
nan
nan
nan
nan
nan
nan
nan
nan
nan
nan
nan
nan
nan
nan
nan
nan
nan
nan
nan
nan
nan
nan
nan
nan
nan
nan
nan
nan
nan
nan
nan
nan
nan
nan
nan
nan
nan
nan
nan
nan
nan
nan
nan
nan
nan
nan
nan
nan
nan
nan
nan
nan
nan
nan
nan
nan
nan
nan
nan
nan
nan
nan
nan
nan
nan
nan
nan
nan
nan
nan
nan
nan
nan
nan
nan
nan
nan
nan
nan
nan
nan
nan
nan
nan
nan
nan
nan
nan
nan
nan
nan
nan
nan
nan
nan
nan
nan
nan
nan
nan
nan
nan
nan
nan
nan
nan
nan
nan
nan
nan
nan
nan
nan
nan
nan
nan
nan
nan
nan
nan
nan
nan
nan
nan
nan
nan
nan
nan
nan
nan
nan
nan
nan
nan
nan
nan
nan
nan
nan
nan
nan
nan
nan
nan
nan
nan
nan
nan
nan
nan
nan
nan
nan
nan
nan
nan
nan
nan
nan
nan
nan
nan
nan
nan
nan
nan
nan
nan
nan
nan
nan
nan
nan
nan
nan
nan
nan
