nan
nan
nan
nan
nan
nan
nan
nan
nan
nan
nan
5.93867820916
3.38568685832
1.18704829899
-0.12264182605
-0.325504555214
0.414329719459
1.63322515116
2.76317132233
3.35680287302
3.24732684323
2.57798898463
1.6946386107
0.956648561045
0.557400905785
0.438786785029
0.337678690822
-0.0619134675567
-0.948564471427
-2.26612833558
-3.71958910214
-4.90373334676
-5.49352825424
-5.40368120404
-4.83827233914
-4.20325660877
-3.91998568143
-4.22521471853
-5.04977772641
-6.0315004805
-6.65609946235
-6.46257723434
-5.22367134475
-3.02798714953
-0.238682505988
2.64080364876
5.12729478424
6.87674962077
7.72430909006
7.65250344137
6.72815323863
5.05500972845
2.76794972434
0.0601247244536
-0.8358080882878767
-1.5308293631241128
-1.680263327132252
-1.04321635405
-1.2572692066
-0.812567052179
-0.0476850608465
0.660416680184
1.03663988939
1.00025694585
0.668907497022
0.275888819915
0.0442696949546
0.0807249304758
0.339141854311
0.666076404937
0.897324614703
0.94988809172
0.859344835303
0.745306187097
0.72887385204
0.852865788586
1.05311881791
1.19876103572
1.17806487777
0.977883357211
0.705701100742
0.534678393719
0.597181331717
0.88598631929
1.22450100068
1.3343690659
0.976529363003
0.0977270781384
-1.09651313034
-2.19083112729
-2.72038086909
-2.37408319092
-1.14552386133
0.643740029188
2.46494451278
3.79428984056
4.31897738954
4.04217850912
3.24158349407
2.3082211119
1.5503893911
1.06216674917
0.71958713131
0.298989289331
-0.353012672101
-1.19585825703
-1.99048163688
-2.4217531219
-2.28497896193
-1.63450308005
-0.807023127282
-0.294400568328
-0.519276135813
-1.62098864297
-3.3600207118
-5.19440199989
-6.49787134068
-6.81930449198
-6.06204380262
-4.50151835633
-2.64002057164
-0.977583501808
0.183671531749
0.807426647231
1.04131768498
1.0464226008
0.848136318364
0.305850843117
-0.770327817824
-2.41727626418
-4.35352470475
-5.96959230111
-6.52023050507
-5.45692044153
-2.75035176991
0.967582040949
4.54679644527
6.72446997336
6.64004258756
4.23728528133
0.360930536721
-3.52200975922
-5.8824129569
-5.74589006172
-3.10510418523
1.05497508751
5.13944802699
7.57929645149
7.45645248703
4.85801002762
0.815995883338
-3.13358005206
-5.5788267853
-5.78059787574
-3.91833461714
-0.947085590388
1.85213735983
3.42158346962
3.33889610465
1.92901755456
0.0515948071247
-1.32041396114
-1.53488059386
-0.521192784787
1.21973024293
2.87000001693
3.66635584775
3.22341993648
1.67915787868
-0.380246316737
-2.16417444883
-2.97663609527
-2.45075981263
-0.64219817916
2.02820920555
4.93431281506
7.43295875602
9.01683364153
9.40085384818
8.54520001345
6.6362307705
4.04420624367
1.26270490499
-1.17624863957
-2.81381014399
-3.38699557665
-2.92504208079
-1.77299604431
-0.510863339321
0.225842146873
-0.0271712017684
-1.37180619732
-3.47403547337
-5.65217639733
-7.10882299118
-7.22694781977
-5.81770721058
-3.21941525038
-0.201622636304
2.29585926282
3.49294569591
3.0435095937
1.15017386822
-0.054671687065194874
-1.1597294401940843
-1.38937414748
-1.82003094745
-1.02917323701
0.505862408942
2.10318512944
3.13621469318
3.24581864233
2.43228213622
1.00807031089
-0.552682704472
-1.79766751757
-2.44032836371
-2.41847945814
-1.86289444657
-1.00738941908
-0.0887936719702
0.721521084595
1.33643562166
1.7310415999
1.90581990664
1.86182490912
1.60105882397
1.14636540028
0.561893275422
-0.0455690893467
-0.552524734012
-0.863116022956
-0.950286163149
-0.870923100456
-0.743578867516
-0.695844182997
-0.804580067623
-1.05751485573
-1.35603799182
-1.56013113128
-1.55618702032
-1.31670813937
-0.923375234039
-0.540837217043
-0.350616906476
-0.472696003171
-0.908418625906
-1.52970040941
-2.12015315754
-2.45224943857
-2.37025675957
-1.8470768804
-0.994296773552
-0.0233615938197
0.826091374133
1.36397761311
1.50675817653
1.29619514829
0.87662809487
0.441178178767
0.166074465484
0.154358315244
0.406014523643
0.823017827302
1.24730736776
1.51975151397
1.54108407026
1.31373097757
0.947873515767
0.625903130141
0.534136110224
0.784474486292
1.35586814513
2.08166350418
2.69383469138
2.9133074605
2.55554670909
1.61121217886
0.268257184665
-1.13700393949
-2.22466990828
-2.6941121989
-2.41967419824
-1.4851172649
-0.147720332162
1.24936103646
2.37976562747
3.01395287568
3.05424281913
2.52546871553
1.5404019305
0.264277530007
-1.10678192118
-2.35586309947
-3.25980281956
-3.62460753024
-3.34409781253
-2.46298852971
-1.21045176536
0.0276387483282
0.807321257385
0.771676353304
0.12731015446681226
-1.299747399020518
-3.086814710134121
-4.6942836902066745
-5.6607726162219905
-5.773022481540238
-5.137537535031882
-4.120799332999766
-3.182044171218493
-2.67111070026
-2.99422408359
-3.64490331569
-4.24710315579
-4.42539597341
-3.98415446889
-2.99915964795
-1.78081500394
-0.729113473581
-0.151135585208
-0.128039810073
-0.492882434445
-0.926098063226
-1.11886384595
-0.923301161769
-0.417208739275
0.145344215372
0.469788154923
0.37403676682
-0.11691652983
-0.779724816959
-1.29801287249
-1.41090617624
-1.03238000077
-0.28599170645
0.557361738817
1.20412895425
1.46320605772
1.31377123759
0.890253882735
0.400903341368
0.0267272660872
-0.148274508211
-0.146678822724
-0.0527531195012
0.0531761721428
0.140590119409
0.230869567989
0.360588307315
0.535129916714
0.707089609239
0.797613297117
0.75064824814
0.586841019343
0.419805661297
0.416233614646
0.71327799187
1.33413388827
2.14956158397
2.91368214216
3.36534617021
3.35054375828
2.90597553091
2.25850999843
1.73403334322
1.61357464138
2.00238280606
2.77434274724
3.62046703625
4.18199220494
4.20896340308
3.67307795026
2.78449213319
1.90585497197
1.40213271763
1.49095797849
2.15448483345
3.14395462536
4.06806533834
4.52472884568
4.22558885619
3.07469312707
1.1871701507
-1.14336608331
-3.50886961189
-5.4646115232
-6.6111766745
-6.67624589448
-5.58792000589
-3.52145587341
-0.894568512345
1.70735693019
3.67266173039
4.53718632124
4.13207000683
2.64509986255
0.561359397843
-1.50430826277
-3.02311047573
-3.73140252545
-3.69967515218
-3.26375690775
-2.85086725622
-2.78012638709
-3.12792120127
-3.71704325363
-4.22911232777
-4.38085453773
-4.07499653834
-3.45059772314
-2.80876457582
-2.45261408224
-2.52375936854
-2.91971850893
-3.33626955334
-3.41595185242
-2.93004699666
-1.90349996345
-0.619464841999
0.500946190634
1.08680921754
0.983198428028
0.315501051316
-0.577151002336
-1.30508375943
-1.60760015814
-1.46236313851
-1.07432565205
-0.753764278099
-0.746738629739
-1.1027753056
-1.64409126041
-2.04941822486
-2.00942618479
-1.37736287399
-0.243267211511
1.10081166731
2.28417783364
3.00847121686
3.15620329157
2.8117825156
2.1948404274
1.54717737594
1.03255409571
0.695568483741
0.490614188025
0.353843513305
0.270025777495
0.292414546889
0.502937793951
0.936108411796
1.51362829047
2.03495747865
2.24233547281
1.93981537336
1.11404780802
-0.00397018070197
-0.976743580148
-1.2971780205
-0.579560621149
1.26860768574
3.9663361323
6.91195134465
9.3608830476
10.6709392488
10.5277242061
9.06478842243
6.82751657846
4.58535458994
3.05419711523
2.62841864387
3.22476496764
4.30449282849
5.07618746213
4.81163867317
3.15760276706
0.318615598582
-2.9726288122
-5.70226514393
-6.95704090434
-6.2968768015
-3.96657860874
-0.849300268584
1.8369953578
2.99362040018
2.07137354496
-0.697044453229
-4.36345417886
-7.61225386469
-9.25737271274
-8.69174460573
-6.10979751931
-2.41544224559
1.1429926197
3.4583019241
3.97199239158
2.84384756329
0.827905471826
-1.07682756896
-2.04348213244
-1.72749101777
-0.353266268986
1.43552689242
2.87470355593
3.38701802445
2.77194153673
1.21911867904
-0.828253459158
-2.87322091213
-4.53026318212
-5.5955267369
-6.02202902025
-5.84850759176
-5.14319620592
-3.99784347317
-2.56229859304
-1.07529942816
0.155376867422
0.838595857329
0.819949951539
0.172325498862
-0.803221805611
-1.68481148714
-2.10515777468
-1.91189245049
-1.22866663191
-0.378681287229
0.296520012925
0.630808948482
0.733727467201
0.934120693405
1.58499385587
2.82567754152
4.43058052991
5.84058274485
6.38572629804
5.60786084989
3.53024020591
0.732242020813
-1.82919862793
-3.1913482047
-2.79359553992
-0.737675434862
2.22440008649
4.97940699108
6.49857796484
6.24804659223
4.38824411722
1.6821312682
-0.837857014503
-2.29087398408
-2.27351393406
-0.961468141881
1.03311206931
2.95909151669
4.23033215867
4.6034547118
4.17288767659
3.22102854955
2.0255122489
0.73036238954
-0.66332255895
-2.20616726644
-3.88355536782
-5.55508335594
-6.99074795351
-7.97982431654
-8.44035456614
-8.4541958245
-8.19709673009
-7.79983786948
-7.22583233209
-6.25172462678
-4.58568644906
-2.07874631805
1.07933681261
4.29865043331
6.72688111099
7.55468447558
6.3657717622
3.37028795762
-0.0824123402166208
-3.3294200104924556
-5.268159583630094
-5.293384107479753
-3.5219597580463073
-0.7261877895099644
1.9963349951659524
3.6737074093364868
3.8386980348716975
2.679096325990841
0.907439205594
-1.20231192304
-2.33216916582
-2.26295064975
-1.29447732378
-0.0637552279631
0.764821264241
0.791988758349
0.0345381504254
-1.11631035297
-2.09209178963
-2.40087475604
-1.826866393
-0.50199229485
1.16201856494
2.63589197932
3.45675123469
3.36839914206
2.38321237118
0.765169006387
-1.04467139024
-2.53429426976
-3.2384622206
-2.85337717862
-1.33130580944
1.06945822229
3.8071214149
6.16782155796
7.45406932809
7.20249704379
5.35757539731
2.32925883912
-1.10342640843
-4.0242449046
-5.67238622647
-5.69117471922
-4.23971074288
-1.92472447281
0.421204324355
2.03061024882
2.45340184688
1.68251804143
0.118028760473
-1.60320122086
-2.83964429517
-3.15347316275
-2.42974646685
-0.881073935785
1.04646403288
2.82339332423
3.99298643161
4.29223451956
3.71238274803
2.48970403657
1.03064512529
-0.21206687013
-0.882859050402
-0.845748735595
-0.242598015005
0.543293057758
1.01917667469
0.772842832163
-0.348390502527
-2.14569683692
-4.1134750138
-5.61709436532
-6.14056373909
-5.50319267546
-3.94871289278
-2.05947474301
-0.523229641956
0.152480375116
-0.144711156091
-1.08395734941
-2.03484835693
-2.34285855855
-1.61775345013
0.0895968887511
2.29625799334
4.27362477869
5.32603902074
5.04102229406
3.41085814077
0.789152277597
-0.24686218233877355
-1.1999745513898574
-1.7091279233397358
-1.6271115390456714
-0.9673962748161813
0.192342874867
-0.23870014496
-0.28753770357
-0.0273932934708
0.392873403209
0.742956190429
0.775876693368
0.340913345519
-0.515591491213
-1.52656917613
-2.28880834519
-2.43058777043
-1.78842108508
-0.505385470511
1.00490014583
2.22153316746
2.73631914954
2.42892614425
1.51398558905
0.43691290181
-0.33237015119
-0.509784496076
-0.112628113969
0.571127138661
1.13936086042
1.27751203518
0.905901622399
0.203870991339
-0.494389289202
-0.873821820794
-0.792186068757
-0.338420098289
0.227176876372
0.612789411349
0.638641263049
0.311221811551
-0.203864498373
-0.68710354132
-0.985245261229
-1.07972533608
-1.06952484968
-1.0847696003
-1.18652254369
-1.31490704959
-1.3186702525
-1.05112116652
-0.477197859341
0.272989055416
0.941523293591
1.25872235898
1.08051753049
0.474241778333
-0.296736902134
-0.888102833226
-1.0357292891
-0.683288633166
-0.0113660763362
0.648592988694
0.974581555227
0.810150821529
0.239667356581
-0.453889324613
-0.927123651681
-0.942164646928
-0.479729903588
0.253835257429
0.925990193185
1.23315926282
1.03625193749
0.41401273282
-0.18398183884264085
-0.6662002652967232
-0.8270495101385649
-0.6327731553404874
-0.22091749378104453
0.17645572901709272
0.34394270688706285
0.17582080029833946
-0.286907023169249
-0.8835713161600438
-1.4046417180543642
-1.6717254214084818
-1.5960033680831742
-1.200127929829236
-0.6056151177190117
0.0025905035105324714
0.4222977936625938
0.4831831710648373
0.09337380983754429
-0.7247112491578918
-1.8224786119516807
-2.9508410225160873
-3.8273251038918374
-4.229651292185267
-4.081777955466592
-3.491572583572946
-2.71309901264
-2.20995071687
-2.00592034328
-2.09823584378
-2.27694648171
-2.22213334569
-1.67010097996
-0.569753804853
0.854466796887
2.17790498825
2.96683073925
2.99942044092
2.40467442205
1.63681096267
1.27811516401
1.75043194981
3.07091483025
4.78005713686
6.09758232574
6.25516912957
4.86434749815
2.14888427026
-1.07821610838
-3.70210605985
-4.74583241152
-3.77598010066
-1.09661156791
2.35609247808
5.37530364206
6.94641486597
6.61544520197
4.61423663658
1.70550277752
-1.16596863672
-3.25192607795
-4.24624139448
-4.3094903466
-3.89317303286
-3.47296499252
-3.32856683979
-3.46686211445
-3.70131177273
-3.81944885457
-3.73296832912
-3.52690706722
-3.38948086361
-3.47425522508
-3.78287706702
-4.14106202206
-4.28368318507
-3.99991339943
-3.25343641292
-2.20605484031
-1.12812100942
-0.245110442142
0.391046502045
0.927666713414
1.61174935049
2.61451527692
3.87735209202
5.07276242619
5.71786235554
5.39730015571
3.98934140007
1.77787836137
-0.617313468767
-2.4726002747
-3.25383347903
-2.83582870085
-1.54438798842
-0.000268137293901
1.1615631027
1.56542606075
1.23472891977
0.538106472524
-0.023906166883
-0.0822380204821
0.416621455099
1.1913710446
1.77317803365
1.73981311617
0.918197843688
-0.050614956915794096
-1.2686849649717828
-2.2989657127512686
-2.8551163420263634
-2.9104272842811127
-2.671266495772528
-2.440564536368683
-2.4505161514428124
-2.753113702187008
-3.2198690712098568
-3.640100467214964
-3.854459690262672
-3.844694041290296
-3.7290292893051316
-3.668270882075305
-3.7397020833614505
-3.85561496089
-4.21238381258
-4.10817896147
-3.396829048
-2.17135412132
-0.771628132357
0.331433616286
0.728654676255
0.255422714261
-0.920997005128
-2.35263956045
-3.48058984481
-3.85050989386
-3.28287378497
-1.93018102899
-0.205301132782
1.38014225876
2.39581220771
2.62142647696
2.08572295911
1.01928146873
-0.24292551677
-1.36403787226
-2.08052429349
-2.24091447207
-1.8171548844
-0.901828642927
0.304308216562
1.5217689489
2.449153592
2.84683723122
2.62696842997
1.91267006815
1.02931574048
0.412363376302
0.45239635381
1.33200261143
2.92271377378
4.79352287487
6.33992520351
6.99164395509
6.4211423493
4.67090535811
2.14829863785
-0.510365223752
-2.65304948007
-3.82034497917
-3.87276490135
-2.9971631722
-1.60200517643
-0.152289260062
0.988599137985
1.65483122377
1.88839378196
1.8758058814
1.84783385876
1.9843072524
2.35482061809
2.90665045834
3.49359947975
3.92985226053
4.05160693971
3.77234566238
3.12073251794
2.25164359272
1.42263088246
0.933607465826
1.0383092334
1.84958294057
3.27044096097
4.98215296224
6.50607882096
7.33064394338
7.06810104049
5.58915669604
3.08573310524
0.0341674551368
-2.93445740949
-5.21654614298
-6.4108762342
-6.42830303832
-5.50124915845
-4.09254546523
-2.73670962285
-1.8675619838
-1.68801611415
-2.12176509538
-2.85897521966
-3.47828943077
-3.60425053995
-3.04876958283
-1.88990458282
-0.459713439423
0.759249740221
1.29933187263
0.882394850345
-0.457257892373
-2.3507682581
-4.19179870711
-5.32976342858
-5.29814444621
-3.99730904296
-1.76036179551
0.731827543533
2.66606101588
3.37160750468
2.55657541844
0.417838597109
-2.41915634611
-5.11159732076
-6.88562107577
-7.29362966229
-6.35024756904
-4.50142822665
-2.44429517395
-0.869587097385
-0.223415255334
-0.572369250893
-1.61293028201
-2.8110967363
-3.61262672328
-3.64425329999
-2.83634436843
-1.43085879586
0.119255530412
1.31730658718
1.79650346623
1.44243908851
0.427102263597
-0.852981909316
-1.9116698152
-2.33616547406
-1.9246586593
-0.753132424179
0.851685812937
2.4251372971
3.52490096827
3.88186188599
3.48601877522
2.57464831988
1.52722512205
0.709272958834
0.329376580086
0.369194256895
0.615587136338
0.779153230954
0.64427088197
0.180672518329
-0.436285415051
-0.906993149904
-0.952541050903
-0.454062867765
0.481011332904
1.55876692642
2.42662839256
2.82847038517
2.7131853875
2.24606269957
1.72032999475
1.41486874119
1.46884234298
1.83243680991
2.31158686225
2.67551368776
2.7652488991
2.54529504569
2.07661031123
1.43688926552
0.646348623139
-0.34538343784
-1.59327819342
-3.04634073828
-4.46424762918
-5.43101482319
-5.4906107261
-4.36181244032
-2.13446743596
0.661114871392
3.17409860404
4.51989330621
4.12648092979
1.99124525316
1.1752174931681338
0.248363769338
-2.21829275913
-3.07224793906
-2.26335122073
-0.362330634154
1.69579004179
3.00629926335
3.05521366171
1.89374054668
0.0630638906101
-1.68095023719
-2.70805546072
-2.76454908831
-2.03289164407
-0.993653184983
-0.174336487073
0.086891407376
-0.244293955461
-0.942096346499
-1.67804978672
-2.19728531651
-2.42157145833
-2.43709584815
-2.39198790543
-2.37565779735
-2.35518520821
-2.20439318979
-1.80336629571
-1.14354201897
-0.36998892207
0.270614215048
0.551979584067
0.393182072971
-0.0854202167609
-0.611246442305
-0.891923332387
-0.762382974589
-0.267787179508
0.363393584959
0.842877825156
0.976700246831
0.76667311525
0.403933148021
0.158035664989
0.222631376984
0.603519312391
1.11262823898
1.47361831054
1.48247896553
1.13398851071
0.640869259719
0.329468625011
0.463725450948
1.09116827303
1.99697006704
2.79720547698
3.12857205682
2.83815056779
2.07274125932
1.21660267127
0.704384892455
0.802212054141
1.46908193705
2.37189134424
3.04963970855
3.14555214111
2.58987467496
1.63998492826
0.756358391089
0.376054503817
0.697105195108
1.58113885705
2.62126459948
3.33904092305
3.41097669503
2.81327698869
1.81807715176
0.850781512984
0.286219955776
0.286647633381
0.756120774595
1.42100960213
1.98122535814
2.24564624173
2.18291497674
1.8728425784
1.40221416027
0.778623484546
-0.0790139699324
-1.26463832247
-2.77058648972
-4.40906907538
-5.82770357026
-6.6250464602
-6.51370180526
-5.44784748427
-3.64762755649
-1.50727067078
0.563176280979
2.27708542131
3.51939676976
4.28750248046
4.57548149908
4.29027490309
3.27249192255
1.43001895244
-1.08577480836
-3.77728598616
-5.86861099791
-6.55992303187
-5.37830799147
-2.46183235723
1.381779016
4.910216998
6.90550380411
6.66767856905
4.31769771833
0.756477946089
-2.71914945198
-4.9787806766
-5.54125218195
-4.74845599668
-3.54272946953
-2.95111160031
-3.52678813892
-5.02677336102
-6.49653356421
-6.73547228908
-4.92619960701
-1.11983492633
3.67276213108
7.85158890757
9.90608743391
9.09381797203
5.80099611776
1.40801494689
-2.28917729434
-3.84441230381
-2.76875715248
0.290853038255
3.87363119283
6.36969013342
6.71766700743
4.82106160167
1.5109061622
-1.90074004307
-4.24485092176
-4.99562058515
-4.42152264759
-3.3418044106
-2.63574053735
-2.76406568002
-3.54240008818
-4.27006535439
-4.13573363656
-2.68479400201
-0.107657170547
2.7975777173
4.97056465783
5.57313510982
4.37801847272
1.87683710374
-0.940376003131
-3.02582349121
-3.72666567541
-3.0432492564
-1.58390127814
-0.250755909045
0.188802605285
-0.552282113983
-2.16639067191
-3.90430352309
-4.91245613531
-4.59841821812
-2.87039337782
-0.164006631356
2.73430220882
4.97836528354
5.94706763088
5.42317292208
3.62190017716
1.08476426306
-1.0402029770338288
-2.5968215836590076
-3.1848908411633516
-2.7192226779582853
-1.4404541678379417
0.15674452449688658
1.4668174364336437
1.9603235570163946
1.3676043130947022
-0.20144184848396662
-2.255928790657279
-4.062632525840186
-4.893772154720395
-4.301053747988263
-2.308188779238563
0.5658866689289823
3.4778350694623725
5.567579327246364
6.281581917528854
5.57661542165
3.39806491686
1.02273349134
-0.817576528067
-1.70966297329
-1.68894731563
-1.15521440688
-0.623057191457
-0.434755099668
-0.580295434665
-0.715408180941
-0.369315636425
0.762453826888
2.59085939941
4.59456944864
6.00300511157
6.12614868042
4.68096601512
1.95942604719
-1.24808872985
-3.94943644486
-5.34194960997
-5.12871305732
-3.62337768014
-1.6012371407
0.0341446545938
0.621431305385
-0.00863269119144
-1.50251227609
-3.17137754662
-4.30252671943
-4.45421000844
-3.61149736199
-2.1506685492
-0.646138938126
0.382457239638
0.670605821853
0.279809969815
-0.473150390393
-1.17908163423
-1.51013080967
-1.33157810271
-0.717734679265
0.114853610738
0.911282036233
1.46842531972
1.67994244969
1.53448402767
1.08827688325
0.438383776298
-0.289165720103
-0.941259949641
-1.34723272062
-1.35151058896
-0.868798479965
0.0589763982868
1.23616243826
2.34345726607
3.02777005498
3.02546690516
2.27109822043
0.942371859374
-0.09646207875408663
-0.8914725386997304
-1.0945928466990011
-0.5895571907393276
0.45655384129709375
1.6511057600913972
2.52380444814618
2.708329997962352
2.0866609263740656
0.8392347396517295
-0.618512689883
-2.29231347787
-3.27373884399
-3.39188071562
-2.7529489322
-1.67979161815
-0.576813847932
0.221152254552
0.554699810143
0.462126235137
0.117955310503
-0.27628340533
-0.594511668728
-0.834156579981
-1.09056176376
-1.47493248814
-2.02038841786
-2.62633630978
-3.07272107429
-3.1016644233
-2.53076911313
-1.34585749641
0.270865414687
1.99208072011
3.45470718628
4.38004366193
4.65406117096
4.33771843712
3.61109236371
2.68542331754
1.72885696952
0.839345443665
0.0689373444402
-0.526491833566
-0.852578270673
-0.787986887115
-0.244453584056
0.754895140226
2.02709851131
3.25057719437
4.06321459602
4.20323090756
3.6303351481
2.56554539031
1.42071436299
0.639242442288
0.513588409618
1.06050705793
2.01216089104
2.92966499547
3.38925064814
3.15732254211
2.27616406255
1.02476690273
-0.221353426018
-1.16048600927
-1.68275124656
-1.88265291889
-1.96800164421
-2.11972740568
-2.38057315878
-2.63307689851
-2.67791922243
-2.36846965914
-1.72532108382
-0.963057720399
-0.406781026721
-0.33495758511
-0.827189608761
-1.69793827869
-2.55750070453
-2.97885739753
-2.69482400965
-1.73200514613
-0.416132742133
0.755928079719
1.31887346325
1.02312394867
0.5397395608914621
-0.4528062367852499
-1.5528414198895035
-2.427351504657736
-2.9218655800970623
-3.064894677467265
-2.98033625014439
-2.7693019214275694
-2.43527937528782
-1.89740016581284
-1.0822605698314192
-0.03534956406963374
1.023519886935702
1.749782568053618
1.8206300470969126
1.11270015235
-0.70609442614
-2.61989777483
-3.99985820113
-4.32552390129
-3.40852095631
-1.49022262016
0.837094963525
2.85664552096
4.00407908232
4.0741525939
3.26843055058
2.06837762324
0.997603852591
0.385437307148
0.239308178332
0.279059442194
0.109057890314
-0.559306815929
-1.74241285815
-3.15359891141
-4.31877514463
-4.78252565257
-4.30943232127
-2.99112433012
-1.21522000948
0.485260367818
1.63335721146
1.975318247
1.54954070837
0.639619593925
-0.3576268096
-1.08824779172
-1.35906887501
-1.17874155095
-0.718261313261
-0.217728902948
0.118868373226
0.201800598755
0.082913082993
-0.0720197870205
-0.0530664519455
0.305727899555
1.04802190489
2.05317868062
3.04918949338
3.68469482529
3.64484543315
2.7763592043
1.17587153349
-0.799659204001
-2.61842778086
-3.73693484923
-3.78739517544
-2.71817533995
-0.826884789242
1.33547423763
3.15844737178
4.18980979539
4.28888887845
3.65203453938
2.70082397534
1.88372006543
1.48050656194
1.49724334683
1.69740989622
1.75123205118
1.42953634615
0.747210380566
-0.0151666920511
-0.425553727576
-0.100250051723
1.10195307223
2.98097548788
5.03888726344
6.64889100348
7.27859691634
6.67540118044
4.94240478117
2.48373859482
-0.146496213201
-2.42259274965
-3.98313993313
-4.68449283713
-4.57426700157
-3.82038811281
-2.64027337839
-1.25914618093
0.101224346545
1.22421490649
1.91514863993
2.0424132562
1.58816913585
0.677490444935
-0.442449925575
-1.4791086011
-2.20243875831
-2.53722627209
-2.59364184874
-2.61463588328
-2.8572582651
-3.45832313402
-4.3460378737
-5.24170375434
-5.75675904369
-5.54807757651
-4.46805691395
-2.64741993407
-0.476517352145
1.50794891317
2.78775411954
3.02002698455
2.13445921853
0.344924722648
-1.91944146856
-4.13503108475
-5.81814796431
-6.63834574903
-6.48715458877
-5.49101175215
-3.96787695132
-2.33658214689
-0.998170360393
-0.218794979658
-0.0498751655744
-0.316889293312
-0.689685390172
-0.817509955784
-0.481869087432
0.295466534312
1.24222619502
1.9399876246
2.01002437592
1.30562292696
0.0231732511518
-1.32905875624
-2.10753163986
-1.79287169664
-0.226391501914
2.28102890189
5.02425237741
7.14365841136
7.93828764052
7.12705195898
4.95197124952
2.08253557293
-0.637146896686
-2.49311792027
-3.13577541796
-2.65650942714
-1.49030707002
-0.20088118661
0.751791596059
1.16494941605
1.11569848972
0.863526026341
0.693889289442
0.781061469281
1.12791658622
1.59641721826
1.99876983664
2.19621780766
2.15826131469
1.96250562834
1.74730761138
1.64899294522
1.75471896714
2.08529577891
2.60206980627
3.22115959726
3.82231517335
4.25362494192
4.34569737918
3.94920377026
2.9952394389
1.55665697179
-0.125571716447
-1.68179663894
-2.72342850797
-2.99060491212
-2.47699216041
-1.46846539813
-0.461963566616
0.0177627218147
-0.364616623709
-1.59625077627
-3.29182343227
-4.82646984466
-5.58053791621
-5.19851603483
-3.75279815501
-1.73914068241
0.0998733528574
1.05439180331
0.717051667818
0.6618682325878211
-0.1635851906647332
-1.04237510994
-2.86644896142
-3.62706918982
-3.28438522295
-2.14920769235
-0.72155979902
0.519530524516
1.28584069453
1.5468489753
1.4811794747
1.349744013
1.35592536325
1.55515136088
1.84686191665
2.04187211057
1.96597514575
1.54921865927
0.862037841444
0.0865313420158
-0.55973510718
-0.911408780117
-0.916918285244
-0.650390208572
-0.272598361937
0.0397360516949
0.165823376913
0.0850453772401
-0.122608437348
-0.318004598317
-0.367852736216
-0.205938132896
0.134913200783
0.533906321005
0.832699329736
0.9048763688
0.715078784222
0.341097650586
-0.0534273987864
-0.287167561604
-0.242676717542
0.0743708397174
0.526912084952
0.897060475578
0.977229152175
0.663678116748
0.0105685337032
-0.782064951638
-1.44439829294
-1.74564774495
-1.5881803815
-1.04475403586
-0.321954587058
0.333249000531
0.740378539099
0.856071567617
0.776340829508
0.671578668444
0.688237888867
0.867295018335
1.12085648351
1.27866993174
1.18051116572
0.766509318438
0.11783845828
-0.574898449952
-1.10112278022
-1.33255246796
-1.28523995073
-1.10756874658
-0.997828507497
-1.09191984523
-1.37920037321
-1.69284186569
-1.78516638916
-1.45550620726
-0.669472814774
0.391081216886
1.37784227691
1.90963556416
1.7334008255
0.840880854162
-0.2519415580726161
-1.3787622846025016
-2.1033472592366707
-2.1475515903381392
-1.4923663337028898
-0.37283996556448074
0.8271297696878861
1.7322827318176337
2.1184116725525115
1.9825226775640061
1.5173020775291093
1.0078501317174755
0.6996242012070581
0.6948818503886685
0.9189719049422536
1.1661690924709944
1.2015556307891018
0.87406816077835
0.19356109059181392
-0.6591815107368291
-1.39358017449
-2.06471708534
-2.14974903655
-1.66504206254
-0.828220944844
0.0102750091595
0.491939453525
0.388033788497
-0.301446267599
-1.32973671701
-2.28102680125
-2.72233553927
-2.37566511237
-1.2424107828
0.375351961184
1.97433220266
3.03819033635
3.24132641733
2.58233883181
1.38552926581
0.163143059747
-0.606797699444
-0.69040796858
-0.198889771257
0.471000387631
0.835920227686
0.575887050411
-0.28288573373
-1.34533259994
-2.00684914231
-1.73016790755
-0.314911761348
1.96914285854
4.45659950753
6.34564818289
7.03064425973
6.35764944262
4.68330226441
2.70600381727
1.14446236858
0.41193462272
0.439037099908
0.729877178864
0.626448111367
-0.343518488524
-2.2018178196
-4.46763573702
-6.3482291462
-7.08792544383
-6.31530266069
-4.22796864479
-1.52936168021
0.853331383524
2.14121048896
1.99864764852
0.624725501852
-0.6363245072689097
-1.8412139099228142
-2.4958911003592306
-2.4767136647472086
-2.0030294401212245
-1.4457481726308572
-1.0840350707128579
-0.9411176978306628
-0.7823931945372351
-0.2708686763081971
0.8078769730865076
2.3748333425028676
4.0361602750675445
5.229820904364928
5.473064615802002
4.5920633593843405
2.8228603875448783
0.734986135539
-1.68107523287
-3.18749405593
-3.56665804907
-2.96056181476
-1.75634392511
-0.392490804432
0.814617126992
1.74520213858
2.4316710317
2.93947130267
3.25373857106
3.24329342358
2.72598359263
1.5996922952
-0.0364789531906
-1.84546401539
-3.33363691532
-4.02439457906
-3.6498599149
-2.27412344453
-0.290236939697
1.71129702351
3.14937619647
3.65142435884
3.16917724366
1.97399230458
0.544218165861
-0.604499758794
-1.08236438716
-0.731769125277
0.345144195617
1.83167076455
3.29136501455
4.28509751637
4.48589341202
3.77024201413
2.26521895172
0.33257420144
-1.51937979851
-2.78427202306
-3.12736909751
-2.51642997084
-1.25423331371
0.117373239059
1.02081303623
1.0801401098
0.2919618197
-0.954153797751
-2.03093756431
-2.35072103492
-1.64838429563
-0.139174642442
1.533206277
2.55240724818
2.28791572403
0.599731068295
-2.05339082327
-4.7637283209
-6.53002326686
-6.670689008
-5.11514717317
-2.44250817819
0.353836707264
2.27612255141
2.72945125836
1.75072849463
-0.0363340567878
-1.71401483117
-2.47709567725
-1.97333726567
-0.433709341185
1.45374678584
2.85853377774
3.16494788541
2.21726880755
0.358102948581
-1.73805084688
-3.34669911238
-3.96229969262
-3.44782212219
-2.02477357217
-0.1381646813
1.72217966873
3.16174478144
3.93931121214
3.95144041071
3.18806089603
1.70592373476
1.918267125930413
1.7815747670240967
1.63664836138
-0.342692701584
-1.61863509394
-2.05727011254
-1.78485873821
-1.15479887496
-0.607738735072
-0.478312324042
-0.837282580446
-1.45043554684
-1.88506791757
-1.72386690856
-0.789273965205
0.731157268227
2.32723481645
3.36850248771
3.38158831659
2.27771510627
0.423212670129
-1.48580451496
-2.69568413904
-2.69909406908
-1.44086445767
0.659919946887
2.87630830819
4.45274918766
4.87813685631
4.04449878962
2.24017574614
0.000276577889991
-2.10670811464
-3.66252043056
-4.48792882797
-4.6246832616
-4.24760361502
-3.56560508714
-2.75859702151
-1.96343765619
-1.28865996871
-0.824045665293
-0.623455183331
-0.667578921304
-0.83772603195
-0.934942696438
-0.756092484482
-0.201694336754
0.638870374742
1.48094774596
1.94166200561
1.71304951324
0.737334185045
-0.704462654511
-2.05030998226
-2.65760791644
-2.07289658675
-0.25560865799
2.35041822557
4.94439214076
6.65609922649
6.88131966891
5.52623125854
3.0557582029
0.321689569409
-1.76095088448
-2.557236525
-1.93668456343
-0.292412401626
1.64357344016
3.10397678089
3.57979057104
2.98761066704
1.65492660158
0.146806146327
-0.980030646209
-1.38909080886
-1.06140339648
-0.254563387113
0.640362190654
1.27129315751
1.45338814422
1.20983747939
0.725480562034
0.249117057049
-0.0062351256672
0.0735350157343
0.490831250785
1.16275163647
1.96245098984
2.75330494208
3.40613680497
3.80340049515
3.84129554299
3.43887490545
2.55550173011
1.21046006185
-0.504243471577
-2.42413265325
-4.32659077711
-5.95656801802
-7.06070569944
-7.42860635884
-6.93995148897
-5.61170383864
-3.63176631069
-1.35938992595
0.725052045462
2.12401477268
2.46035055791
1.60609195588
0.16355169669031966
-1.8018673744489035
-3.657495118990667
-4.814713354146889
-4.92377521205033
-3.989126178658765
-2.3566189629189864
-0.5742623812750622
0.8192173924450117
1.492473746404869
1.4261149056655
0.8843348188362512
0.272516219415
-0.478501394656
-0.777587748273
-0.700149140199
-0.487963283912
-0.402761108851
-0.581949202616
-0.96803276875
-1.34419765216
-1.45463758091
-1.1463813429
-0.459967914247
0.376730498444
1.04813782543
1.29435006825
1.02801948762
0.36927894163
-0.415094660629
-1.03516671354
-1.30230066582
-1.19617798732
-0.847960473132
-0.456261050624
-0.184283437019
-0.091220733623
-0.127973223385
-0.190284897325
-0.192078090021
-0.114152688089
-0.00154160802148
0.0846036422972
0.126727091877
0.180995318375
0.354191875477
0.736092281452
1.32457451741
1.98867680383
2.49680125588
2.60254615951
2.14826082966
1.13468093241
-0.278781745392
-1.84249841808
-3.3168973945
-4.55123628342
-5.50082698704
-6.17889928106
-6.5785195557
-6.61966505052
-6.16414694407
-5.10162931822
-3.46431715698
-1.50186994097
0.341389316037
1.55992724831
1.78581083167
0.966098572638
-0.569197703129
-2.19358526771
-3.2013697403
-3.07051207073
-1.66176166265
0.729048495911
3.48410911651
5.88867679578
7.36949588103
7.65053270149
6.77658997413
5.02083504191
2.74283995632
0.274924341789
-2.11625137726
-4.19885818778
-5.72578651146
-6.42504070905
-6.061066604
-4.54653771399
-2.04226309707
1.02372483403
4.05150957484
6.45283384759
7.84498612506
8.16382610508
7.6400601116
6.65059127899
5.5216419177
4.38672839198
3.17411940002
1.72811269538
-0.00700544261079
-1.85069282382
-3.38731735315
-4.12201968213
-3.72120247811
-2.21268002879
-0.0304165124565
2.13756073554
3.637786122
4.13952301261
3.77648135834
3.06370718681
2.6239814419
2.85867095624
3.73268457432
4.79037347197
5.40242729904
5.12149119335
3.96048128756
2.4387144042
1.35517074987
1.38962860579
2.72851383279
4.91103794813
6.98889224961
7.93790637728
7.13009330711
4.63674989521
1.21000632449
-2.05425553215
-4.21173643541
-4.88320735403
-4.38575423602
-3.52206203932
-3.13941618886
-3.68530704804
-4.98634931214
-6.36102551435
-7.00355200862
-6.43496752842
-4.78176046591
-2.73156043966
-1.18450261193
-0.780529794203
-1.55240362095
-2.89351849741
-3.8679712692
-3.71017117376
-2.2563167127
-0.0768675698911
1.77297619685
2.27244108829
0.968549795323
-1.74781475698
-4.77269235821
-6.77565200296
-6.81245998539
-4.76775369454
-1.41234326645
1.95214938348
4.08705920321
4.36041887847
2.98199366732
0.828362973864
-0.708896631691772
-1.2489345366042386
-0.7541685752414509
0.1847777453068602
0.7201471246278288
0.2383430967397402
-1.2900939561098141
-3.282286246977975
-4.8442099688057
-5.235890404431743
-4.252243304113264
-2.3201385021099696
-0.26536192317969665
1.121624418264588
1.48763117616
0.788144117811
-0.0240100799805
-0.250688586715
0.431249428611
1.77796040276
3.10839944249
3.68938356409
3.16898309081
1.82034405318
0.454328272837
0.033148063239
1.17724650547
3.81926501719
7.18848515888
10.1422152974
11.6835515034
11.4097314215
9.6713179534
7.37065727588
5.51102462984
4.7304845013
5.05387085596
5.97465397912
6.80159466328
7.06729912871
6.76984290591
6.31719188935
6.213148185
6.67105506704
7.38681863766
7.61981812083
6.56189689866
3.8105665103
-0.308062221055
-4.75732619553
-8.17129886906
-9.4342615323
-8.18451417963
-4.99653432204
-1.14798281657
1.92119712039
3.20278714163
2.49232730147
0.379675258057
-2.11081837309
-4.03191206922
-4.91786589384
-4.89607930323
-4.48426526073
-4.21641187401
-4.31984285061
-4.62023347081
-4.71094214224
-4.26792726652
-3.3087936172
-2.22991242405
-1.58855764088
-1.75200600786
-2.62352480402
-3.62317390832
-3.96293181805
-3.08513710581
-1.02620884368
1.51149054918
3.45169564575
3.87578773112
2.52678987577
0.011356086958
-2.43426210576
-3.52650725094
-2.58770567876
0.0624223818122
3.19419662063
5.2175486045
4.94020047045
2.16378645287
-2.1852723991
-6.46913172622
-9.10356705649
-9.30025409302
-7.4147470257
-4.71975203761
-2.71042954971
-2.28845906968
-3.24201911182
-4.30030834249
-3.75882475271
-0.383741616743
5.84624058801
13.5374370428
20.3441449024
23.9066178698
22.8447436486
17.3572941241
9.15783230953
0.783146037659
-5.40798530782
-8.10102168219
-7.39477198021
-4.55570929061
-1.32333981602
0.880545130189
1.47747964197
0.792829182495
-0.308249001047
-0.971980515424
-0.796253417665
0.0444544580628
1.00706419001
1.56186842458
1.51414408209
1.08828585137
0.746670311876
0.869697638522
1.49754939958
2.2907682611
2.73437888142
2.46568398244
1.53082142335
0.41156770958
-0.20850408586
0.178816350784
1.58992010906
3.47394441428
4.93548695957
5.15477820321
3.7962554271
1.19594258334
-1.7731002417
-4.09578878574
-5.07749578183
-4.64794933035
-3.36211415314
-2.1066449081
-1.66549610332
-2.36153876227
-3.94279171279
-5.75076446458
-7.0650853776
-7.43763926484
-6.8501027922
-5.63525113403
-4.23384391591
-2.94308673034
-1.80523008747
-0.692762756165
0.476379820094
1.54348822953
2.07850915822
1.56614772397
-0.270482943437
-3.18400074012
-6.33473870494
-8.52469798633
-8.66582127968
-6.28409880748
-1.82056784239
3.43387417951
7.77274663089
9.71069700194
8.55815989321
4.69074173468
-0.598937907459
-5.59964491745
-8.81721682285
-9.4871219994
-7.77063234189
-4.58637207077
-1.1822556358
1.35355740811
2.44484289263
2.1285590755
0.910405802173
-0.522470912915
-1.59197089826
-2.01202378463
-1.82197777897
-1.29719803334
-0.801953787396
-0.648781033124
-1.00190073897
-1.83307370455
-2.92358651152
-3.90756963782
-4.35768395787
-3.90988561636
-2.40460138773
0.0028409535969
2.81998599858
5.32118550396
6.76678365199
6.66836392901
4.99396624209
2.21646093827
-0.833021479232
-3.25979635295
-4.43064799834
-4.19117469483
-2.88185159217
-1.14973863824
0.353449116727
1.24534801804
1.53528417469
1.5490061929
1.70839291502
2.28795742969
3.27508944051
4.40049760444
5.31193309442
5.78768475495
5.86697340649
5.82202629978
5.98526766536
6.5267984501
7.30792225965
7.89899511536
7.76381289003
6.52360723698
4.16878728628
1.10976818477
-1.96247446438
-4.34150275295
-5.57148717184
-5.59349100894
-4.71509486555
-3.43515234751
-2.22205467001
-1.35517547133
-0.892927523524
-0.755899534537
-0.85281023717
-1.16335738577
-1.73012623558
-2.57623911414
-3.61631862513
-4.63437762127
-5.35945265696
-5.60402498623
-5.38233144028
-4.92721084377
-4.57816663272
-4.59086578417
-4.97377424573
-5.45497864932
-5.61699559406
-5.14176953018
-4.03520469155
-2.69536101168
-1.76105756612
-1.79481353084
-2.95427150913
-4.83182472524
-6.57170544717
-7.23682462737
-6.2623853588
-3.77237100091
-0.586624262141
2.10865712273
3.28531262427
2.54461463084
0.302709470174
-2.40857392905
-4.43452922513
-5.04332584572
-4.25290656065
-2.77446001018
-1.60224277069
-1.46280241571
-2.41335229897
-3.80620341147
-4.64744136171
-4.16864572768
-2.30943129063
0.157546093573
1.95075284985
1.91197926667
-0.364403864836
-4.23253509387
-8.20241378912
-10.5813485874
-10.2556387151
-7.23647194632
-2.69688647768
1.53231280542
3.77783777843
3.26740276554
0.45110875048
-3.24594340657
-6.11198540674
-6.94016978692
-5.54357353603
-2.7583977328
0.042684980097
1.66505440504
1.66917204287
0.527167948906
-0.701048112212
-0.984570877422
0.102054480265
2.1467990284
4.13026577993
4.99040924395
4.21781603936
2.16110284088
-0.126248039466
-1.42535683336
-1.0004313998
0.983491903449
3.49992311859
5.15168056864
4.87482740704
2.50365634768
-1.09190556729
-4.3753656764
-5.84731967436
-4.74567197898
-1.40557996069
2.89089945854
6.49731309601
8.13343771358
7.4169263698
4.95618049653
1.98476323009
-0.261360558069
-1.10954602996
-0.691515681043
0.231812591592
0.741303508316
0.266050494326
-1.13586551811
-2.85146379265
-4.07988391147
-4.28122861345
-3.46410178561
-2.16556280553
-1.14712036873
-0.981261037045
-1.75570691784
-3.05205317911
-4.20246148316
-4.67634838698
-4.37994669859
-3.70134263547
-3.2743579551
-3.59026315978
-4.67294190677
-6.00378273117
-6.7518695828
-6.20144681117
-4.15846462935
-1.12017529237
1.89311501401
3.77504535649
3.83189599275
2.10085419568
-0.668000823211
-3.3574828383
-4.98857293132
-5.14158716709
-4.09543574946
-2.62952815157
-1.59927760843
-1.50337350676
-2.25709946083
-3.27577427129
-3.81371091934
-3.37750161381
-2.00028901146
-0.23933670017
1.09825762874
1.36056261948
0.383031847507
-1.41529380982
-3.21531054403
-4.16784584379
-3.7704592225
-2.07564244561
0.356558122322
2.72349535077
4.32589024451
4.83224635891
4.35295683369
3.31618961057
2.23173495864
1.47026456758
1.15840969255
1.21562356333
1.4807483554
1.83657533613
2.25739566143
2.76320449158
3.32778848331
3.81829876484
4.02344262973
3.768564531
3.05388581766
2.12506388589
1.41209726286
1.3420987179
2.10698841898
3.5061617579
4.96135478921
5.7229428596
5.19055437498
3.20510452205
0.170199415461
-3.06778758822
-5.54144292856
-6.54969066765
-5.9392785212
-4.15363534588
-2.02760325943
-0.422763938689
0.130058900517
-0.378719346351
-1.49208926611
-2.54739140713
-3.00913478876
-2.71073076763
-1.89336517236
-1.03472586987
-0.56581335105
-0.628237552495
-1.00064869246
-1.23353441592
-0.921645845851
0.0315227964335
1.3038223913
2.27077520455
2.30476099181
1.11542883166
-1.04160621104
-3.40658795831
-5.01030251092
-5.09970875559
-3.50090495625
-0.743684626559
2.12547033992
3.9733339966
4.06884341348
2.41306041083
-0.242153907636
-2.70215145304
-3.833226273
-3.04252680378
-0.524960101285
2.82735045694
5.8065832016
7.38770914956
7.12399422773
5.27470345202
2.62837824571
0.124321450035
-1.54058844501
-2.14097952034
-1.90255132337
-1.27583256963
-0.646936772244
-0.147958164126
0.337590512265
0.995658307485
1.85281157285
2.65333410591
2.93925833909
2.31057612781
0.726566063863
-1.33707473065
-3.00391967248
-3.37538474991
-2.00969231518
0.745511785763
3.7753891166
5.62793081996
5.19924227551
2.36677660946
-1.75564347284
-5.12497508801
-5.5721045812
-1.78843700456
5.93935952148
15.6107069223
24.1254801006
28.4272513355
26.7206405943
19.2473143309
8.2718830421
-2.74287824594
-10.4448701316
-12.847956317
-10.0177373953
-3.91824831489
2.488676328
6.48515368029
6.64541357789
3.26575663716
0.4687405712822965
-1.9438073395732545
-2.20811437694
-2.41243318498
-0.438996037573
2.34747760543
4.54800864191
5.35583493108
4.79411735441
3.50470002098
2.26045350096
1.49764361715
1.12344122516
0.678872046771
-0.270455071082
-1.77026678794
-3.37263776288
-4.366360696
-4.21668144862
-2.95413475403
-1.26414479506
-0.186315375514
-0.553436482679
-2.46479689332
-5.10095265179
-7.02976272681
-6.89926490484
-4.19142067039
0.35749988293
4.93128997321
7.38419323927
6.2541254448
1.56510273346
-4.99202836722
-10.6430268028
-12.6661226047
-9.59577190859
-1.95246672779
7.85012925767
16.4095046775
20.6762457823
19.1620096837
12.5005891443
3.13647819606
-5.70194212255
-11.2846400444
-12.3691449377
-9.50606245761
-4.59178970895
0.0695402941978
2.74303637522
2.8555227988
0.99735387559
-0.6229949552826355
-1.7624824819043852
-1.8127805543137185
-0.9123522642871933
0.306341827027083
1.1812235906981954
1.4178164726002507
1.2088660584821866
1.0393568403600995
1.31947091733619
2.0775874643031784
2.9015277922933222
3.1683801021736997
2.4352965385046588
0.7678061059622934
-1.19010157201
-3.1584827016
-3.59306334653
-2.20387211445
0.548858774807
3.61631108023
5.80735869669
6.31052844753
5.04495682967
2.67755077013
0.305300162481
-1.04025760394
-0.832279380931
0.764426360836
3.02525394888
5.03004189789
6.0725202981
5.9245398159
4.85295371592
3.41581018012
2.16644287366
1.42083703129
1.18938933636
1.2752062706
1.45378983533
1.61849998618
1.81318981111
2.15070714661
2.68602922899
3.33548441365
3.89828459006
4.1672720965
4.05568425638
3.65300466771
3.16485640783
2.76521040542
2.45004996599
1.99178379631
1.04310609804
-0.647074282026
-3.01687660218
-5.60270375393
-7.6534146173
-8.4205336319
-7.499757801
-5.05820492721
-1.82393800761
1.17722526575
3.02981246099
3.29854669169
2.18866376671
0.421247964538
-1.11769440509
-1.7887495831
-1.47838246577
-0.61900279381
0.0512510123392
-0.133752961944
-1.43714910402
-3.58997329215
-5.91641133678
-7.64234554707
-8.23292021469
-7.6006184941
-6.0979642545
-4.31822921461
-2.81714525608
-1.89542776164
-1.53708968669
-1.51022696098
-1.55376484572
-1.53823970551
-1.51585514959
-1.64550824676
-2.05097661135
-2.70505536344
-3.41207735123
-3.90006263873
-3.96802861101
-3.60137426286
-2.98668024996
-2.41542149244
-2.13025635838
-2.2008905813
-2.49985953647
-2.79124320362
-2.87988620809
-2.73265454906
-2.49789405737
-2.40732600247
-2.61396304519
-3.06080906505
-3.46344906056
-3.42951740067
-2.66127491827
-1.13646400598
0.833125674116
2.70627029607
3.93634167364
4.2065389556
3.55941201842
2.35701572006
1.09583272545
0.176042971299
-0.253450140089
-0.297384588847
-0.174418779949
-0.02796582174
0.189710693662
0.678834532011
1.61036117394
2.90627247781
4.12711698701
4.56997940785
3.57126854364
0.887091616494
-3.04419863037
-7.12369253134
-9.94212289368
-10.3412576163
-7.94735826798
-3.42144820584
1.72136199553
5.68247274324
7.11468465572
5.70413389396
2.33243688435
-1.27176405512
-3.25759225197
-2.44698593299
1.14434046226
6.28901985428
11.0437242392
13.5453175282
12.7660918303
8.91013502929
3.29489497029
-1.66122265122533
-4.847300183440524
-5.425783409277628
-3.625215451528206
-0.533784268673827
2.4280133695006043
4.104698191758359
4.018252659098067
2.448420890170155
0.19419479304933418
-1.8342750410592004
-2.991890128125533
-3.087230930147797
-2.33840647778
-1.80964301645
-1.24284831532
-0.843385446716
-0.631762401696
-0.54391981731
-0.546867900795
-0.685561627053
-1.03214076788
-1.57814767913
-2.15223731951
-2.43552062047
-2.08971853853
-0.942212295884
0.872006096704
2.90142666805
4.5299357272
5.2337772717
4.82652363063
3.56984253919
2.08468898669
1.0906483588
1.08547731902
2.11048938898
3.71249226271
5.12490797448
5.59078436992
4.68574755171
2.49969688973
-0.398908910623
-3.19432954694
-5.14360846941
-5.84526571774
-5.34763144092
-4.06594482214
-2.56379998901
-1.30900333655
-0.513541321535
-0.116578229536
0.103808976041
0.363454863437
0.740495291275
1.14173108399
1.37251644843
1.26133089143
0.765614562456
0.00117038322139
-0.817248277578
-1.48701897332
-1.91592692511
-2.15186579036
-2.32745686841
-2.55146400459
-2.81034487866
-2.9407055024
-2.69739514644
-1.8905008168
-0.52394323326
1.13977258521
2.63406965728
3.45235051308
3.25743807185
2.04485051358
0.182181049631
-1.70285522246
-2.94813687628
-3.10817800604
-2.12821368824
-0.368823156101
1.53055275972
2.89488871697
3.26622848509
2.56582801078
1.10433347599
0.09661169481297804
-0.5357318085120824
-0.4234961830694175
0.46171996437341534
1.8155486824941391
3.13934971886448
3.9480485425857665
3.962385093008564
3.2116648200912863
2.012411444388178
0.8385739753954056
0.13967139558161534
0.1792342880814033
0.9527621636671313
2.2095420173869798
3.561348439497536
4.629799095692505
5.174174579962681
5.1547824642048
4.71619740092
3.33721805338
2.03637665071
0.978302896936
0.210886417333
-0.309817533713
-0.655866102667
-0.859385727026
-0.874991617705
-0.592869211031
0.100438083243
1.23876603579
2.70825586673
4.22953691734
5.40803345647
5.84435447045
5.27145472827
3.67023469474
1.31699071584
-1.26442421579
-3.44111359104
-4.66205634618
-4.63982958349
-3.45831418648
-1.56192762442
0.379099606727
1.68796325454
1.91120591123
0.975991090743
-0.78692136915
-2.76872119256
-4.31404639477
-4.97170639456
-4.66550092585
-3.7132695201
-2.68129173149
-2.1297225109
-2.35454223114
-3.23958978124
-4.29162888458
-4.85564226801
-4.42682700279
-2.92513537906
-0.802599013766
1.08403046532
1.80496658648
0.769584292982
-1.95251071689
-5.55077480983
-8.69411234432
-9.99155904315
-8.52747023461
-4.26249492649
1.86761263641
8.21162517111
12.9379066667
14.6514036575
12.8633528284
8.13937474699
1.87549911148
-1.1732020089179827
-2.5780441937729393
-1.59182328675
-1.1431386592
0.730501294788
2.87887176056
4.29706060777
4.46265295114
3.44056741116
1.74898385258
0.0761379264928
-1.01488274282
-1.27267421841
-0.780394067013
0.160170161082
1.20221957056
2.09414816166
2.72998222308
3.11030146325
3.26117595578
3.17335944514
2.80183253802
2.12232352571
1.20261144427
0.234307785925
-0.508074189424
-0.77174066032
-0.44541424998
0.368521214185
1.37259932287
2.1823902907
2.47727887366
2.12418277863
1.21708486249
0.0172156432706
-1.17166704267
-2.12725389348
-2.77004411607
-3.13703615544
-3.29279893065
-3.23899775046
-2.88497817186
-2.10684863648
-0.868575713515
0.664827253202
2.09950488602
2.91192233082
2.6524141871
1.16975368613
-1.25171092896
-3.92370479237
-5.9653371674
-6.62223841371
-5.56585511584
-3.04450007799
0.184758928088
3.12286953579
4.88915482235
5.03069699572
3.6594142031
1.37034796025
-1.01326401959
-2.75452513434
-3.44816290149
-3.10859637544
-2.08756169811
-0.880439666132
0.0817581679292
0.567801155905
0.569465095829
0.230572341419
-0.261309302764
-0.75977997577
-1.18797266335
-1.51675559578
-1.72710426699
-1.79283937621
-1.6976867333
-1.47048133977
-1.20455645815
-1.03400708302
-1.0672646451
-1.31035623039
-1.62773573104
-1.77568517068
-1.506361769
-0.698842361341
0.549109970406
1.92325679953
3.0009249496
3.4231906193
3.05326519616
2.04462501364
0.78305012839
-0.272849311574
-0.778430945072
-0.630034832549
0.0239189632774
0.884839779635
1.65974685288
2.1880141678
2.47720028507
2.63995426933
2.78058761872
2.90727143387
2.9279823284
2.73479066968
2.32241902043
1.85828417196
1.64215195376
1.95599887513
2.87546075531
4.15204639209
5.25365396804
5.57468577671
4.73262372365
2.80603150561
0.377949883194
-1.66771475992
-2.52720245393
-1.86583614862
-0.0223628534126
2.09059670057
3.36874728554
3.01797139212
0.941686866163
-2.18002150876
-5.17416752448
-6.90208178394
-6.7863762227
-5.08392594181
-2.76564886044
-1.05134625802
-0.818121086875
-2.16880964352
-4.37535813343
-6.23240398595
-6.65468549564
-5.22794488356
-2.44022972099
0.526489383015
2.34907370832
2.19340483594
0.113544629925
-2.97725974322
-5.75017102357
-7.0996227487
-6.66056810179
-4.94818728711
-3.0544579574
-2.0606829443
-2.47027229429
-3.956663813
-5.55975341056
-6.23094031945
-5.44062815008
-3.52012488026
-1.53811450338
-0.749470205895
-1.88256722171
-4.6327724945
-7.64739801222
-9.05524213978
-7.32261958886
-2.04141956922
5.73579258458
13.8014484989
19.632523531
21.404421138
18.7308203453
12.800480157
5.8545822461
0.24579905643
-2.49678288973
-2.18854216654
0.109104996159
2.72075805867
4.19774239623
3.96546346268
2.49061769225
0.926160932268
0.443621448536
1.6000753802
4.04995812402
6.7262941541
8.37933722585
8.19095232911
6.16006458514
3.08209871979
0.153097188216
-1.58949186786
-1.71074726363
-0.503112782454
1.24070024997
2.66350798293
3.25257201304
3.01924167487
2.38130446734
1.84071913026
1.65163299518
1.6668319503
1.44351621088
0.542319477578
-1.15369260243
-3.28461570892
-5.11986904807
-5.88107516136
-5.12126596156
-2.9675986488
-0.102242528719
2.51285105526
4.03523302542
4.07565852702
2.81477222427
0.862594904494
-1.05403797041
-2.41501595363
-3.08910102465
-3.30576525092
-3.45845509476
-3.86033013892
-4.58313492355
-5.45060079343
-6.16690982211
-6.48989410939
-6.34496465661
-5.82240893561
-5.07672966982
-4.20598043456
-3.19704275037
-1.97610423875
-0.531478965818
0.977069960821
2.20844100354
2.76009392765
2.3675555407
1.07525377744
-0.728201504621
-2.45176309117
-3.5652818974
-3.85376863506
-3.52324286075
-3.08742602748
-3.07869735757
-3.7271323018
-4.78195759659
-5.58827849447
-5.40446511805
-3.81520933076
-1.03073967265
2.09754792346
4.3843514853
4.82004932377
3.05218203645
-0.393650991178
-4.27423138196
-7.11629950499
-7.82223197834
-6.12538102609
-2.69258879816
1.1680166527
4.05710402498
5.04315985968
3.98762001083
1.51130267783
-1.35270669241
-3.63564978884
-4.81188507554
-4.92027836944
-4.40733543911
-3.80816961761
-3.44863419294
-3.32044875908
-3.17378146569
-2.74925177951
-1.99928494174
-1.16323722259
-0.650334171822
-0.797866260167
-1.6462822384
-2.86709076002
-3.89688713077
-4.21619211971
-3.62752616914
-2.37983434166
-1.06188241886
-0.307306305031
-0.456089723094
-1.34719133079
-2.35736044302
-2.68045525708
-1.72007055891
0.592700252721
3.71373194141
6.68177207171
8.51217877288
8.61178234042
7.02891923249
4.43007072863
1.81974300848
0.133111154587
-0.12009396856
0.984287552213
2.87014635553
4.73265689281
5.86527601357
5.9049660092
4.91203617868
3.28215010596
1.55587705547
0.217451628647
-0.444318719321
-0.38462115002
0.225392151528
1.0696215738
1.7729299101
1.99091209223
1.50251301557
0.297359619241
-1.36905218874
-2.99191464335
-3.93426140689
-3.63510784018
-1.84762875079
1.18983293232
4.74237671985
7.76571098099
9.24665846618
8.57482129177
5.79310972287
1.61222981245
0.39706170476438274
0.069421234098
-1.97855920356
-2.2750677348
-1.33011307968
-0.00464192787284
0.881859811554
0.890892586578
0.107080816479
-0.966065206419
-1.69167932499
-1.62242947541
-0.708703162402
0.696723038932
2.02505407064
2.76713260208
2.70123789079
1.9682026206
0.969461501096
0.150466908431
-0.21723273523
-0.149318618001
0.0903827613334
0.151967899893
-0.202571534791
-0.964263682748
-1.86743872802
-2.50477084622
-2.50880536562
-1.71593281054
-0.243436425558
1.54618951566
3.17047729548
4.18668777813
4.32674201965
3.56759543659
2.12624739821
0.392468446566
-1.17626463222
-2.1723337769
-2.34550195229
-1.67869537324
-0.410039605723
1.01610998478
2.07052042071
2.30776163899
1.53011796564
-0.117530949437
-2.17117648876
-3.99664674185
-5.01704185925
-4.93049400593
-3.82483449539
-2.13397575871
-0.448842904267
0.73690103852
1.23235124686
1.21088007561
1.09769331545
1.33547039664
2.13957324222
3.36139621455
4.52843131449
5.04594571724
4.46821910686
2.71443718252
0.13115772127
-2.62425622761
-4.82299422522
-5.91938527195
-5.71555385837
-4.38228108707
-2.3530700225
-0.161368890756
1.6994189681
2.84720385899
3.02073667459
2.07270027249
4.277539346696415
5.534187721897609
6.27920296982
2.68633186428
0.0297625078875
-1.05746224884
-0.348559602966
1.81699907897
4.58223488667
6.84935813118
7.69275182335
6.73563166594
4.31371131074
1.33352153566
-1.12804483692
-2.30838233044
-2.10208768848
-1.09332044788
-0.253169894146
-0.442168330748
-1.96118099047
-4.37998333059
-6.74240761652
-8.05951744541
-7.84951675213
-6.44423499453
-4.88321812275
-4.41491583628
-5.8264062388
-8.92800782297
-12.4692739971
-14.5737628143
-13.5359175731
-8.63912836764
-0.620330580069
8.45432171987
15.8847700375
19.3315556711
17.6995990691
11.5431995934
2.82804599765
-0.39519737159984913
-1.29885729532
-3.98466534793
-3.40113228856
-0.854562160597
1.94289166035
3.62385257257
3.65946677193
2.41804031901
0.821096225902
-0.195008467994
-0.140465474342
0.847087169489
2.15040922294
3.03636438152
3.03263849778
2.13193455428
0.743707235552
-0.552975765534
-1.30906575782
-1.40147891386
-1.03928006241
-0.600808476481
-0.407681517195
-0.563057538546
-0.933564250897
-1.2681620445
-1.37210626198
-1.23000703203
-1.00863867077
-0.943811823109
-1.18335127973
-1.68218251382
-2.21352256996
-2.49156555539
-2.33533441318
-1.77793756986
-1.05493885078
-0.473780437679
-0.235222215889
-0.308649716872
-0.437423748782
-0.280672408183
0.378845647815
1.47294197195
2.62688559723
3.30377876636
3.052347342
1.73762249334
0.2452202030665802
-1.4427695999139303
-2.6678492087613392
-2.9884058191072
-2.36265517059455
-1.1416839284976987
0.12297662533923415
0.9605783677956623
1.2100061654691956
1.0813064418414626
1.019442253246396
1.4405221490332707
2.477000360170152
3.8663050547731217
5.047129887352398
5.4235034565770235
4.670330367991227
2.928738084116219
0.788830969505
-1.48836180749
-2.6746860754
-2.51210388483
-1.27804476396
0.342043701799
1.5639719143
1.85379944054
1.15668725028
-0.097277664078
-1.20896143619
-1.5443310067
-0.831010480563
0.717901322254
2.50524892427
3.82418796911
4.17538822273
3.48129205092
2.10348121654
0.662436523038
-0.250779511871
-0.335581589366
0.301623612693
1.22165209669
1.87439191985
1.85959938653
1.1052635011
-0.114065895268
-1.31904499223
-2.05350582818
-2.08851272647
-1.50909023576
-0.649794403428
0.0818685843004
0.403812194863
0.28270344251
-0.0745561742703
-0.351913547724
-0.308487387821
0.0785443220632
0.586150624181
0.849458943846
0.548820043038
-0.411418776215
-1.82286431001
-3.23752500296
-4.15447271869
-4.2466028966
-3.52211711948
-2.3406188215
-1.26732623834
-0.822841325709
-1.23673336009
-2.31708721582
-3.50183257987
-4.08018035806
-3.49718186623
-1.61437995845
1.186974709
4.1112846183
6.22820909854
6.81948002649
5.656552535
3.09896441334
-0.0259782888578
-2.71576290943
-4.14520717341
-3.94668302125
-2.31783775755
0.0742197034173
2.3462202183
3.70893979387
3.72103545926
2.40359508423
0.190127273446
0.26280463481660377
0.770999967067
-0.238587134296
-0.215248060284
0.65743196767
1.9692631755
3.23263764838
4.03485558046
4.15106181346
3.59260232869
2.58503652544
1.4870128047
0.673977077064
0.418637625672
0.802080796054
1.68344254277
2.74094898841
3.57499581002
3.84112519276
3.3664824328
2.20557799025
0.612039252554
-1.06388753054
-2.5104341592
-3.5645100679
-4.24875335141
-4.71941663331
-5.15076540118
-5.61339908807
-6.00949426541
-6.10284012415
-5.63595782235
-4.48169346201
-2.75468775997
-0.821424656208
0.808101987273
1.66842319209
1.52703090574
0.488631780795
-1.0352070552
-2.48257702637
-3.35891379405
-3.42316923058
-2.76422236598
-1.73916619477
-0.806916020107
-0.335251510331
-0.466416502892
-1.09370674707
-1.94626511555
-2.72924856401
-3.24587507464
-3.44535004374
-3.38543523697
-3.14586292789
-2.75350822133
-2.16930273419
-1.34670250233
-0.324556804497
0.709826781627
1.44207210203
1.54777686744
0.860583982812
-0.491703733203
-2.06407496119
-3.2200015068
-3.37164604339
-2.23915074708
-0.0123528403323
2.66921573223
4.92748077611
5.97308389672
5.41805475026
3.44309583471
0.746005846699
-1.71174723536
-3.05923909814
-2.82923862669
-1.1082530696
1.52797686998
4.25559016612
6.31340456332
7.2564763835
7.06005845538
6.05196642898
4.72425089213
3.51855158665
2.67736886278
2.21141614006
1.97445601091
1.790177321
1.56094320078
1.30869429364
1.1399463563
1.16689238547
1.43534886295
1.9003728522
2.4595806815
3.02031279741
3.55797312616
4.12842581428
4.82346365063
5.69074928064
6.66113728257
7.52571994795
7.98246329256
7.73899258371
6.63017459796
4.69997188554
2.21079772388
-0.42630727764
-2.77473446879
-4.50183510508
-5.46745556287
-5.74249406785
-5.55704337843
-5.20377143906
-4.93558694129
-4.89352002009
-5.08452880956
-5.4078446168
-5.71140578699
-5.85273690759
-5.74223269562
-5.35778166635
-4.73247523007
-3.9267396392
-2.99981592229
-1.99302128933
-0.930605816207
0.16391109881
1.24460600986
2.22515968202
2.97693071817
3.34883911648
3.20677832232
2.48183723384
1.21084763037
-0.447588723317
-2.23225411106
-3.83293787072
-4.965066937
-5.44277411504
-5.22650868137
-4.42901307875
-3.27773651316
-2.04703909899
-0.98367994925
-0.249979658501
0.0994090098796
0.105051781932
-0.134335891279
-0.505547766346
-0.914504029468
-1.30111008208
-1.63639423019
-1.90965564345
-2.11443670672
-2.23853363722
-2.25848221212
-2.13670089669
-1.82118063686
-1.25143349019
-0.376336087094
0.813942303599
2.24873612801
3.74763903121
5.02349837211
5.73382606129
5.57875763349
4.41971988938
2.37418046063
-0.160502453543
-2.58168293485
-4.24538466523
-4.67065973208
-3.71041908138
-1.61857770027
1.02181865209
3.49085794807
5.1748722551
5.76606450521
5.33890686252
4.27377945969
3.06374803577
2.09216452165
1.48248246397
1.08905704449
0.631636420265
-0.093898202482
-1.03716400303
-1.84669397677
-1.99605037781
-1.04026643039
1.10985980593
4.0306241207
6.84084698567
8.4770064541
8.09512630194
5.43947545885
1.01695857603
-4.01423684396
-8.21901030508
-10.388846123
-9.98067638002
-7.31648273318
-3.46142218814
0.173598710811
2.34868135446
2.4288096651
0.570007530704
-1.1285149060091015
-2.8131531900322813
-3.50199921095
-4.0337859797
-3.21357556014
-1.65159036549
-0.129314874568
0.736611210126
0.714472767242
-0.0161586358196
-1.01617568956
-1.82415085316
-2.1593936851
-2.0026123779
-1.53595186678
-0.995934298548
-0.530915235236
-0.142325319182
0.264470696492
0.75858287341
1.27149337491
1.57081721628
1.34929750123
0.392900293556
-1.25748227225
-3.24249204308
-4.96860200755
-5.81887165409
-5.40359075159
-3.7379372844
-1.26103775601
1.31969475216
3.29563793262
4.22053196655
4.05676017548
3.14433814962
2.01380819115
1.13455198719
0.716511687772
0.654089944319
0.630829362962
0.326352536047
-0.380299355527
-1.31252287162
-2.05213905322
-2.12360646408
-1.21964479116
0.637059781023
3.07008495598
5.47282279862
7.22246234145
7.89068643875
7.36554803741
5.84545678483
3.7262870381
1.4466623125
-0.635330882564
-2.28910264313
-3.38451755109
-3.83312713194
-3.55187594578
-2.48254818574
-0.659522544184
1.71844560761
4.26829329245
6.48904449107
7.90472259729
8.22970295721
7.48204330635
5.98628738033
4.25386948447
2.78516490373
1.87563200402
1.51026091887
1.39365903231
1.10377800758
0.302362822548
-1.09043126671
-2.83469972834
-4.451307212
-5.41203402637
-5.36080587387
-4.2748685106
-2.49992749456
-0.644204337872
0.628739927313
0.83147340248
-0.174870847083
-2.12635403721
-4.43616023755
-6.37938139885
-7.32124760929
-6.9170856584
-5.22420824
-2.69404991011
-0.0479344369743
1.92754574075
2.60719153801
1.71066544474
1.343784088657216
0.09252763003753728
-1.2663382321282342
-1.94735271465
-3.37856226504
-3.37348414866
-2.14983580229
-0.239244462729
1.70184639765
3.10543304499
3.65370895356
3.33665529424
2.39583121719
1.18972145121
0.0438575683756
-0.851790353399
-1.46341931591
-1.85823917868
-2.11440570474
-2.24914790813
-2.20336798152
-1.88767144994
-1.26044670307
-0.390783472244
0.533483067649
1.26368102925
1.59036040649
1.43847816822
0.910937985919
0.257261186394
-0.220859153714
-0.286310765013
0.144371987066
0.975261579438
1.97441224112
2.86208979767
3.4036132234
3.47089232452
3.05684582257
2.25064190508
1.19644195098
0.0577239975158
-1.0036358335
-1.83954728653
-2.3321029335
-2.42115917709
-2.13543405871
-1.60676089385
-1.04681276129
-0.681067464743
-0.659380854719
-0.982464049335
-1.48535477135
-1.89770375698
-1.96409436956
-1.57338480986
-0.833247332551
-0.0446936578488
0.424108420288
0.31486537944
-0.374208658877
-1.3476510426
-2.10973241554
-2.16763434265
-1.25575015632
0.520881547995
2.6956404359
4.60756430492
5.66036660566
5.56235617467
4.44139577893
2.78269866948
1.21581282734
0.24471226924
0.0403110845583
0.386144867074
0.798609481262
0.764927310586
-0.00945164183376
-1.45426907345
-3.15179357281
-4.50757120008
-4.99786961995
-4.38724083475
-2.82731417033
-0.802423737727
1.04737062192
2.14874773123
2.17587001877
1.12874172832
-0.0744009839160924
-1.6086339613637648
-3.0031425640479057
-3.8968822890579418
-4.1085168923589634
-3.6466859886677128
-2.6757984890112567
-1.4577121946603455
-0.2844689546105741
0.5896971781368308
1.0104214614176357
0.9680034732307661
0.6084397255230556
0.19659714009
-0.574607313249
-0.876292980305
-0.65745804745
-0.0747116113034
0.557470704327
0.892773000778
0.708592185004
0.0236989770229
-0.880504393661
-1.55575129729
-1.56862345584
-0.695088600314
0.956899400846
2.95515681603
4.68554262791
5.57447739427
5.30142286142
3.91429228852
1.80223112353
-0.458799383967
-2.31929822428
-3.43875813547
-3.76674565838
-3.50065202817
-2.95336522957
-2.40000473521
-1.9742518893
-1.65351246019
-1.32539701766
-0.889398577597
-0.335364739877
0.241473475104
0.69181502336
0.896638093841
0.834917326419
0.596196183096
0.331267585716
0.169087519951
0.147218384841
0.196255441119
0.189301595263
0.0310550256505
-0.263100163686
-0.546030111185
-0.596111731521
-0.23235139216
0.566565803754
1.60184021141
2.49309710887
2.81219692188
2.26258103466
0.828145469458
-1.17755204563
-3.19251668347
-4.5945827182
-4.92679045362
-4.07144872547
-2.30249114048
-0.193120464618
1.58716883842
2.50886647675
2.36277549172
1.31868806533
-0.154782521078
-1.47315781279
-2.14907474627
-1.95589257229
-0.986664009367
0.403520270039
1.73980640214
2.59492911608
2.72008888978
2.09924972754
0.920353068954
-0.2166770526929156
-1.2922446094691935
-2.0662646902334956
-2.4181591481986544
-2.349433565481732
-1.9586624727382684
-1.4065300487838073
-0.8818165167675005
-0.5690779756652091
-0.6130906727257468
-1.0782328376568842
-1.9110265156528925
-2.9239746824927835
-3.820288521945116
-4.267636411792097
-4.007419206176991
-2.963914186119055
-1.3071311686959177
0.567179468627387
2.14776809491174
2.977708529973839
2.82295783392
1.50224780786
-0.319132842722
-2.06873594298
-3.19625529428
-3.36306778396
-2.54690157973
-1.02149229387
0.775233573958
2.42296790816
3.6693202759
4.48463881833
5.00450681768
5.39749431914
5.73126577528
5.90930703558
5.71341533281
4.93171030518
3.50576585896
1.61708167665
-0.339741178228
-1.89446264907
-2.69011336469
-2.63479707976
-1.9413785934
-1.03133555509
-0.343951526761
-0.138933192022
-0.385857264767
-0.793913157512
-0.968713090814
-0.62150789864
0.270031018359
1.42803895031
2.38588183805
2.69345634831
2.12003231546
0.75957057125
-1.00974144202
-2.69053369108
-3.87634212997
-4.40807063018
-4.40686376099
-4.17515155825
-4.02160129785
-4.10056268368
-4.34579826804
-4.5281149235
-4.40258866182
-3.86546851219
-3.03612063117
-2.21758551666
-1.75126498413
-1.83616942047
-2.40390902335
-3.11684863523
-3.49974066938
-3.15171666685
-1.94550924216
-0.122700112507
1.76332727743
3.04056253772
3.17371682335
1.98108170811
-0.273249995525
-2.94959574731
-5.2414106032
-6.44772945484
-6.21259821422
-4.64783610649
-2.29687444411
0.0482168019583
1.61512317758
1.91469408116
0.908885472599
-0.977812148965
-3.01322779957
-4.42996620872
-4.72005461704
-3.83948506618
-2.23413982241
-0.660417171903
0.144778292437
-0.18034114251
-1.39376865848
-2.66618690292
-2.86972914076
-1.04991368339
3.101455631
8.97951048375
15.1490059066
19.7848921123
21.3252919525
19.0854994179
13.5758886354
6.37268176768
-0.429891863237
-4.97913854904
-6.33055369718
-4.74779705495
-1.51349982076
1.66298695028
3.38076056039
3.10503459479
1.30964903506
-0.843307908362
-2.12347818481
-1.8536181278
-0.238347565531
1.75208362045
2.88233809223
2.2921973952
-0.0358582932681
-3.21274575135
-5.8215634425
-6.56628459442
-4.88681785855
-1.24963370805
3.02637961913
6.33225694137
7.46225892806
6.12153258367
3.02044276048
-0.478322538421
-2.98753089491
-3.70389953065
-2.72097499273
-0.915799952237
0.519352765688
0.667094410834
-0.683501986648
-2.95898964648
-5.09959988227
-6.07956498794
-5.39922043805
-3.32223574684
-0.758684129415
1.13910013505
1.47488597132
2.152322355488508
1.4398867664985318
0.286267034815
-2.49369628727
-3.87873726263
-3.62284067774
-2.02265453774
0.266630472145
2.50668551374
4.12111643402
4.82890187571
4.65062437021
3.82629107768
2.70312636086
1.63664461241
0.918064542042
0.719851397528
1.05194092083
1.73865732813
2.44173379617
2.74980875741
2.32501715813
1.0574182012
-0.846095597875
-2.89877550039
-4.50533635738
-5.20733528953
-4.89309035857
-3.86399212258
-2.70813263185
-2.02490853797
-2.1251900154
-2.8565548549
-3.65310224126
-3.80348676465
-2.81908487716
-0.723769055403
1.88753074557
4.06955606225
4.93906101222
4.09093353855
1.81781763398
-0.981421822556
-3.17379635083
-3.87905512595
-2.84724626945
-0.551988311534
2.04135717376
3.91895805805
4.46051972592
3.67247970799
2.111419703
0.551329715685
-0.426452169443
-0.708599185455
-0.653274720509
-0.828733922966
-1.63358556296
-3.00839176452
-4.40210170815
-5.02422392648
-4.26208397919
-2.04991475461
1.00832788182
3.84309550644
5.36874947221
4.97077058076
2.79696617367
0.13907659072241074
-2.2365594094900842
-3.3232639997000746
-2.742924911621458
-0.8906686291220325
1.275538613492543
2.695585406283328
2.6988138318359063
1.298633105290989
-0.838715892367702
-2.7238115341077247
-3.5072493483403377
-2.8573320791323624
-1.0842190613247737
1.030624691288594
2.6023202304364332
3.0265967036367982
2.2057513100142216
0.5304736232847631
-1.3475219052041467
-2.8238299963344105
-3.579385432021482
-3.6488313459354913
-3.314120374019751
-2.90402661033
-2.9559818678
-3.1259066365
-3.26863190666
-3.23059548625
-2.96900253884
-2.58641195017
-2.26599042889
-2.15279686873
-2.25676059172
-2.43783515714
-2.48370594794
-2.23523866223
-1.68637554416
-0.999341025782
-0.424303050992
-0.16732247713
-0.280370201265
-0.635349431516
-0.996962259975
-1.15333307965
-1.03011388031
-0.72242325673
-0.42522408199
-0.301227041153
-0.363333322279
-0.443912234753
-0.276932897982
0.34464127865
1.42006190341
2.68696492708
3.7039563996
4.04067116517
3.48688338111
2.17569610713
0.552777111944
-0.802914643506
-1.42773843111
-1.17544027062
-0.276333395822
0.775806026509
1.45669975317
1.45523052451
0.814458314551
-0.0936077517274
-0.744266385992
-0.702694913956
0.179369804726
1.69925414437
3.39337208946
4.7332504856
5.33574590206
5.09735874071
4.2045549443
3.03080441257
1.97760055316
1.33120712802
1.18740556629
1.45790758842
1.93617446231
2.38371339311
2.60383253424
2.488678817
2.04214669256
1.38553736998
0.745136896937
0.411380686903
0.660332849545
1.64505493389
3.29016209184
5.24117408457
6.91490035472
7.66264919011
7.00571916243
4.85680971316
1.62762152995
-1.84466709593
-4.54951170514
-5.65237670044
-4.80869870883
-2.31264088389
0.98884556632
3.99195422604
5.72974075724
5.70960740786
4.06362573361
1.45886194899
-1.18654528234
-3.05981061193
-3.73906726058
-3.30382554637
-2.24511223876
-1.23202771051
-0.841111011813
-1.35478420501
-2.69188379727
-4.47196322681
-6.16523012252
-7.26102004696
-7.4008051635
-6.4521914299
-4.52789140762
-1.96451906923
0.729939121836
2.96223116668
4.17728607785
4.00757036692
2.4113335312
-0.256322844252
-3.2905202052
-5.8169475095
-7.06479443677
-6.64084727926
-4.69507842244
-1.89748231638
0.783867903848
2.43054731415
2.51567282001
1.10295556235
-1.18039983048
-3.38870682945
-4.62250102976
-4.36601645471
-2.66455883815
-0.0788730037201
2.55234371979
4.43434601018
5.08909883133
4.47772041793
2.94391764119
1.02696731593
nan
nan
nan
nan
nan
nan
nan
nan
nan
nan
nan
nan
nan
nan
nan
nan
nan
nan
nan
nan
nan
nan
nan
nan
nan
nan
nan
nan
nan
nan
nan
nan
nan
nan
nan
nan
nan
nan
nan
nan
nan
nan
nan
nan
nan
nan
nan
nan
nan
nan
nan
nan
nan
nan
nan
nan
nan
nan
nan
nan
nan
nan
nan
nan
nan
nan
nan
nan
nan
nan
nan
nan
nan
nan
nan
nan
nan
nan
nan
nan
nan
nan
nan
nan
nan
nan
nan
nan
nan
nan
nan
nan
nan
nan
nan
nan
nan
nan
nan
nan
nan
nan
nan
nan
nan
nan
nan
nan
nan
nan
nan
nan
nan
nan
nan
nan
nan
nan
nan
nan
nan
nan
nan
nan
nan
nan
nan
nan
nan
nan
nan
nan
nan
nan
nan
nan
nan
nan
nan
nan
nan
nan
nan
nan
nan
nan
nan
nan
nan
nan
nan
nan
nan
nan
nan
nan
nan
nan
nan
nan
nan
nan
nan
nan
nan
nan
nan
nan
nan
nan
nan
nan
nan
nan
nan
nan
nan
nan
nan
nan
nan
nan
nan
nan
nan
nan
nan
nan
nan
nan
nan
nan
nan
nan
nan
nan
nan
nan
nan
nan
nan
nan
nan
nan
nan
nan
nan
nan
nan
nan
nan
nan
nan
nan
nan
nan
nan
nan
nan
nan
nan
nan
nan
nan
nan
nan
nan
nan
nan
nan
nan
nan
nan
nan
nan
nan
nan
nan
nan
nan
nan
nan
nan
nan
nan
nan
nan
nan
nan
nan
nan
nan
nan
nan
nan
nan
nan
nan
nan
nan
nan
nan
nan
nan
nan
nan
nan
nan
nan
nan
nan
nan
nan
nan
nan
nan
nan
nan
nan
nan
nan
nan
nan
nan
nan
nan
nan
nan
nan
nan
nan
nan
nan
nan
nan
nan
nan
nan
nan
nan
nan
nan
nan
nan
nan
nan
nan
nan
nan
nan
nan
nan
nan
nan
nan
nan
nan
nan
nan
nan
nan
nan
nan
nan
nan
nan
nan
nan
nan
nan
nan
nan
nan
nan
nan
nan
nan
nan
nan
nan
nan
nan
nan
nan
nan
nan
nan
nan
nan
nan
nan
nan
nan
nan
nan
nan
nan
nan
nan
nan
nan
nan
nan
nan
nan
nan
nan
nan
nan
nan
nan
nan
nan
nan
nan
nan
nan
nan
nan
nan
nan
nan
nan
nan
nan
nan
nan
nan
nan
nan
nan
nan
nan
nan
nan
nan
nan
nan
nan
nan
nan
nan
nan
nan
nan
nan
nan
nan
nan
nan
nan
nan
nan
nan
nan
nan
nan
nan
nan
nan
nan
nan
nan
nan
nan
nan
nan
nan
nan
nan
nan
nan
nan
nan
nan
nan
nan
nan
nan
nan
nan
nan
nan
nan
nan
nan
nan
nan
nan
nan
nan
nan
nan
nan
nan
nan
nan
nan
nan
nan
nan
nan
nan
nan
nan
nan
nan
nan
nan
nan
nan
nan
nan
nan
nan
nan
nan
nan
nan
nan
nan
nan
nan
nan
nan
nan
nan
nan
nan
nan
nan
nan
nan
nan
nan
nan
nan
nan
nan
nan
nan
nan
nan
nan
nan
nan
nan
nan
nan
nan
nan
nan
nan
nan
nan
nan
nan
nan
nan
nan
nan
nan
nan
nan
nan
nan
nan
nan
nan
nan
nan
nan
nan
nan
nan
nan
nan
nan
nan
nan
nan
nan
nan
nan
nan
nan
nan
nan
nan
nan
nan
nan
nan
nan
nan
nan
nan
nan
nan
nan
nan
nan
nan
nan
nan
nan
nan
nan
nan
nan
nan
nan
nan
nan
nan
nan
nan
nan
nan
nan
nan
nan
nan
nan
nan
nan
nan
nan
nan
nan
nan
nan
nan
nan
nan
nan
nan
nan
nan
nan
nan
nan
nan
nan
nan
nan
nan
nan
nan
nan
nan
nan
nan
nan
nan
nan
nan
nan
nan
nan
nan
nan
nan
nan
nan
nan
nan
nan
nan
nan
nan
nan
nan
nan
nan
nan
nan
nan
nan
nan
nan
nan
nan
nan
nan
nan
nan
nan
nan
nan
nan
nan
nan
nan
nan
nan
nan
nan
nan
nan
nan
nan
nan
nan
nan
nan
nan
nan
nan
nan
nan
nan
nan
nan
nan
nan
nan
nan
nan
nan
nan
nan
nan
nan
nan
nan
nan
nan
nan
nan
nan
nan
nan
nan
nan
nan
nan
nan
nan
nan
nan
nan
nan
nan
nan
nan
nan
nan
nan
nan
nan
nan
nan
nan
nan
nan
nan
nan
nan
nan
nan
nan
nan
nan
nan
nan
nan
nan
nan
nan
nan
nan
nan
nan
nan
nan
nan
nan
nan
nan
nan
nan
nan
nan
nan
nan
nan
nan
nan
nan
nan
nan
nan
nan
nan
nan
nan
nan
nan
nan
nan
nan
nan
nan
nan
nan
nan
nan
nan
nan
nan
nan
nan
nan
nan
nan
nan
nan
nan
nan
nan
nan
nan
nan
nan
nan
nan
nan
nan
nan
nan
nan
nan
nan
nan
nan
nan
nan
nan
nan
nan
nan
nan
nan
nan
nan
nan
nan
nan
nan
nan
nan
nan
nan
nan
nan
nan
nan
nan
nan
nan
nan
nan
nan
nan
nan
nan
nan
nan
nan
nan
nan
nan
nan
nan
nan
nan
nan
nan
nan
nan
nan
nan
nan
nan
nan
nan
nan
nan
nan
nan
nan
nan
nan
nan
nan
nan
nan
nan
nan
nan
nan
nan
nan
nan
nan
nan
nan
nan
nan
nan
nan
nan
nan
nan
nan
nan
nan
nan
nan
nan
nan
nan
nan
nan
nan
nan
nan
nan
nan
nan
nan
nan
nan
nan
nan
nan
nan
nan
nan
nan
nan
nan
nan
nan
nan
nan
nan
nan
nan
nan
nan
nan
nan
nan
nan
nan
nan
nan
nan
nan
nan
nan
nan
nan
nan
nan
nan
nan
nan
nan
nan
nan
nan
nan
nan
nan
nan
nan
nan
nan
nan
nan
nan
nan
nan
nan
nan
nan
nan
nan
nan
nan
nan
nan
nan
nan
nan
nan
nan
nan
nan
nan
nan
nan
nan
nan
nan
nan
nan
nan
nan
nan
nan
nan
nan
nan
nan
nan
nan
nan
nan
nan
nan
nan
nan
nan
nan
nan
nan
nan
nan
nan
nan
nan
nan
nan
nan
nan
nan
nan
nan
nan
nan
nan
nan
nan
nan
nan
nan
nan
nan
nan
nan
nan
nan
nan
nan
nan
nan
nan
nan
nan
nan
nan
nan
nan
nan
nan
nan
nan
nan
nan
nan
nan
nan
nan
nan
nan
nan
nan
nan
nan
nan
nan
nan
nan
nan
nan
nan
nan
nan
nan
nan
nan
nan
nan
nan
nan
nan
nan
nan
nan
nan
nan
nan
nan
nan
nan
nan
nan
nan
nan
nan
nan
nan
nan
nan
nan
nan
nan
nan
nan
nan
nan
nan
nan
nan
nan
nan
nan
nan
nan
nan
nan
nan
nan
nan
nan
nan
nan
nan
nan
nan
nan
nan
nan
nan
nan
nan
nan
nan
nan
nan
nan
nan
nan
nan
nan
nan
nan
nan
nan
nan
nan
nan
nan
nan
nan
nan
nan
nan
nan
nan
nan
nan
nan
nan
nan
nan
nan
nan
nan
nan
nan
nan
nan
nan
nan
nan
nan
nan
nan
nan
nan
nan
nan
nan
nan
nan
nan
nan
nan
nan
nan
nan
nan
nan
nan
nan
nan
nan
nan
nan
nan
nan
nan
nan
nan
nan
nan
nan
nan
nan
nan
nan
nan
nan
nan
nan
nan
nan
nan
nan
nan
nan
nan
nan
nan
nan
nan
nan
nan
nan
nan
nan
nan
nan
nan
nan
nan
nan
nan
nan
nan
nan
nan
nan
nan
nan
nan
nan
nan
nan
nan
nan
nan
nan
nan
nan
nan
nan
nan
nan
nan
nan
nan
nan
nan
nan
nan
nan
nan
nan
