nan
nan
nan
nan
nan
nan
nan
nan
nan
0.760064580155
1.95466173407
3.73067193404
5.33425162805
6.06148345831
5.49649243781
3.64750258056
0.942689703909
-1.90443548048
-4.11123006706
-5.055090811
-4.44921561427
-2.41860570641
0.539966150898
3.69855234593
6.29761320215
7.74815217242
7.77992317966
6.49468504654
4.31126013919
1.821929593
-0.39264646344
-1.92996207851
-2.66098207962
-2.72730544408
-2.44833320933
-2.17799146044
-2.16638168019
-2.47628349371
-2.98058210319
-3.43451883003
-3.58904379775
-3.29872800446
-2.58333173121
-1.6224630941
-0.688898074252
-0.0480920297261
0.138046027708
-0.131660959412
-0.699488627693
-1.30881218072
-1.70121369554
-1.71610089231
-1.35576039806
-0.789002727871
-0.287580044133
-0.115411860414
-0.412187187553
-1.12048613892
-1.99320935371
-2.68744076827
-2.91246056399
-2.57006067218
-1.82031894828
-1.03224048039
-0.628516436849
-0.886223012833
-1.78485001187
-2.98143299411
-3.93976600246
-4.16768686693
-3.45747808889
-2.01113218064
-0.376904334056
0.789637858075
1.03729687241
0.353880223861
-0.801835380461
-1.70585694404
-1.72981016673
-0.686779277096
1.01736125309
2.52537175743
2.92149926219
1.70184332595
-0.909197072995
-3.97383604094
-6.21567322093
-6.60491176141
-4.88420520497
-1.76779537426
1.31820506055
2.87371060103
2.06743403282
-0.765601001943
-4.13649249613
-5.97048477195
-4.51839202042
0.77808605004
8.865237079
17.3246994406
23.2283245735
24.2682054032
19.6956151655
10.6702372042
-0.135828012529
-9.52194754962
-14.9285181524
-15.3200407281
-11.4423186609
-5.38690371818
0.315305055949
3.6707802923
3.87342644022
1.40387137096
-0.43898967882397244
-2.0913730488681637
-2.501259844676426
-1.39484304302
-1.19907229558
-0.627073618464
-0.277178804823
-0.348703310126
-0.641900710693
-0.783422798025
-0.51887761515
0.102581190486
0.748784128838
1.00410136302
0.622503709468
-0.315245451365
-1.42960467113
-2.23792011628
-2.40683268299
-1.92116912931
-1.07768355638
-0.309939152828
0.0566694437369
-0.0164197703312
-0.267161968873
-0.291673967941
0.211296945681
1.24421237229
2.47187477141
3.36556989406
3.45909863518
2.58636596782
0.979203841975
-0.824354805488
-2.21524821061
-2.77558294823
-2.44195345675
-1.49803335975
-0.411997872082
0.391002836163
0.70654516622
0.599075728021
0.313386016457
0.112177271341
0.13327113989
0.338576223857
0.569002048212
0.659647644871
0.541095332186
0.269179505567
-0.0255421828634
-0.226959572183
-0.297984981094
-0.276889725165
-0.20975080574
-0.0695196530818
0.273161573931
0.990503218212
2.16903118806
3.68318597934
5.15638156264
6.05834993913
5.91618569586
4.5476630372
2.19859740801
-0.499402810938
-2.75151312733
-3.91239056358
-3.74734185104
-2.51775078958
-0.847541016847
0.566870392915
1.26357747704
1.19132726981
0.673262823786
0.184826349755
0.0672022774163
0.330027235819
0.649418512032
0.563512162682
-0.238816393696
-1.69372966359
-3.33149508048
-4.46975083878
-4.54439265381
-3.41493686305
-1.48613925666
0.426478461559
1.43460891784
0.96434848596
-0.03434565896280617
-1.9494646007035499
-3.8939420607142665
-5.045276071729404
-4.984764015480891
-3.8377968018014457
-2.160970937297563
-0.6430788219522725
0.22884693912048704
0.379572173858
-0.810812907152
-1.84808285522
-2.26587273184
-1.89800232467
-0.94062339914
0.165097907664
0.957561242352
1.16824103678
0.821915415495
0.186665380943
-0.385783416868
-0.639089898893
-0.52098770072
-0.177503909877
0.148846573666
0.25295563778
0.062404472442
-0.345844924918
-0.800402990621
-1.11971342074
-1.17749352606
-0.923998242726
-0.371198414632
0.428624444305
1.3851911919
2.35253002621
3.1172894604
3.42717117499
3.07355761592
2.00376369517
0.404977862892
-1.30181008375
-2.58455732654
-3.00609605921
-2.42577777888
-1.09416098412
0.423438319933
1.47989816149
1.63937860099
0.892828061075
-0.31665211454
-1.28615202465
-1.38442223376
-0.36929120577
1.46502545001
3.39201366087
4.57052218935
4.43217106868
2.95520229333
0.690568033892
-1.47781143636
-2.72910482896
-2.67195719888
-1.5081892207
0.0822664760063
1.27736543867
1.50666095694
0.713986977409
-0.633442617284
-1.78766804184
-2.09156934312
-1.29812403529
0.31303210897
2.06955502924
3.21706809214
3.25239559338
2.12359678907
0.215087824391
-1.85497107649
-3.51040375292
-4.42776554679
-4.592068418
-4.1972697574
-3.4729439162
-2.54892747927
-1.43528774062
-0.117963911096
1.30406877084
2.54341709188
3.18064173725
2.84446447276
1.42878028517
-0.12958917906811962
-1.8333707449984757
-2.9130328796532012
-2.791628581932045
-1.3502799721657084
0.9908263034399454
3.4258632479671007
5.091572365245483
5.4263373606843714
4.399106775966644
2.506343199123748
0.5423572046954632
-0.748015765567
-1.62671583758
-1.53488022199
-0.952822544917
-0.484855857571
-0.560507350415
-1.24034258653
-2.20980736536
-2.95228771163
-3.01026388012
-2.20867976026
-0.740205674491
0.918453154615
2.21210754711
2.73716978346
2.39636149526
1.41931212418
0.252126700825
-0.627877576207
-0.892913933949
-0.473315509363
0.437822697913
1.4743037781
2.24053460694
2.45712128697
2.06176760998
1.23562550434
0.346794860452
-0.174881485382
0.00324592161347
0.974293654173
2.51993772699
4.14795802076
5.24377822482
5.2947460429
4.10662254459
1.91970252271
-0.640091557537
-2.77650820563
-3.83113587222
-3.55888963397
-2.24514054958
-0.598158720563
0.551819432584
0.622728159091
-0.446464703464
-2.15284812108
-3.64911177877
-4.13499442375
-3.24259256854
-1.23081225358
1.11313320984
2.83048162837
3.24428338346
2.29337235315
0.579488719166
-0.907447325924
-1.26568694413
-0.136395123691
2.08488541624
4.39251567119
5.61587427822
4.96421370183
2.41646641563
-1.23188474895
-4.69491146887
-6.75067633819
-6.77106468492
-4.98430385593
-2.35179226717
-0.120233119701
0.7407510079
-0.0433908142431
-1.96419541865
-3.99968839958
-5.10237265015
-4.6713348934
-2.79267017418
-0.152053012022
2.31714333139
3.86553156391
4.2284453191
3.66234493992
2.72180492372
1.91042463632
1.39448157642
0.926198015801
0.009049197755
0.9042772619050652
0.842319224959553
0.2180406234518273
-0.228246531056
-2.42582670524
-3.18747434861
-2.54015022278
-0.993731158598
0.695196740842
1.85504910707
2.16812667533
1.75603426106
1.05525281662
0.558521316179
0.557160995987
1.0095048774
1.58998357056
1.88050397681
1.59782314852
0.739853879156
-0.417913765747
-1.46516700017
-2.0589347129
-2.08077510595
-1.67397038382
-1.1508265701
-0.825869839616
-0.863756328783
-1.21650925831
-1.67366060455
-1.98952006952
-2.01505824965
-1.76512307172
-1.390594208
-1.07719415512
-0.93015925353
-0.90826353745
-0.841544305851
-0.521588125417
0.184107919271
1.25263422331
2.49984681514
3.64867231152
4.43613848702
4.70828228591
4.46294407691
3.82945446987
3.00462912347
2.1806424525
1.49593543451
1.02088441856
0.768721436192
0.711795744866
0.788457759364
0.901196439555
0.920399497636
0.709708165581
0.175898935305
-0.674014905206
-1.69996443588
-2.64882189114
-3.23378157799
-3.24834807903
-2.66607833408
-1.67524381501
-0.622107583674
0.121972332999
0.315530851019
-0.0460437355173
-0.724688291981
-1.34382561737
-1.55971382285
-1.22300084926
-0.454370706866
0.404551869345
0.94644905278
0.890185535591
0.219810154601
-0.2720861709267268
-0.6767153490046383
-0.5961125719180558
0.13336828286820435
1.3395921295123117
2.561964395742592
3.2346126566582996
2.9315999326069573
1.570445700731014
-0.515281195872646
-2.6706563058814368
-4.14894720474
-4.79188293896
-4.03252841079
-2.17710291299
0.101976009634
2.00253393285
2.87393800099
2.4401973217
0.886465035832
-1.21708943211
-3.12100024337
-4.154989119
-3.948535862
-2.54157014641
-0.355388034854
1.95722290211
3.72526496264
4.46288095631
3.99909592142
2.49983723137
0.385922605246
-1.81639738734
-3.6379631793
-4.78953037883
-5.21077738497
-5.03940812358
-4.52161777449
-3.90282204488
-3.34025449824
-2.86692335365
-2.41462584792
-1.88049457398
-1.20536008906
-0.428796649513
0.303912560647
0.787572864449
0.838251506416
0.376964401656
-0.519630340033
-1.62540052735
-2.62980588803
-3.24016332649
-3.28322561255
-2.76646621004
-1.87366161755
-0.894536097079
-0.114644405154
0.291504108421
0.321285381427
0.133929278878
-0.0262858597456
0.0585483161715
0.481215571678
1.16569875957
1.89759114119
2.41539932679
2.52263610765
2.17124814402
1.47979305769
0.679431441387
0.0137779270259
-0.360469502791
-0.426530085961
-0.29177003218
-0.114784995923
-0.0151107946628
-0.0133447781877
-0.03279010311
0.0396425773104
0.268633514169
0.612228046189
0.928627439209
1.05194995245
0.901036445583
0.561413646761
0.287093279724
0.405598699846
1.16002265098
2.56074640573
4.32501744936
5.94841735688
6.89175585019
6.8081915524
5.70806344387
3.97933316045
2.24342829172
1.10234253534
0.886968059166
1.5212584193
2.56709772003
3.43213403161
3.64579649372
3.07460944416
1.97460205319
0.854974071576
0.217595239527
0.297944924756
0.934516377034
1.63362311819
1.80294399017
1.04481340091
-0.63079290053
-2.7777633851
-4.68786063938
-5.68981000459
-5.43699935065
-4.05279925349
-2.06949502865
-0.192804427834
0.997032640512
1.2715643921
0.81102996277
0.0777339315043
-0.423036480865
-0.376386150676
0.221193436217
1.09863312206
1.87187046634
2.24066391173
2.1225340721
1.66580690183
1.14885820026
0.828300251407
0.817739468456
1.05436723777
1.35931964422
1.5485652158
1.52979301122
1.33623256947
1.08879942692
0.918768317599
0.901204478307
1.03602044092
1.27898418816
1.59171468957
1.96872019302
2.41785156449
2.90665942707
3.31764574823
3.45893197799
3.14753589868
2.3347361398
1.20479100444
0.175342398658
-0.231799447336
0.386393970424
2.09310954994
4.50582453078
6.8788779601
8.36381494017
8.34786917657
6.72224048348
3.95184876469
0.902498112679
-1.50757999604
-2.68024256046
-2.5670630877
-1.65309023518
-0.706133269429
-0.412943351745
-1.07532741754
-2.50672645619
-4.1688616295
-5.46883820529
-6.05930130314
-5.98701779845
-5.61711750454
-5.37933787671
-5.47774957152
-5.7270802958
-5.61463352551
-4.56869138443
-2.30234575391
0.945963428481
4.41099806537
7.06006790842
8.00560486793
6.88357763084
4.02075718233
0.310596998904
-3.14626001697
-5.47167428759
-6.31575154288
-5.90890664404
-4.85536467847
-3.78615899084
-3.05046754271
-2.59454799435
-2.07498982957
-1.1309502039
0.33953879133
2.05204174605
3.42905114909
3.86950316664
3.05719873687
1.14920194232
-1.25534573823
-3.35622276583
-4.48951861737
-4.40174161332
-3.33392743942
-1.8829768871
-0.714322191429
-0.26690230982
-0.587166574499
-1.3588028685
-2.09684602871
-2.39855854387
-2.12527759917
-1.43448123825
-0.66274350197
-0.134443716486
-0.000988788941683
-0.188986268582
-0.471220291707
-0.608164838529
-0.475275488733
-0.107483276839
0.354869875807
0.776303690561
1.11970276768
1.46317448377
1.92852063524
2.56456709663
3.25875773877
3.73822113013
3.6731809535
2.83756125723
1.2460409595
-0.806224124592
-2.82833563655
-4.30798536142
-4.895932433
-4.51736750271
-3.36543436578
-1.79200842955
-0.159851715549
1.26727635751
2.34954497129
3.01793702911
3.19725750738
2.77270570817
1.63848332843
-0.18859207861
-2.4579420348
-4.65898607682
-6.12941517738
-6.28048797253
-4.8538745764
-2.09220128442
1.2708123725
4.22186139321
5.81261903865
5.50421135116
3.37086780287
0.0768458499255
-1.8743512370565867
-2.9778668563
-4.1217219996
-3.67941109988
-2.07023328509
-0.0218742452178
1.72169605349
2.65409272963
2.63172338149
1.84472139721
0.67416689954
-0.485396614599
-1.361153438
-1.85279574021
-2.00284305577
-1.92429075139
-1.73146706855
-1.50389543088
-1.28620827434
-1.10626832109
-0.98888126878
-0.953159413917
-0.998107576332
-1.09161627475
-1.17620521012
-1.19271188881
-1.10950489023
-0.939251271953
-0.731851095502
-0.546906796587
-0.422540573766
-0.360505528263
-0.337625055034
-0.336208745808
-0.372022676741
-0.497180002281
-0.769192086428
-1.19931913647
-1.71045481933
-2.13572743486
-2.2708727677
-1.96426681757
-1.20370175208
-0.153214209646
0.887852432071
1.59519680325
1.75486796836
1.36190677893
0.632865782091
-0.0797008234951
-0.436888807832
-0.261453067403
0.383422450832
1.22201019985
1.88948750355
2.09580058829
1.75604789278
1.02884978481
0.246235637836
-0.232517103951
-0.177512934862
0.413040123377
1.31280311082
2.1625967911
2.61739526088
2.48239453707
1.78422953211
0.753572197098
-0.267878881298
-0.95540515593
-1.11492648414
-0.743505682485
-0.0204125259198
0.763253092052
1.31049249711
1.42603675016
1.09313253097
0.49519775746
-0.0286718092588
-0.0882482827834
0.618353710529
2.17188445191
4.35446832003
6.6668767821
8.45270212013
9.10225705372
8.27189359734
6.03667997131
2.90814993971
-0.306077878008
-2.76260123521
-3.87148191029
-3.5037661835
-2.03209520209
-0.182628439722
1.24726973125
1.69470344712
1.03826974094
-0.375204583606
-1.89069544604
-2.82093167845
-2.72170061484
-1.55532372216
0.316216191865
2.29210621834
3.76824050618
4.34472137073
3.92629227372
2.69302622138
0.978640461352
-0.871137563238
-2.59212394127
-4.01684192083
-5.02950675868
-5.51175229946
-5.33015120557
-4.38562541642
-2.70123079693
-0.493726381415
1.82583360606
3.74489112345
4.80924670871
4.78423351057
3.74299373119
2.03650323789
0.153358964327
-1.47056653142
-2.60765411547
-3.28974774113
-3.73465593171
-4.18704924258
-4.75405644857
-5.31868601355
-5.57695238586
-5.18480337264
-3.94695709661
-1.95715741802
0.381078257862
2.47135162977
3.73524136104
3.83067787197
2.78663503306
0.997785726643
-0.918762319682
-2.34622166883
-2.8816200679
-2.45856999524
-1.33782488968
0.0215300097635
1.15179939921
1.74981628794
1.76911186093
1.40408218873
0.983710681873
0.825872097342
1.11334331946
1.83756054921
2.82423400521
3.82044484026
4.59991187826
5.04014405555
5.14200552602
4.9905895834
4.68355398723
4.26729285076
3.71620117706
2.96785213015
1.99697319811
0.887499971737
-0.143252935838
-0.796461380971
-0.812667421313
-0.116706220461
1.08086979822
2.28723016267
2.86004697865
2.23879792618
0.192841349011
-3.01788002136
-6.65297482365
-9.69543122499
-11.1930650844
-10.6167977134
-8.09436698143
-4.41511838537
-0.78571030317
1.58412495064
1.91330006888
0.13148377737
-0.40593511917735725
-1.26175681836
-3.93328013938
-4.96785311237
-4.25181663948
-2.33739137333
-0.17854081151
1.28172622763
1.49874253433
0.529194166233
-1.02815779335
-2.31984595258
-2.62397507405
-1.66830412592
0.253135147458
2.40884666884
3.94284764052
4.23459452867
3.15319705638
1.10277293723
-1.15307923312
-2.80706996395
-3.32859575202
-2.65709391688
-1.19558730069
0.382026839937
1.42003367983
1.54150569325
0.774754597056
-0.497744819872
-1.73413835565
-2.47901930527
-2.5510950524
-2.09434496893
-1.47748804301
-1.09391716954
-1.15681574304
-1.58433258992
-2.02824229189
-2.03492158089
-1.26781749247
0.308338305219
2.36686439952
4.31533693635
5.51444155142
5.53097984887
4.31916282398
2.25200328002
-0.0136740368722
-1.78523006716
-2.59372018365
-2.35807202821
-1.38739337934
-0.2238896177
0.603109307979
0.804150536789
0.439622708144
-0.132611209078
-0.444734643414
-0.154469801458
0.779469036099
2.0624325628
3.18648613909
3.65705980623
3.22365815339
2.01297917843
0.505672696913
-0.634551931106
-0.809046302433
0.290180409953
2.56315410952
5.53032183238
8.48484809748
10.7033506177
11.6381231116
11.0347960385
8.95797517923
5.74295682667
1.90850969694
-1.93918428594
-5.19857009716
-7.3623404629
-8.10689238941
-7.37063069263
-5.39386663794
-2.6887565011
0.0753890572593
2.25157295397
3.40347852264
3.43010051475
2.57024946993
1.27741701178
0.013554722773
-0.948538980693
-1.62301282175
-2.26055009406
-3.17105399681
-4.50471039015
-6.10274043454
-7.50176734321
-8.10507352717
-7.45232958774
-5.46600875145
-2.55502106773
0.484511424776
2.74115143231
3.52316155395
2.61607787459
0.354641235296
-1.1158256505546547
-2.3360219712115224
-2.63814795207
-3.17828254349
-2.69997062227
-1.65979002123
-0.576170041335
0.179406568627
0.48563279368
0.444490513838
0.263813707322
0.124822319035
0.103275714503
0.171805594009
0.261394633715
0.329859093248
0.389569657691
0.479994069565
0.610996830904
0.724846814493
0.714587101089
0.499351052882
0.115440349786
-0.238378311951
-0.246856386891
0.385970814882
1.7666478925
3.69383440483
5.66500178612
7.02813049134
7.22787029271
6.04356194365
3.71062225793
0.8629479937
-1.68781522068
-3.24668543082
-3.48023033798
-2.51117816667
-0.829938282976
0.928861963321
2.24088602958
2.86793271997
2.88976860964
2.59718493001
2.31322663689
2.23392927134
2.35878934648
2.52936055594
2.54040888229
2.25879561619
1.69213755466
0.983844440768
0.351342837785
0.00784188027833
0.104675134068
0.707702183062
1.79564490073
3.25836510919
4.88506576372
6.35667665461
7.27398695578
7.24680876372
6.03726918682
3.70775097184
0.697110853445
-2.24050188582
-4.24805457213
-4.67001725838
-3.33085011166
-0.659348133607
2.41829911681
4.79830835159
5.61523770321
4.58376095636
2.11678508591
-0.838848005387
-3.18573699713
-4.11725520766
-3.42864402466
-1.56748318941
0.589923261888
2.12784370866
2.46768051158
1.56723996093
-0.132332377002
-1.96615663915
-3.37239836867
-4.12466217664
-4.36586452743
-4.44542456794
-4.66181601552
-5.05682274864
-5.37526027669
-5.21270377146
-4.27160873137
-2.58585655528
-0.586259985908
1.04122279546
1.64689737386
0.921609438867
-0.935002027334
-3.26963810866
-5.23589912527
-6.14457678346
-5.74524745884
-4.31321656914
-2.50716139524
-1.06853086999
-0.503567877377
-0.890873939504
-1.89309896827
-2.95341913778
-3.57338636113
-3.53733408054
-2.98195988413
-2.28891520319
-1.86352138763
-1.91362798967
-2.33703287264
-2.76942619253
-2.76658353852
-2.03202777195
-0.582584929431
1.22463261464
2.81615295719
3.62272012219
3.30259452373
1.87622255019
-0.27851781832
-2.56274160079
-4.36595429097
-5.26617821139
-5.14895128716
-4.21000359628
-2.85245248012
-1.52646200174
-0.574862929049
-0.139040027667
-0.151460831354
-0.406403598526
-0.6718147014
-0.792719457183
-0.744031902608
-0.614567722849
-0.535027969386
-0.588111406239
-0.747651794688
-0.880859257206
-0.817560679913
-0.455478092642
0.152406141679
0.780482168375
1.10604472089
0.855104363104
-0.0450374673522
-1.3844678078
-2.71523704131
-3.52147774048
-3.45149576028
-2.50771920105
-1.0961156639
0.108067287604
0.437913459061
-0.458240713603
-2.42119117111
-4.79865116379
-6.68733069085
-7.30581351092
-6.33650741693
-4.07852901283
-1.33211223028
0.943918644914
2.0523158323
1.86356522564
0.862800262277
-0.0908526060848
-0.186365926503
0.930411692633
2.95527570867
5.03321400902
6.13449241753
5.53273664497
3.16808614259
-0.27194170242
-3.59453333402
-5.56254072659
-5.37467975273
-2.96204138125
1.01404119118
5.44234736952
9.1816908085
11.4343638533
11.9279387874
10.8636705215
8.70135762832
5.91554644968
2.8484018664
-0.288138678317
-3.30111100487
-5.89826357758
-7.66387642008
-8.16885608728
-7.16991603297
-4.7908408353
-1.57543936347
1.64002895965
3.99736189261
4.91776423612
4.30181622147
2.54080753076
0.339353418786
-1.5655910738
-2.66312854944
-2.79947670929
-2.14669318172
-1.05389086558
0.125743995464
1.14418102492
1.8677096912
2.21527152568
2.09616020859
1.41070260843
0.128632695256
-1.6010949566
-3.39037709071
-4.66860607221
-4.86279358853
-3.63465316018
-1.06275157589
2.33065288429
5.74103657202
8.37277631451
9.7330455976
9.79343155866
8.94412946806
7.76534926809
6.73038329391
5.98831602192
5.33320192393
4.37054665364
2.78973635796
0.595361032765
-1.82941294994
-3.86767469162
-4.95317876108
-4.85076713196
-3.787561334
-2.36309627179
-1.27805283247
-1.0137545087
-1.62040010958
-2.71746125902
-3.70246288071
-4.05939591408
-3.60915109119
-2.57659951913
-1.44541514597
-0.682375419526
-0.480298386247
-0.657967951384
-0.771915767395
-0.382092720938
0.669973144308
2.12216690044
3.37444302324
3.7620447472
2.88810689885
0.849446723439
-1.4428004375890566
-3.4529168576830642
-4.423596736653735
-4.016596091398924
-2.4465050173465244
-0.369462329780859
1.413779944020547
2.296364113919182
2.089319320384263
1.0388473763620567
-0.35017447590685435
-1.5792553948447363
-2.3707096906739906
-2.7306756875698284
-2.8474936110214344
-2.901123779694373
-2.90301578554
-3.04829334092
-2.67477971763
-1.61743055636
0.0104185293656
1.78490273601
3.10757793813
3.4539479587
2.61649431191
0.821208399625
-1.34453484224
-3.16395133405
-4.07669365713
-3.88783940904
-2.80867328816
-1.32071240864
0.0614481745051
1.00919765431
1.4786963165
1.65426444341
1.7825776963
1.99760758075
2.23576906754
2.28781639508
1.95725137429
1.23467931057
0.384994764705
-0.113852625526
0.233514972605
1.69484750741
4.13185156974
6.97997633889
9.4091119137
10.6070672888
10.0723449153
7.79770074891
4.27236560569
0.306508348918
-3.24749822122
-5.76616695046
-7.01879602263
-7.17498520838
-6.67167794013
-6.00744473647
-5.55081904081
-5.43226577233
-5.547440256
-5.65271161768
-5.50133029435
-4.96050136258
-4.06528739647
-2.99522315326
-1.99072995697
-1.24763469727
-0.833347792614
-0.657637614254
-0.509421017089
-0.146233302868
0.596852619348
1.72058958386
3.0327979462
4.193574106
4.82367488901
4.64040921387
3.57220051737
1.80768425634
-0.242712503734
-2.06303658285
-3.18720875428
-3.34031390282
-2.51848830896
-0.983800563231
0.818375518348
2.3865635756
3.29193752377
3.27275760453
2.27690193712
0.454028781889
-1.2573779768006546
-3.095349295771527
-4.659094425127421
-5.628668113922259
-5.84657201893792
-5.37316930977687
-4.489814165800681
-3.630462501672966
-3.2454880759354694
-3.633798228482462
-4.805511242905524
-6.4402944188014715
-7.977418216208818
-8.819833585142234
-8.578461758450771
-7.252583182733986
-5.2575377594441335
-3.271364504701765
-1.953793787205413
-1.65635864028
-2.83599968333
-4.36290165455
-5.50234836912
-5.67602593276
-4.73846509054
-3.05238995531
-1.31581205599
-0.213193644535
-0.0546653739336
-0.583906055252
-1.06375464737
-0.618603383999
1.31553787248
4.64578851426
8.55841276133
11.7892850455
13.126613355
11.9293647314
8.42769171175
3.66321413992
-0.912888407606
-4.01116125644
-4.99478656129
-4.07803609702
-2.15511956066
-0.351054083068
0.490574261487
0.147610666903
-0.95818640433
-2.04591822971
-2.41195813908
-1.79659581697
-0.502878570438
0.781733383447
1.36117948879
0.908238554116
-0.349401184334
-1.72906094416
-2.42989622434
-1.93995601548
-0.31254446376
1.8247079816
3.53490083811
3.98693591305
2.82745743306
0.340677623362
-2.67020651036
-5.21692915044
-6.51862308919
-6.28017835436
-4.74832608812
-2.54603490914
-0.383964361509
1.21025991822
2.03277593
2.17978657984
1.90803283848
1.47414293009
1.03772085271
0.659528729229
0.363585471068
0.197104299608
0.233200624235
0.508713730331
0.942374627472
1.30284054245
1.27448003373
0.611143455217
-0.693178722147
-2.31582557848
-3.67170655598
-4.13449965957
-3.32919668815
-1.36140672003
1.13882496674
3.20539783652
3.89733002954
2.68677516217
2.676118390649222
1.669663702753681
0.811923364301
-1.84486199624
-2.65929183924
-1.70190522942
0.339383181273
2.46699166085
3.78634799487
3.84733977047
2.77764344064
1.16745470302
-0.226742297803
-0.820037285751
-0.432853486434
0.668415718129
1.92303597491
2.73794933517
2.74029191433
1.91727695522
0.598301945965
-0.696464745385
-1.46676271941
-1.41525940675
-0.539688722809
0.885331089662
2.41395681796
3.57480582567
4.0070220688
3.55134564729
2.2807398573
0.471871929938
-1.47077446752
-3.12018199541
-4.13848910781
-4.36790978818
-3.87375896891
-2.92132643056
-1.88737759309
-1.13138892321
-0.870998782407
-1.10977604682
-1.64826660174
-2.17623331716
-2.40883849849
-2.20881904861
-1.64148938329
-0.938894180585
-0.390567159478
-0.211741597513
-0.449337512625
-0.96697337993
-1.51208703883
-1.82994000471
-1.76960755505
-1.33503567855
-0.664571512728
0.04158362023
0.603769778086
0.914516709921
0.942324778239
0.701124461748
0.218421377993
-0.46823054738
-1.28095302631
-2.06205232935
-2.56629728357
-2.51585803917
-1.71438635873
-0.175386423388
1.80409502597
3.68261254169
4.83824396707
4.80687024461
3.49670829795
1.27525816795
-1.13004328023
-2.8962298969
-3.43366419785
-2.63861742898
-0.951060893257
0.82145399651
1.8493747627
1.65075985831
0.320202382171
-1.49285251993
-2.85880915623
-2.98453468247
-1.59251869218
0.907413769956
3.53870147483
5.13095926513
4.79501530671
2.30290807482
-1.3588206842292152
-5.458951096989011
-8.657868364589774
-9.924787055558198
-8.901453233628075
-6.004024926372608
-2.236064185543313
1.1993372424024074
3.3275798612337013
3.706971303754173
2.5085782999230872
0.36798224837463067
-1.9057642494426261
-3.6341715206391285
-4.46988417739442
-4.436155930557618
-3.8214765737102283
-3.0012627537860794
-2.27470591903
-2.15808675044
-2.26128251336
-2.49373536865
-2.76804974624
-3.04264708048
-3.30874356691
-3.53990949871
-3.6442875742
-3.45779102278
-2.79358517247
-1.53150873573
0.293031679927
2.44594642637
4.52557747371
6.06584689724
6.6784040134
6.182915876
4.6770202997
2.51864031739
0.224629352607
-1.68094194501
-2.81863654568
-3.05627761286
-2.53045890428
-1.58253177126
-0.632767906552
-0.0360594228011
0.0323476558366
-0.376532206154
-1.02066565604
-1.56986176445
-1.7380257598
-1.39559196263
-0.619579102314
0.338392096495
1.15431073754
1.56410432282
1.47240947635
0.991895242391
0.394637191998
-0.00623174075656
0.00451794450471
0.444932687531
1.12182822
1.7117628186
1.90476071219
1.54874403305
0.729357198248
-0.253934497322
-1.00929518817
-1.22070405003
-0.78860362982
0.121758487786
1.14949443598
1.89726319376
2.1109541341
1.79871520182
1.23337156633
0.833856468175
0.976230745433
1.81798796531
3.21490172098
4.76900428437
5.98753656432
6.48268332464
6.12369211901
5.07510408888
3.70714210987
2.42256920991
1.48151616232
0.904732834415
0.497243453983
-0.0231657791404
-0.857619854589
-2.00108589309
-3.22220304858
-4.15912426442
-4.48697677279
-4.07824278201
-3.08014102105
-1.87121506869
-0.914577521601
-0.57180611027
-0.958212349904
-1.90038733941
-3.01088301632
-3.8444561737
-4.06818613973
-3.57697126152
-2.51431057478
-1.20075189397
-0.00886724608424
0.761094058045
0.960322078019
0.607029845216
0.27526125584871863
-0.2504665602612306
-0.7583702859249684
-1.0828423310611868
-1.13132052565
-1.29576227326
-1.25443993041
-1.15523706739
-1.17929208211
-1.48180711476
-2.12403523547
-3.02363444804
-3.9533933041
-4.60403828697
-4.69869262044
-4.11722622053
-2.97444017985
-1.60771800034
-0.46603409728
0.0618425172033
-0.191392955512
-1.09478223841
-2.26765829943
-3.23877889239
-3.64853992217
-3.40313420346
-2.70842631717
-1.96583403823
-1.57760233695
-1.75301482061
-2.40788056721
-3.20540705711
-3.71809006682
-3.63102372965
-2.88677397366
-1.70142558337
-0.446425433513
0.541138247357
1.12087496409
1.39963992603
1.64456330291
2.10593476354
2.84687017455
3.67597468674
4.22702059125
4.15170790901
3.32802994264
1.97177468221
0.582374921257
-0.263409158309
-0.176639211286
0.84911308895
2.41438264757
3.88154322867
4.65910600188
4.4678489609
3.45970750778
2.13099031251
1.07306622223
0.685422903767
0.995857223776
1.67892458782
2.2623414196
2.41271466657
2.14756213256
1.85472436725
2.09796397457
3.30055885394
5.4690923142
8.10909959767
10.3943257017
11.524288756
11.1036164102
9.35396358156
7.04073919619
5.13141375233
4.33607080721
4.74790245539
5.76547071982
6.35256101662
5.5323365594
2.8951769623
-1.1186692349
-5.30779559307
-8.15229923493
-8.43237981515
-5.7607576546
-0.798129371356
4.94592973063
9.64872376195
11.8289687221
10.8580662203
7.13392119123
1.86908535051
-3.39743924975
-7.35419132486
-9.32048687151
-9.36594486989
-8.1422718346
-6.53764583014
-5.31670144198
-4.88570082784
-5.24441208966
-6.09671906363
-7.03321773066
-7.69227320656
-7.84409701501
-7.3972443807
-6.36653876701
-4.84716029423
-3.01457761408
-1.13489062921
0.450095533808
1.38991102516
1.43807697707
0.566443064739
-0.6591983502767818
-2.0905709524486014
-3.186297024638918
-3.53332567252356
-3.0113389014451144
-1.844048750962088
-0.5073854717619071
0.47094741862191825
0.7348831546641605
0.24815083671875016
-0.6979575589779898
-1.6187995408545817
-2.050101231560376
-1.7443003454355903
-0.763552893114
0.166040808082
1.01250510542
1.42692257177
1.28053215113
0.691595353686
-0.058604621344
-0.670053862578
-0.954357318762
-0.890951087152
-0.591507857113
-0.203155408551
0.189317718656
0.605397411143
1.13135992574
1.82528018605
2.62046235976
3.2881816971
3.49346184928
2.93111815261
1.48584442256
-0.659024340236
-3.02406875641
-4.96329654464
-5.88163568838
-5.46018808508
-3.79933517452
-1.41675077723
0.909028607408
2.39946748852
2.5494283215
1.31322778369
-0.867121780505
-3.20583839527
-4.84156334635
-5.13637327553
-3.90006847523
-1.46016444136
1.44714377755
3.92581575359
5.21955276106
4.95572781131
3.2488491061
0.631351005645
-1.7246177433781043
-3.5718736864704965
-4.5180615039010945
-4.560093229475015
-4.033352757627213
-3.4384881344530953
-3.2223531635858222
-3.6025716452534056
-4.501267181257475
-5.604281967805292
-6.509594499628662
-6.8951269673256235
-6.634878984125365
-5.821635783272171
-4.699151228781247
-3.5454932033751874
-2.5650748265823466
-1.834609674296459
-1.3163607623505982
-0.917913678998
-0.981645860728
-1.05091732718
-1.13211041188
-1.23312777186
-1.3255616517
-1.33546259823
-1.17138317334
-0.773783175354
-0.155060469317
0.596513470896
1.35474589465
2.0153345721
2.54223319297
2.97052703691
3.36003133077
3.724192628
3.97783515755
3.94243934527
3.41915829671
2.30137252304
0.670890033029
-1.17841591829
-2.81548844344
-3.82374644163
-3.96624396413
-3.28793433817
-2.10296308272
-0.8668576212
0.0115801226038
0.333405305922
0.172677654076
-0.188166370959
-0.416960474022
-0.305323942325
0.128390879645
0.655843485884
0.963513712009
0.819584111672
0.196723551027
-0.711101681422
-1.58363242739
-2.12862213971
-2.21303586532
-1.90321200997
-1.39721626366
-0.892861748551
-0.471115614092
-0.0660821753188
0.457290268568
1.16171133444
1.92005992779
2.40571913209
2.2208511334
1.11489825963
-0.815327446441
-3.06114419592
-4.83596401896
-5.37552612259
-4.28194319174
-1.75079565926
1.44129542202
4.2087065482
5.58714135363
5.13853767344
3.14601354306
0.500436536975
-1.68303144758
-2.55492670369
-1.91032020169
-0.283332989377
1.29046464229
1.74162030784
0.456520230028
-0.049187993491713655
-1.3130904768664067
-2.133903564230863
-1.46361185918
-1.22890118547
0.617747905545
3.11509081424
5.08180805323
5.60387616471
4.38840249929
1.84212457109
-1.1404215859
-3.5683810474
-4.74659125265
-4.50460384545
-3.18556607677
-1.43024832986
0.123306794157
1.08251261209
1.38910996868
1.2426372503
0.926255981208
0.638999957255
0.418712438998
0.179888905519
-0.174946012302
-0.648190139838
-1.11277576464
-1.37159205728
-1.27489571028
-0.824898418224
-0.202479610575
0.306254267242
0.449719724618
0.144248852339
-0.471753856144
-1.09658390997
-1.41213444308
-1.24675711258
-0.670713383583
0.0276108299667
0.47753801323
0.409817444221
-0.202003472477
-1.11430384094
-1.91739826935
-2.22387233577
-1.85201522063
-0.915685743904
0.224459593091
1.12751381905
1.47904384101
1.24006688737
0.666326079491
0.186142663768
0.191464910452
0.83826438547
1.94987622339
3.07139078848
3.65553549668
3.30122194962
1.94147956557
-0.101664273249
-2.2213608485
-3.74816088157
-4.20057864955
-3.46405704335
-1.82962706411
0.118319614414
1.7158736346
2.44879138035
2.11032531516
0.835014048683
-0.14435292042884385
-1.2068434374368593
-1.9719776359290933
-2.2567124406343027
-2.0892360825484104
-1.6364121899001418
-1.0886402802770476
-0.558455991041
-0.944482392074
-1.23344081279
-1.30035736639
-1.08410196939
-0.635571859922
-0.106676857758
0.313984928964
0.486813938919
0.385902052633
0.110319499083
-0.164812590451
-0.274974139934
-0.148969191871
0.153590004266
0.47100778858
0.623951147367
0.517010342194
0.20752244959
-0.0962830640351
-0.114920300746
0.374309360283
1.41572031691
2.816965294
4.18715582928
5.06417346516
5.08444043411
4.12731746944
2.37370050418
0.252007485203
-1.70938460662
-3.0657066684
-3.60333583708
-3.39495861737
-2.74484270378
-2.05164847322
-1.64794250818
-1.68109983158
-2.07856026528
-2.60239426864
-2.96135525087
-2.92888952698
-2.41998292687
-1.50379942902
-0.359735095067
0.793132010593
1.75859399412
2.39612868349
2.62351368661
2.40585091685
1.75122821785
0.72234272567
-0.21105233629366182
-1.1678689622538911
-1.8859089829375364
-2.1254516346128725
-1.7591482352772374
-0.843226029994085
0.36968595603126175
1.4959061890297392
2.1501847381286012
2.092877322625924
1.3337807104887958
0.14399370189858018
-1.036715387538095
-1.7647102327950677
-1.7638091106880722
-1.031748446165821
0.16373339918646934
1.3977955030875364
2.261701804039049
2.5215191745425045
2.1947359774016775
1.5149096358053242
0.8054479330074997
0.32442367334620315
0.15392223855818088
0.18436217228146745
0.19735544343797073
0.0022577295533636743
-0.44509124066847505
-1.00456284171
-1.64574556196
-1.90482276315
-1.71218121381
-1.23532333954
-0.82993651746
-0.881678274585
-1.6050406353
-2.89405709662
-4.30489313754
-5.19636967345
-4.98361288256
-3.40382663816
-0.678271885406
2.50971909791
5.22737926129
6.62161746491
6.2371773736
4.19506337052
1.15550143427
-1.92386322133
-4.14000779248
-4.96672827359
-4.41942893773
-3.00070692339
-1.45622348717
-0.448364192501
-0.286754951125
-0.82668309509
-1.57150125487
-1.9260649346
-1.48396790371
-0.21951510638
1.49945327974
3.08015971135
3.97562935973
3.93305547228
3.10629990812
1.98115087246
1.14719099042
1.02019492473
1.64234148839
2.65348159682
3.45019013757
3.46434709748
2.43752018116
0.566535211513
-1.54968824119
-3.14531836359
-3.60739329122
-2.74353092162
-0.880599684001
1.2520780614
2.81025507547
3.17559521894
2.20920401471
0.313219046051
-1.72466068023
-3.03966877182
-3.02606031173
-1.56672370603
0.931380891246
3.70303707945
5.91843566108
6.98397904342
6.73333614872
5.44272213362
3.67891580348
2.05476963771
0.998154746316
0.625775725792
0.762103449125
1.07955164598
1.28661186992
1.27569931977
1.16602449135
1.22660870586
1.71814552974
2.7271390064
4.06817657909
5.30094604338
5.86111649628
5.25833508973
3.26820276802
0.0471804356665
-3.87259367742
-7.70956757869
-10.6409313357
-12.0286119949
-11.5961212596
-9.50678875774
-6.32420936872
-2.86860922574
-0.00923374150024
1.55286454054
1.45687095417
2.423356977577484
2.259219301210507
1.70043620268
-1.1582126491
-2.93975846917
-3.30582855433
-2.32840142323
-0.455056162478
1.63904935206
3.26867349561
3.95647448699
3.57890905412
2.38919636291
0.908022340439
-0.27986813604
-0.749246008762
-0.394679960369
0.533860898116
1.53479641345
2.05889081652
1.73414906147
0.522886093263
-1.25214517658
-3.02433704076
-4.19755782616
-4.37409344723
-3.50653173459
-1.91442201058
-0.160628898966
1.16217356129
1.65003032882
1.2267352183
0.152886438433
-1.09255727202
-2.00600037511
-2.24938739086
-1.76406891709
-0.769989130799
0.341071375175
1.16936222423
1.46151754324
1.19825477064
0.58853233091
-0.0197273039949
-0.273450539835
0.0571353201592
0.997355208595
2.35556299666
3.77693633484
4.84302104761
5.18755296557
4.59895727067
3.08549864298
0.887476789603
-1.56896667957
-3.76976491338
-5.2423234416
-5.68390436296
-5.05071331296
-3.57528310312
-1.69908355119
0.0641632214824
1.29129688264
1.78095285352
1.6028283886
1.04385705088
0.471237117883
0.168145095322
0.212085312074
0.449968418335
0.583086930558
0.326058478205
-0.431592276801
-1.53731444007
-2.60735811246
-3.1728902358
-2.88277974733
-1.677105085
0.145840265133
2.00351302008
3.22007103609
3.2616008711
1.92491780305
1.0418003719030224
-0.4874777123716143
-1.9723542404152994
-2.77855132287
-4.0661311336
-4.17994141962
-3.31810196429
-1.86857390306
-0.280570866844
1.04777576626
1.84035378946
1.97098518756
1.46119589953
0.461264264208
-0.78100443433
-1.96779146491
-2.81826229383
-3.14657164826
-2.92691856863
-2.31406576826
-1.5969633927
-1.08917045329
-0.991996898616
-1.28797512212
-1.71930511142
-1.87512301361
-1.36386005648
-0.00384832538494
2.05164764201
4.31854254086
6.12725409418
6.8600395695
6.18771248302
4.20832347481
1.42806465395
-1.4108101725
-3.58706388259
-4.64057770023
-4.50334327322
-3.47760988484
-2.08196064411
-0.83785485662
-0.086410248377
0.0970881042687
-0.127905022705
-0.482835562478
-0.707976067102
-0.661875740523
-0.349777363154
0.113773204379
0.575086916095
0.905271715036
1.03382579589
0.95141745064
0.698590492778
0.358356363969
0.0572575490139
-0.037569240284
0.254898267796
1.06916516938
2.41243496652
4.09988226326
5.74963764606
6.86376193783
6.98407552318
5.87116769062
3.63253765651
0.73616190926
-2.11185770565
-4.18959649794
-4.99940186606
-4.43117522635
-2.78324128551
-0.633951350444
1.38050850672
2.78907791461
3.42065800605
3.40504984102
3.05536110727
2.69745501941
2.52848947061
2.56359245906
2.68086098453
2.72576837775
2.61113427249
2.35901036449
2.06855752083
1.83760448126
1.69113337002
1.56387212952
1.35040384547
0.993895498346
0.557780539476
0.229457309901
0.24027836905
0.733890437658
1.64960600546
2.68888346749
3.39769657383
3.34130316729
2.2982760949
0.383435710224
-1.96468834014
-4.13728377193
-5.5899879344
-6.05914363647
-5.66424318514
-4.8493865623
-4.18694823519
-4.12722868286
-4.80124013614
-5.95983754134
-7.07274037318
-7.54297445584
-6.94598447461
-5.19710636943
-2.58609211979
0.325067227408
2.89111702886
4.58189811719
5.11972557174
4.51929544412
3.03587185966
1.05884049002
-0.6102502764208708
-2.0234869549310446
-2.956366457567441
-3.3136896810334804
-3.121332076615033
-2.5059187706739863
-1.6637910479311415
-0.8167972876140226
-0.156897058909081
0.2083795216567097
0.2896524206723541
0.210411428967
-0.323971825509
-0.656613928144
-0.698973360678
-0.48498448356
-0.151653619206
0.128643174528
0.232410443214
0.144356430793
-0.0386639780768
-0.162264154995
-0.100713911712
0.16971733778
0.549684626703
0.861572116383
0.939756577906
0.721055130347
0.287729996219
-0.16229788193
-0.407018196066
-0.310436504392
0.103473437229
0.651764625118
1.07125077249
1.13929778208
0.779337003691
0.100102577172
-0.65081456547
-1.19711944856
-1.35502742156
-1.10819383095
-0.602545684824
-0.0670560400024
0.297424064118
0.404979869681
0.305428280905
0.133061533684
0.0153620701344
-0.0056562730849
0.00548811472885
-0.0729718469718
-0.327686532615
-0.728574352893
-1.11004518086
-1.23651880492
-0.928676783443
-0.190216084501
0.733719630925
1.40914953339
1.36922797348
0.314290163248
0.9998860047192863
1.0817078863933034
1.19844159597
-0.699531557057
-1.45071240622
-1.00716354538
0.258667051265
1.69589299667
2.62831408254
2.61761257716
1.6305100066
0.0428412627622
-1.51984398301
-2.43926013338
-2.35453418015
-1.30568707125
0.284552054354
1.77977519965
2.57936858013
2.34844696332
1.13940658699
-0.637961713503
-2.38010355289
-3.51838877645
-3.7225885142
-3.00369151452
-1.68401248365
-0.255794295789
0.809038562606
1.22140954831
0.950816596258
0.194982125888
-0.731393514161
-1.53320666411
-2.03687286281
-2.21950643219
-2.16436493021
-1.97641421057
-1.7084365657
-1.33900180244
-0.813552310165
-0.123644144113
0.624724994252
1.20173648975
1.32393095579
0.782677932328
-0.42642548585
-2.04162319881
-3.58623911119
-4.52961222146
-4.49981096597
-3.45674171946
-1.740717368
0.0404489499662
1.25154017172
1.50002159303
0.815203251101
-0.35358916429
-1.33359579244
-1.5435723621
-0.787999458724
0.611649853339
1.92717299626
2.34738801118
1.38369108016
-0.826210407003
-3.47146876471
-5.33029798058
-5.25695915082
-2.69909003297
1.98087074238
7.53947260003
12.2577596115
14.5748669629
13.698504917
9.93656650396
4.59996072604
-0.497947619784
-3.74857197488
-4.37240046092
-2.69909937588
0.0169980858131
2.17109133568
2.53000315265
0.794273850809
-2.24302359782
-5.01480342663
-5.84739994417
-3.69890539226
1.34245322875
8.01281690962
14.3058034985
18.2125871895
18.4723209827
15.034611134
9.05586737515
2.44105838604
-2.87784449377
-5.63845496125
-5.65311849793
-3.7826945345
-1.51436454674
-0.330276966644
-1.12272161051
-3.87620546684
-7.71874725654
-11.2965248748
-13.3077123018
-12.9857298428
-10.3594994364
-6.21582555867
-1.80348871477
1.59429851887
3.06102232664
2.29151109671
0.8492378283808222
-1.6968881895364945
-4.372789794869348
-6.333434639971713
-7.084390065188487
-6.565077597912577
-5.087681770347956
-3.1701811024486233
-1.329394003689174
0.09497929629
-0.195235748491
-0.796958124454
-1.39490967328
-1.69270178458
-1.55190965803
-1.05636631981
-0.473938713218
-0.130104086386
-0.246714231361
-0.818518711444
-1.5887996526
-2.1455173264
-2.10558032132
-1.31029154935
0.0588211174924
1.50801900401
2.40848085365
2.26028084345
0.934932370275
-1.21336276049
-3.43021113906
-4.82070797693
-4.69202366314
-2.84264196801
0.323783224161
3.91498887594
6.85914317057
8.28854784465
7.84779971209
5.80579856671
2.93050616978
0.181320306849
-1.65403209458
-2.23278261705
-1.73697748268
-0.738958859
0.0805743175802
0.238436141464
-0.348036215871
-1.33906099826
-2.13215180038
-2.13067449124
-1.00853563528
1.13438657845
3.78345630843
6.1778087839
7.56862875946
7.47098729282
5.82163081773
2.99388204554
-0.327212168425
-3.36042025928
-5.46005748214
-6.29017339086
-5.89115656141
-4.62581518323
-3.030410706
-1.62465802664
-0.745497299408
-0.459530197638
-0.5811476007
-0.785860217791
-0.773400731725
-0.415528459212
0.17222768843
0.667033549737
0.6721182477
0.6755730102937463
-0.1461457731350606
-1.5325402970859017
-2.9912039132370865
-3.9668508732425636
-4.04087379942365
-3.0793582004149584
-1.2693895975431388
0.9673748634173336
3.140971208600291
4.863082131924031
5.947999777845837
6.410293165641775
6.378713273613613
5.987385206903241
5.312521688763596
4.391370348330966
3.306366059752051
2.271163509620081
1.64394787967
0.544179904142
0.513041045129
1.47250417501
2.9261644295
4.06326903613
4.04404240649
2.36626810131
-0.846685367145
-4.78543639193
-8.18563300123
-9.7875671109
-8.84965808235
-5.49886990361
-0.7543363978
3.80831197823
6.63043392004
6.75241045071
4.16426026467
-0.220647336072
-1.0159449798983218
-0.761137843314
-2.05961220704
-1.49997758501
0.176325145822
1.90010788393
2.77292552707
2.43703308005
1.16305969297
-0.35887091292
-1.40079623943
-1.5558061245
-0.904021343114
0.0788851107469
0.804437279859
0.888497023647
0.338224181217
-0.480191278302
-1.06468363111
-1.06481955464
-0.47766339288
0.351504448765
0.921673447488
0.857083855049
0.125263656605
-0.926263734293
-1.73787000158
-1.82607088256
-1.04379672692
0.323162634536
1.67671160606
2.38681316243
2.09302635084
0.877618864525
-0.774512020708
-2.20673952463
-2.89547358118
-2.67775133957
-1.79350109341
-0.73102456331
0.0357834860086
0.278251752075
0.093993511557
-0.196013155822
-0.268696829585
-0.00980297404597
0.40716153904
0.62204846351
0.316568113304
-0.556570535622
-1.67744462736
-2.46334869412
-2.3361064108
-1.02414865574
1.2557381189
3.83935576179
5.87331194406
6.67597142839
6.03173664267
4.27763555043
2.14001056241
0.399759474949
-0.452956919911
-0.41050617874
0.100344964216
0.473667894513
0.252883758073
-0.633837125528
-1.84641122146
-2.82103638858
-3.07156384072
-2.44663829746
-1.21120802906
0.086352990611
0.889470576083
0.907097158267
0.245668071418
-0.664942129977
-1.3075534441
-1.34840892636
-0.799396837441
0.0113043632744
0.639592005886
0.783976027388
0.457699236393
-0.0238594516912
-0.238127634535
0.0719008730343
0.800438960282
1.47803262593
1.48805320129
0.404363700378
-1.719842734
-4.27181256516
-6.2740697419
-6.78759605327
-5.34845861973
-2.23443800649
1.57373895251
4.73702043646
6.06973377036
5.00154446655
1.79281627603
0.2428116219355445
-1.1888977159742922
-1.39614695635
-2.66289396458
-2.32196208895
-1.05837196132
0.267679359594
0.994731413389
0.89122213092
0.163643087385
-0.728810704393
-1.33946186462
-1.44413715948
-1.1058390628
-0.586874136383
-0.177335479367
-0.0411158183015
-0.157351348341
-0.373995853178
-0.526824965804
-0.545595203885
-0.483961799954
-0.459775795303
-0.547704167303
-0.695293883075
-0.720627018558
-0.402269396578
0.383008628593
1.55131114987
2.79851175513
3.70279685183
3.90215972366
3.26403815087
1.96316546165
0.425143844735
-0.843004446225
-1.45967175561
-1.31918035965
-0.61919626877
0.243492491508
0.856566981669
0.968771150392
0.581025751146
-0.0822447553827
-0.698409479552
-1.00282118511
-0.90178249093
-0.495380413621
-0.0100636576526
0.317142765141
0.343572052287
0.0690615402548
-0.384761306867
-0.841148679346
-1.13996038268
-1.17986216728
-0.920525205642
-0.360531846323
0.480756796626
1.5569496136
2.76607545513
3.92435895949
4.77450238771
5.0466151586
4.56027216157
3.3266825698
1.59790600561
-0.175190863925
-1.47717475222
-1.91184591623
-1.36411977383
-0.0696147407365
1.4456084803
2.54115118761
2.69191149402
1.68488249
-0.292513413562
-2.70710837077
-4.85798617518
-6.11265674798
-6.11705228771
-4.90785766799
-2.89356093561
-0.717504495086
0.945521921801
1.5903592298
1.0184809683
1.9025051151800199
2.13843407638
-0.177855823977
-2.0434529317
-3.09239226521
-3.20945008307
-2.53042785585
-1.36879641845
-0.0975970364882
0.971675770155
1.67216155412
2.00039384488
2.0690531747
2.01802983913
1.92526938732
1.7593038
1.39743824487
0.703616709314
-0.369431482373
-1.70440287563
-3.01324180355
-3.91517238953
-4.07513690501
-3.3478291097
-1.86399220496
-0.0153294518691
1.66479627714
2.68301001323
2.75949129566
1.92405492884
0.496375800443
-1.04016855314
-2.21792862818
-2.74438183559
-2.58000016518
-1.91086467834
-1.03836405743
-0.24169719209
0.324798172667
0.65955402763
0.865485663641
1.05991724413
1.29348828493
1.51914324254
1.62305662685
1.49623998039
1.10546447706
0.524546180691
-0.090318671628
-0.56717306727
-0.791002052996
-0.744480053272
-0.49698678626
-0.150761723167
0.223378365275
0.622645507962
1.09862370976
1.69955986139
2.40161450498
3.0721355643
3.49481163841
3.45553018061
2.8539740273
1.78685366121
0.555241506641
-0.420419666313
-0.751814563323
-0.241180375354
1.02155813929
2.66913314398
4.17684405811
5.04710415835
4.98489055262
3.99315136128
2.35093689713
0.4870379743
-1.19386488421
-2.45673550843
-3.29247193627
-3.86572457167
-4.38464268285
-4.95810627436
-5.510890895
-5.79974852712
-5.52608980276
-4.49526708921
-2.7490719837
-0.607606821931
1.40498169658
2.72629665601
2.94862481746
1.96254508477
0.40089233679800884
-1.6573779399063255
-3.6323414820240885
-5.028182888196881
-5.563396385267012
-5.211494537421203
-4.15275027453707
-2.6733310277144255
-1.0633383703175383
0.4452864921632056
1.6886677331523288
2.547057731571229
2.921897786814128
2.7428694492581798
2.009722885263585
0.8451307754966706
-0.481279099898
-2.07744389009
-3.07192691541
-3.21182124946
-2.48899045964
-1.17178836218
0.271903407054
1.34031253789
1.68895868421
1.26670226786
0.334557966387
-0.64627843959
-1.2130957327
-1.1025285127
-0.365426186942
0.656367892702
1.48290607022
1.71240667913
1.20578258776
0.157856901128
-0.976385392972
-1.66852403308
-1.53579490448
-0.499757944524
1.17959328916
3.00321791624
4.41883155449
5.01400003817
4.64169933984
3.43911318183
1.74836509149
-0.0146925456066
-1.48602808226
-2.43142424692
-2.76578320421
-2.53047204837
-1.8566372827
-0.934380947666
0.0106052909147
0.745577315137
1.07659091803
0.908326741525
0.294503712689
-0.554135277968
-1.32638315284
-1.72417775066
-1.59165748314
-0.999145731469
-0.232018396342
0.326045784757
0.37393027992
-0.142100362431
-0.96304252422
-1.59639175141
-1.51997238742
-0.428166665011
1.58991313545
4.02858982985
6.12299113356
7.12858155809
6.60857046259
4.60802725113
1.64139686622
-1.49890945805
-4.02862088044
-5.43143615874
-5.59067769948
-4.75478384569
-3.37515934283
-1.90682759014
-0.666146499433
0.202873067528
0.666252685659
0.704862462568
0.259998537937
-0.22171198365685996
-1.252733565893621
-2.6587285112385217
-4.079254473615336
-5.0604375624733535
-5.232180884088677
-4.488586446272365
-3.0746639279135053
-1.5190728123680373
-0.4261180602506158
-0.2140228105899098
-0.9215652859382715
-2.1804314878178417
-3.3750583198419832
-3.921067223113411
-3.5328124171441857
-2.3518453494786655
-0.8727809121915158
0.29929018494009085
0.7429474210211566
0.42292970431421395
-0.298090322851
-1.56060944236
-2.14719878638
-1.88266035729
-1.00372032435
-0.0381750953848
0.463962643162
0.214381872654
-0.65544222838
-1.64141208595
-2.09846807001
-1.54676796673
0.0923264518539
2.43952911789
4.80240144535
6.44963770948
6.88731392575
6.01767898429
4.12522213415
1.7197060118
-0.672069828369
-2.66416086579
-4.06026848524
-4.80294551172
-4.88711485611
-4.31269585684
-3.11459439148
-1.44768954506
0.343019149545
1.74122628998
2.19676154352
1.34091674087
1.3100837672642172
0.4299473478920959
-0.515892742138
-2.58779380255
-3.30686811191
-2.58615255402
-0.857838249397
1.11481209641
2.55976219801
3.00808998413
2.45722507243
1.31951799368
0.192499480985
-0.430857502483
-0.371873542967
0.196521652149
0.886529242337
1.32124095383
1.32574185229
0.98718860265
0.563864349051
0.306438000955
0.299927248984
0.418617173105
0.418489897427
0.110632163525
-0.490019328699
-1.13534636161
-1.46281547359
-1.20529716614
-0.376922751246
0.676530487882
1.40800603592
1.32956264674
0.27682153711
-1.46139653714
-3.22745290781
-4.2680416171
-4.07390156337
-2.62468301886
-0.418123529941
1.73532956974
3.05800983586
3.12827579695
2.03099558442
0.270647304401
-0.48461020118689646
-0.7681030486752292
-0.4691474214366025
0.15529969729388426
0.6782590290207366
0.7796983991458148
0.4513397578399889
0.0197132070321
-1.08313715686
-1.40961275332
-0.899039051601
0.127556440823
1.11426510157
1.54437849004
1.19902496691
0.264078189872
-0.772418710584
-1.38026764451
-1.26901919657
-0.543226000507
0.352394087004
0.871469607084
0.664285205556
-0.221755265472
-1.3486409302
-2.10372645317
-2.01765739942
-1.02064961809
0.49862846587
1.8685645329
2.46165219824
2.01061453687
0.75313315061
-0.671596592837
-1.52748581527
-1.33881116863
-0.123737500409
1.61196111227
3.11853686221
3.76334362136
3.33165770042
2.12006863587
0.778455696478
-0.0192843628297
0.0878678215568
0.969172810974
2.06755863219
2.67520926906
2.28337846821
0.83667637008
-1.22890110787
-3.17904370814
-4.31022820361
-4.25878250951
-3.14898899934
-1.5199251972
-0.0752614079683
0.62205533446
0.372154286814
-0.612041586365
-1.83243581132
-2.73688732032
-2.94380100203
-2.36814224322
-1.21359579767
0.141158282336
1.29529912757
1.95094729847
1.97431073624
1.39582299524
0.376681520815
-0.831272424718
-1.92398889777
-2.59244709527
-2.59173534929
-1.82731028904
-0.427405962527
1.24431689394
2.66944962866
3.34270904556
2.97169461792
1.62201558437
0.10029457899933902
-1.3038337972693057
-1.966424006535135
-1.5666825683120607
-0.2405833300302902
1.4567714923743722
2.7742519805069463
3.0812139038500703
2.138412035303574
0.20123495626023669
-2.091865244248325
-3.994457011110029
-4.964420952456351
-4.871750837628184
-4.011879253496232
-2.928127139590231
-2.1366901202984963
-1.8901233848856975
-2.0907277532707838
-2.3870382183816474
-2.394528223697179
-1.9216180075750344
-1.0832686821008224
-0.2449102802743255
0.17237947285246946
-0.07645838544807759
-0.912207008527
-2.25501005919
-3.26151186036
-3.50222531579
-2.85071085724
-1.54264814402
-0.0671196139205
1.0553167998
1.50049898013
1.26805828358
0.654009734736
0.0901248351514
-0.0665206047439
0.307941620083
1.06776076413
1.89017679387
2.44193905552
2.53402144447
2.19235822155
1.62000961264
1.08144010968
0.774303164352
0.752602456893
0.931398623579
1.15768254429
1.29956411131
1.30265118309
1.18774137303
1.00158257748
0.760411189449
0.428566350918
-0.0491855546898
-0.678858036072
-1.35631805918
-1.86055603323
-1.9217490562
-1.34392401427
-0.127611100739
1.47116359306
2.98627658786
3.88660491258
3.76923882784
2.52321460275
0.393903893169
-2.08305278146
-4.25647158649
-5.57714349446
-5.77567276406
-4.9352437977
-3.43645658038
-1.80104995077
-0.498115435225
0.21319517904
0.348626054678
0.153475180778
-0.028773212799
0.0814304693551
0.571510453813
1.29278945602
1.918629675
2.08369518828
1.55134795713
0.342498520389
-1.23030145639
-2.64709295223
-3.36190020636
-3.01907060478
-1.62150214277
0.422185334619
2.40368500861
3.54800874812
3.29350062125
1.51286218995
-0.7961102891203069
-3.482965104107123
-5.651105718409852
-6.593045847844337
-6.036224058710943
-4.223160832179346
-1.797119883204644
0.45643104378747523
1.9048134668515786
2.281056408247963
1.736232956298835
0.7246843789066162
-0.21358825590462516
-0.6712229892027182
-0.500890402656
-0.456948048951
-0.147078712272
0.178424962069
0.379255587562
0.446474896376
0.446216412379
0.43606439939
0.414372989742
0.336071352665
0.181804742461
0.0285678383353
0.0630020908257
0.509181250178
1.49518036724
2.92745379717
4.45172504107
5.54416227189
5.71181079245
4.71916774393
2.73233985563
0.300475277615
-1.83392820192
-3.02218603076
-2.96907760908
-1.84682034008
-0.209462444789
1.25412665767
2.01506170455
1.91192622329
1.17930717348
0.293082104223
-0.283808453143
-0.326219230389
0.0668733836558
0.559931155639
0.787863503577
0.568242117512
0.00493625408174
-0.570815839207
-0.788361672703
-0.451756621297
0.337527897064
1.21910412229
1.75767161761
1.67834009801
1.02904470069
0.180684226063
-0.341928394507
-0.117483102973
0.954329590961
2.58563853608
4.21923614787
5.27566426799
5.40642877937
4.62918838891
3.2820908068
1.82746837315
0.611734231868
-0.291162268489
-1.07161504769
-2.01945041876
-3.2953685942
-4.76857070819
-6.01852337581
-6.51381425006
-5.88618652241
-4.16214194718
-1.82767418254
0.321246106317
1.48627611462
1.19734372638
-0.483777869091
-2.98055883294
-5.43237749767
-7.03542565533
-7.34428144757
-6.40865644291
-4.70006910591
-2.87912211468
-1.51968436061
-0.912836679193
-1.02254076903
-1.58601396056
-2.28557277585
-2.89640377317
-3.34284380148
-3.65467251643
-3.87086610813
-3.96186857131
-3.82282315742
-3.34286450459
-2.50764103842
-1.47047191669
-0.542931706462
-0.0983454054711
-0.427477395785
-1.61006133191
-3.45724985483
-5.54558872966
-7.32311361237
-8.24393331433
-7.8891694212
-6.05301866225
-2.79539487612
1.52981062335
6.27404911471
10.544945101
13.3410596045
13.7827996253
11.403329403
6.40808080423
-0.217600174358
-6.84884271029
-11.6245190805
-13.0167622009
-10.3772244049
-4.24494303081
3.73408833694
11.2861874548
16.2389348193
17.2394697302
14.1918122733
8.24481035105
1.33732431069
-3.982955731191339
-6.857517463984706
-6.921524855984671
-4.822405809004991
-1.8215374987810407
0.7910500550446642
2.2114136927479393
2.3602260147735876
1.7763329819708673
1.2528150434311272
1.4077619960126526
2.391847276946237
3.8524359987399777
5.144213301438413
5.662834865667051
5.132387128613388
3.715368084433507
1.910530441227877
0.3082169323561743
-0.6660592547134172
-0.8970730773340705
-0.5590719912757862
0.03818002034869039
0.639835800464
0.635801218417
0.651800427674
0.837868716319
1.25140228095
1.7682270809
2.11152104455
1.98935200118
1.26922017015
0.0933447747365
-1.13546752562
-1.90384598416
-1.81112836127
-0.763383050297
0.954983347042
2.7709908791
4.04003569404
4.29825799898
3.4429589176
1.76623174413
-0.168479130035
-1.75056007611
-2.55149268593
-2.46705717264
-1.72238810268
-0.749625679524
0.00126190047766
0.236646263854
-0.0890630420865
-0.791179219711
-1.56181628564
-2.11238103452
-2.28941786433
-2.11958466038
-1.77327191785
-1.47078833087
-1.37640349743
-1.52670881217
-1.82203376952
-2.0813744701
-2.13414252079
-1.90666045613
-1.46360210639
-0.983663375017
-0.677315651546
-0.681147940782
-0.976666725294
-1.37465456903
-1.58032283041
-1.31899177407
-0.471764759939
0.840012958405
2.26660218991
3.34447034688
3.67418401831
3.08943255879
1.74210759282
0.0595673068797
-1.41579768051
-2.24098859792
-2.24894975564
-1.60770190848
-0.732279268669
-0.0858875041538
0.0408489350105
-0.329614296756
-0.869660809458
-1.10369600486
-0.645258234686
0.595277635533
2.33170171785
3.9941749072
4.95710712182
4.80401712277
3.5120524402
1.47374733987
-0.654052514074
-2.20791940518
-2.77091945372
-2.31560493428
-1.18398741246
0.0752792905614
0.932908392564
1.06923224329
0.456236783889
-0.2746253014196043
-1.19069536729846
-1.968245090559762
-2.395830969421908
-2.3931137654062695
-1.973050483868576
-1.1908851239874139
-0.11968327487525698
1.13579705387356
2.408395960579668
3.4598829816685424
4.0234161940698385
3.8944220815353106
3.032090854918067
1.6168589633908539
0.022720474719434947
-1.2978643540244121
-1.9739742431166576
-1.85222731617
-1.46094331462
-0.709841010271
0.0078392053784
0.384616623553
0.30031663485
-0.169530846489
-0.829220618942
-1.47246607301
-1.96491025368
-2.26149156499
-2.36377823296
-2.25999439939
-1.89995082066
-1.232145087
-0.285113542549
0.762917532623
1.58773219883
1.82329999283
1.23443072649
-0.125448959826
-1.86629119139
-3.37645256163
-4.0743286787
-3.69095960807
-2.442637656
-0.98645150339
-0.146522500293
-0.513196840443
-2.09554594712
-4.20557997288
-5.66276916303
-5.26481636823
-2.33912739001
2.86715168519
9.14974480511
14.711494349
17.8036089876
17.3916750864
13.572085439
7.56122375359
1.25512500762
-3.46462440221
-5.39995304239
-4.41766361021
-1.40660520253
2.14695934952
4.77075993268
5.54759003756
4.37899263176
1.89776247476
-0.891912314257
-3.0637664007
-4.11085614139
-4.0543234226
-3.31307357963
-2.4335342225
-1.82506587068
-1.61960763597
-1.6956194964
-1.8203393066
-1.81359148111
-1.64164284768
-1.40149022141
-1.22238881053
-1.15587848717
-1.1261840238
-0.972648064055
-0.55935268088
0.113805656246
0.867538450864
1.40048809009
1.42612782561
0.823265950643
-0.276967896313
-1.51668259795
-2.44528383865
-2.70629116385
-2.19575164847
-1.12320892899
0.0511904950111
0.777546345415
0.610759492533
1.4495355941024428
1.346864542516471
0.7187184735442429
0.13380559087539723
0.151564245144
-0.9121448492
-0.824243546363
0.278188718752
2.01380074646
3.85369856272
5.25456951637
5.80017869228
5.3171164139
3.93001500057
2.03162373384
0.166136009247
-1.14506751817
-1.57942296146
-1.12623637582
-0.0892143544949
1.02913432101
1.72100406274
1.66973873976
0.869690939055
-0.380098142254
-1.6052612426
-2.35295115203
-2.37236847824
-1.70421386854
-0.646369620606
0.381637077117
1.01025302116
1.0518192533
0.541704204744
-0.316202422379
-1.26036331254
-2.07891091523
-2.664658418
-3.00365303093
-3.12104039025
-3.02850998988
-2.71044096126
-2.1566166504
-1.41598244832
-0.628578564191
-0.0024974835525
0.265100675943
0.0872468520629
-0.448388677936
-1.0939686943
-1.54087919105
-1.56364991002
-1.13839785975
-0.470812785904
0.0910687166276
0.226827300099
-0.181834857687
-0.959984351175
-1.68586166308
-1.86566328351
-1.16448983947
0.410734270507
2.46460110201
4.3330300833
5.32591623826
4.99345560206
3.30545815761
0.670417988477
-2.21024181822
-4.58917541689
-5.9203421886
-6.0133020284
-5.04765704727
-3.46142091291
-1.77402073861
-0.418970495478
0.358302211016
0.52056194174
0.195783817806
-0.39323870761
-0.996856781367
-1.39275037512
-1.43049000018
-1.07204047848
-0.42148388381
0.277261450395
0.69772807614
0.547213466566
-0.287947530232
-1.62930448884
-2.99336009982
-3.71746243239
-3.20449045577
-1.20287922821
1.99741932603
5.55742530184
8.30727402927
9.13254794425
7.39037631697
3.18878879159
1.0424956219250845
-1.3041472187562988
-2.42474366615
-4.97354111541
-5.05396688015
-3.19230906658
-0.435666091758
2.07255807939
3.51026723681
3.62353827794
2.72098796313
1.44572367335
0.445856983137
0.0956605523239
0.381023051772
0.977397721235
1.45855308851
1.52181318779
1.12135645035
0.457542391017
-0.154313493554
-0.45597976867
-0.368094502875
-0.00591603313721
0.406584163222
0.667578388013
0.698346556856
0.562507658925
0.400856491264
0.326570896695
0.345637625538
0.350263347133
0.189408006999
-0.224841603781
-0.838292930931
-1.45264636162
-1.80816703098
-1.71136589783
-1.14105093845
-0.27457457159
0.583837288756
1.13993428406
1.24387886162
0.954485058925
0.500523229737
0.158764093936
0.111098801231
0.353797621394
0.705071603956
0.906399825243
0.764752252723
0.261817916194
-0.426576623199
-1.01143268911
-1.23104736513
-0.979934676571
-0.361591848084
0.360161410364
0.884973459091
1.01151025186
0.717653436624
0.149055929067
-0.471680760671
-0.962489797036
-1.26206409905
-1.43227904305
-1.58701334189
-1.79309899885
-2.00469372943
-2.07329978764
-1.83214704994
-1.2094534692
-0.304792881252
0.621385399161
1.25027879011
1.35391221443
0.916345110845
0.161104236104
-0.536913304752
-0.819121990843
-0.51264849237
0.280445736943
1.2190531854
1.86889282077
1.89006956751
1.1785157241
0.3134936804648589
-0.7783081907598444
-1.7323957265966783
-2.310647737347253
-2.4699363006212423
-2.3271411788370244
-2.052094563716878
-1.7559397533118073
-1.4397390609715188
-1.0292163269843968
-0.46852227263252644
0.19096714471666587
0.7700514122136326
1.033444071380302
0.821699942842
-0.218536067992
-1.44015555434
-2.45142561428
-2.90646165645
-2.68353072835
-1.96492049625
-1.16363302679
-0.720284760601
-0.866896529133
-1.48230855177
-2.12729231052
-2.25970408985
-1.53336792236
-0.0293180381316
1.71250665672
2.9023986346
2.87106754456
1.42945032422
-0.965914626304
-3.34647068082
-4.6295809952
-4.1125468837
-1.83315548266
1.38620350934
4.25495179962
5.56618545267
4.7397556539
2.1035207334
-1.22896536869
-3.84244929286
-4.6525995557
-3.39759282954
-0.756818889115
1.9660340241
3.45485233463
3.00517178687
0.865882535703
-1.86878525427
-3.77514591514
-3.78793711276
-1.73738751683
1.52409753363
4.4787219804
5.63211957541
4.22434712564
0.635360073645
-3.7100980873
-6.90984250515
-7.38287209351
-4.55308212999
0.878854171878
7.19199671366
12.3174560387
14.6386128014
13.5857532827
9.79139772546
4.76801230009
0.270859194393
-2.37248099944
-2.69423582128
-1.13326292296
1.27467460445
3.38933720482
4.41373117986
4.12162120511
2.81129607712
1.06014751083
-0.570928822604
-1.74114136494
-2.37273737993
-2.55910544725
-2.42854822558
-2.05908362922
-1.4892929878
-0.798713256887
-0.181821834551
0.0591660893446
-0.373096793324
-1.59922835293
-3.42700393138
-5.34311920235
-6.6679669362
-6.82488793534
-5.60834337923
-3.32189595212
-0.707528585036
1.31901172506
2.02052404551
1.12672523451
1.3706943415678694
1.034610468092069
0.958392932004
-0.656827807224
-1.22752555326
-1.04565365349
-0.668943095087
-0.619242020692
-1.11951725447
-1.99244595366
-2.76399206277
-2.91755016529
-2.17407522227
-0.662986751765
1.09898368061
2.41408261647
2.70291193451
1.76287929298
-0.129364157676
-2.31700680929
-4.02132364876
-4.64959994881
-4.02496946701
-2.44654433804
-0.560765440815
0.898375409109
1.39344433335
0.781611255887
-0.643862135303
-2.27512579502
-3.41946130013
-3.54714980424
-2.46854987573
-0.384504624582
2.19654818861
4.63538811022
6.36612119106
7.05915438525
6.69534025112
5.53708683847
4.01620248062
2.58218923776
1.56260730639
1.07842108514
1.03609349063
1.19192919527
1.26106525545
1.03057531325
0.437151945526
-0.415917154458
-1.30531437567
-1.97788641801
-2.24956777497
-2.07617336152
-1.57069801528
-0.962103592395
-0.511927949809
-0.419497460746
-0.749180956635
-1.40387557867
-2.15208708341
-2.69818089652
-2.77271485902
-2.21554315175
-1.02848128975
0.615944172296
2.41132263745
3.99045539259
5.0170315028
5.27333789746
4.72094735566
3.51608726651
1.9718106305
0.47388701961
-0.627185698887
-1.11503177584
-0.963711067883
-0.330332755029
0.515026988012
1.29673467339
1.83653713816
2.10986844679
2.2310434178
2.37256803138
2.65341912709
3.04741292546
3.35733934807
3.27421135715
2.50406936472
0.912986139356
-1.37147768605
-3.95070966075
-6.25110834954
-7.6975731503
-7.90420504955
-6.8131251441
-4.73018290858
-2.24358945719
-0.0532696347931
1.23105003544
1.25694558086
0.0110469642026
-0.531292010636065
-1.5335856293906716
-2.4386147627390358
-2.79245239093
-3.99369711144
-4.38395745457
-4.14585389343
-3.56528995023
-2.92473156418
-2.415963215
-2.09789887779
-1.9085354371
-1.72144581511
-1.42195076566
-0.971421681865
-0.433017834725
0.0522712007195
0.329338283239
0.304283970899
-0.00374716184405
-0.460607152095
-0.869455297996
-1.05563316273
-0.944617018679
-0.593922043169
-0.160143429946
0.185664693062
0.352681519664
0.384027089927
0.435107520408
0.679358008544
1.18454878259
1.82544074559
2.28912004438
2.18858923038
1.24539956043
-0.540066821849
-2.81829399379
-4.9706552854
-6.32305329896
-6.40993292241
-5.17254278845
-2.99562161769
-0.555034826591
1.4640929063
2.65450161974
3.04570114865
3.05573407545
3.25278353091
4.03670285638
5.39522876782
6.86126552937
7.7058428872
7.28735733136
5.39584166048
2.42288289321
-0.738658078359
-3.03709007367
-3.70143405201
-2.57936881617
-0.213172493958
2.39095033336
4.20352236471
4.62518724027
3.74455301036
2.27855260486
1.21901159277
1.34682998291
2.84002027981
5.16188435272
7.28773699514
8.17130231107
7.23835687846
4.67888821843
1.39855708715
-1.35509127344
-2.52756935741
-1.71525370548
0.658035508183
3.52335714615
5.6252913828
6.05332813593
4.61462550599
1.89245439136
-1.02316563653
-3.00344891916
-3.33888254753
-1.9951682684
0.425338271733
2.97557204646
4.76268133721
5.27568447447
4.51373494971
2.88913822183
0.98205836535
-0.720464998346
-1.98136798339
-2.81457162297
-3.36309111192
-3.74482039256
-3.9606703653
-3.91291312849
-3.5123783319
-2.80001934494
-1.99942792294
-1.45579915421
-1.48181126978
-2.18660586544
-3.38038580749
-4.61460346657
-5.35213732989
-5.19614815743
-4.07364050435
-2.28691584897
-0.405254978456
0.958026430684
1.38623795283
0.81414965928
-0.465899924811
-1.94186209948
-3.09656796388
-3.6029516188
-3.41988381674
-2.75934316527
-1.95526112518
-1.30463540184
-0.955348848689
-0.884005152807
-0.958954531531
-1.04316524553
-1.07761569781
-1.1028785395
-1.21342317287
-1.47580241988
-1.85982646491
-2.22319386349
-2.36076884696
-2.09563188506
-1.36749714998
-0.275206786885
0.947800798577
2.01462869154
2.68688617875
2.85402325717
2.5589123906
1.9637092837
1.27554157337
0.666092042385
0.21755701437
-0.0874769236154
-0.334697148704
-0.62359101948
-1.01409244393
-1.4942403778
-1.97810655941
-2.33189089086
-2.41807619688
-2.14407810663
-1.50184142014
-0.586768910566
0.412252781188
1.25437116452
1.71394131087
1.65709322062
1.10289447917
0.242739382408
-0.599197703979
-1.06209763895
-0.875093657464
0.0298724979797
1.46581862816
3.02887550014
4.22377458146
4.63723097735
4.09538953992
2.7412998715
0.995155019798
-0.595126862399
-1.56012229804
-1.69258843456
-1.13402661785
-0.325286003609
0.164303483629
1.3650672059176259
1.6044733343502315
1.0928345278671117
0.362770107725
-1.46742781206
-2.28958355556
-1.86117276094
-0.34932293166
1.72434535198
3.66486186694
4.84197647162
4.89721949523
3.84710101253
2.05138668245
0.0665770602453
-1.55475672047
-2.44306377989
-2.50803675198
-1.92690095486
-1.04210103843
-0.217387505246
0.289128448184
0.390618885401
0.161593073396
-0.229832944069
-0.608962755696
-0.86064427622
-0.950383546189
-0.901332186085
-0.749643327309
-0.508904137983
-0.165940264053
0.289846216065
0.822676850944
1.32231166232
1.6164806795
1.52859242154
0.960214348406
-0.0398695699304
-1.25833104332
-2.37050790134
-3.05142313548
-3.10254505369
-2.53959230176
-1.59852315783
-0.649850632472
-0.0519334496431
-0.00359404661314
-0.460683345144
-1.15628211508
-1.71969520683
-1.84456366404
-1.43186580534
-0.641631885689
0.174213257907
0.63254660714
0.504188605703
-0.159958898589
-1.02257438568
-1.5834356756
-1.38586781293
-0.221099798578
1.75653039845
4.05519451747
6.00595903559
6.99661385433
6.68826696188
5.13237030593
2.74716347114
0.168269765682
-1.96529681163
-3.20933879172
-3.43003977723
-2.80728859649
-1.73941662646
-0.694397188735
-0.0619945872696
-0.0497821223427
-0.643018520468
-1.6262097368
-2.65094476001
-3.33119287922
-3.34870291834
-2.55130151777
-1.02341979514
0.895346339792
2.66419874906
3.67184592982
3.42050930456
1.71065302497
0.6301398961239641
-1.0702499591582324
-2.51504748504739
-2.84080613101
-3.35175712386
-2.13304204948
0.311296592368
3.07724958229
5.16328390155
5.81417553437
4.77854510915
2.38319952727
-0.602073094465
-3.25399294379
-4.82548484062
-4.98972833038
-3.91195763833
-2.13485466569
-0.337582219885
0.926484371493
1.40942355061
1.20548503505
0.648777303973
0.131867676917
-0.0699083685214
0.102797392393
0.500998996853
0.862429491421
0.941599975491
0.616441790632
-0.0672798697455
-0.920369271373
-1.68176560765
-2.10303655014
-2.01652699045
-1.37323058716
-0.25136779089
1.15667463505
2.57372130661
3.68378786541
4.19615274226
3.92181631145
2.84392215275
1.15398091912
-0.771949724706
-2.4650487546
-3.50318094833
-3.65189395004
-2.95144190318
-1.70911009647
-0.391625808166
0.545636316804
0.82658928881
0.451266816015
-0.318921874536
-1.08141434762
-1.46706825993
-1.2947613611
-0.64097053301
0.203063173856
0.864953698308
1.05554352075
0.692981963689
-0.0642585487239
-0.884938074376
-1.39974748814
-1.34408589848
-0.651504137341
0.533707532338
1.91991183446
3.17292228862
4.01697012981
4.29709731248
3.99179599789
3.18805848405
2.04276216533
0.750599355374
-0.475583725847
-1.42093534074
-1.89569156198
-1.78034411541
-1.07995810558
0.0364021491286
1.2394712485
2.10388339558
2.2260741941
1.36350136812
-0.453594028891
-2.8846568434
-5.34086683109
-7.13835246341
-7.70044743806
-6.74596937313
-4.40059107005
-1.19012480273
2.08893464278
4.58683659173
5.64171821521
4.97042620424
2.74858183004
0.6289116384886739
-1.6656496649356
-3.358064802942934
-3.9236340826739564
-3.2312584911163498
-1.5493956730738034
0.5825489149268464
2.5684974400454337
3.9753170116118355
4.6757740006818125
4.86303896443
3.58095619278
2.59889025489
2.16042354001
2.23913726462
2.56570541949
2.76621209152
2.54607954048
1.83328810068
0.813447480429
-0.160198724137
-0.739615982163
-0.755437419068
-0.307279024292
0.274460490966
0.58006870045
0.315857705598
-0.547712571774
-1.74482449691
-2.81542026948
-3.29300848283
-2.89499516622
-1.63335574375
0.196247823014
2.13127262128
3.70363876472
4.57224676936
4.57880883197
3.72595187131
2.11762115957
-0.0858646014302
-2.66824097636
-5.32602922368
-7.6538408124
-9.19798722739
-9.5944958554
-8.74936768852
-6.97095933556
-4.95894827336
-3.60426209543
-3.64305884948
-5.29442330858
-8.04942856903
-10.7405042078
-11.9118577683
-10.3770381467
-5.74980081601
1.27977517338
9.06538846261
15.5058864005
18.7521997688
17.8503830597
13.0688228963
5.78214628722
2.4631601928215616
0.492024166637
-3.12879258036
-4.01426407371
-2.8391067549
-0.741465954827
1.19311950849
2.32493204482
2.5854342365
2.32646098971
2.01089411414
1.92003982676
2.02093181908
2.03852704041
1.66710910173
0.788353280602
-0.429039999188
-1.60046878924
-2.32342259214
-2.39053037433
-1.90073501018
-0.9638103227313621
-0.25550021168669446
-0.06503579482411226
-0.4063419888318549
-1.0325488903498155
-1.5861199282475553
-1.7987191799536077
-1.630399645434096
-1.2736515686724772
-1.0240843776981734
-1.094133855620612
-1.478262490119235
-1.94978437680885
-2.195639985955836
-2.016132127796922
-1.475509127740608
-0.9102470237524471
-0.7757760451081168
-1.401149072531794
-2.777412562978
-4.49752850617
-6.10948601074
-6.75647097592
-6.12066650047
-4.37806288625
-2.14941349494
-0.247290805707
0.667695304533
0.363467144188
-0.881116983117
-2.42279157608
-3.55602554223
-3.82622563988
-3.209089162
-2.08029768324
-1.00276195794
-0.444209154171
-0.564817596846
-1.17202250793
-1.8516234467
-2.19672789392
-2.01261324443
-1.39594520354
-0.657442553054
-0.139467813493
-0.0312406694614
-0.279413863909
-0.6358101937
-0.808803451359
-0.630732341805
-0.14882125825
0.407724469982
0.762326979879
0.749706157277
0.409229465799
-0.0387728728961
-0.319617716372
-0.262067138577
0.102185773557
0.554900829474
0.816750279344
0.713427851103
0.289074108058
-0.200059027237
-0.414548174393
-0.118072572334
0.679246540706
1.7025180199
2.53740037248
2.84135722627
2.53401786608
1.86484013197
1.31472277238
1.3715046261
2.28527205915
3.92388729556
5.80361032927
7.28592032733
7.85099897428
7.32088968966
5.92965308415
4.2116223639
2.76531033781
2.00695221304
2.02701745757
2.60720929346
3.37396536047
3.99895078813
4.34005171267
4.45499836377
4.49237940702
4.53269554277
4.47944901492
4.07267258469
3.02909106183
1.23994411922
-1.08188662142
-3.39744185034
-5.00599498007
-5.32017303094
-4.13332670397
-1.75419929373
1.06314046548
3.37730383386
4.40470134731
3.81045328309
1.825368639
-0.856979180029
-3.35650024028
-4.93919586524
-5.27079438519
-4.49553060107
-3.12172999968
-1.77631074515
-0.939356195639
-0.768987600617
-1.08000721873
-1.47046645285
-1.52933759409
-1.03054468983
-0.0324051928243
1.1524215343
2.09495667015
2.43155464694
2.01175161061
0.954100086122
-0.407185877802
-1.65719974144
-2.45875912399
-2.6705279621
-2.38094156647
-1.84996919066
-1.38791512677
-1.22425850959
-1.42103877393
-1.86445195653
-2.3339081651
-2.61411361685
-2.59707273818
-2.32569251687
-1.95761161567
-1.6658253396
-1.52479823517
-1.44162350737
-1.17458525161
-0.441972905684
0.920962418135
2.82840608351
4.90344292163
6.56512138673
7.22253288144
6.50428464218
4.42883637923
1.43901856035
-1.72287516714
-4.256876333
-5.57141785679
-5.46996741841
-4.18779332491
-2.27147205655
-0.358184505214
1.05098023607
1.73509038166
1.76974182192
1.42987019693
1.03947516117
0.841644994286
0.938996827954
1.31070783659
1.87261941103
2.53218903103
3.20591774182
3.80116457059
4.19441785372
4.24429807486
3.85449984317
3.06249432002
2.09863494098
1.35959019626
1.27618397855
2.11376734218
3.79293346898
5.82960769997
7.4531913535
7.88268155374
6.65897071401
3.88830948708
0.273758767007
-3.10500798883
-5.19222156816
-5.37771426655
-3.75924641006
-1.12427783159
1.35283286009
2.57836401236
1.9772388998
-0.282874581576
-3.37468730368
-6.16290495442
-7.67149084173
-7.46798901905
-5.80786362753
-3.48989513398
-1.49836000414
-0.593553112869
-1.02365210536
-2.46751879783
-4.21265638532
-5.47434059624
-5.71287648517
-4.82233240727
-3.13160981287
-1.24193403702
0.214089787004
0.790514172644
0.349609783916
-0.935372640958
-2.67096797886
-4.378059317
-5.62287634076
-6.11569619824
-5.76760239233
-4.70468589574
-3.23841905577
-1.78965208775
-0.771402575356
-0.454098214898
-0.85705521908
-1.71642095311
-2.56110983158
-2.88601394845
-2.36297278357
-1.0000192712
0.831358891119
2.53012971479
3.51655777635
3.49428982015
2.60129512802
1.36895878271
0.493995645081
0.518557357032
1.56541652032
3.25883016629
4.88060423628
5.70034086026
5.3310252313
3.94014412534
2.20631885246
1.02728224274
1.10392416821
2.59032243991
4.97794247825
7.28056069885
8.45000738923
7.84413991884
5.53848777972
2.33699771717
-0.532601105336
-1.91526093417
-1.20902934173
1.37214186374
4.86185104815
7.90243002458
9.25417603794
8.24871820112
5.01466750191
0.403291869947
-4.33704977197
-7.99789533219
-9.79194647529
-9.55153842899
-7.70003859626
-5.03871532941
-2.44822451204
-0.614381763767
0.141814997938
-0.100703812517
-0.947401556222
-1.84830486027
-2.28241721209
-1.92012586898
-0.727647334847
1.01115857475
2.76626806666
3.91667073329
3.95362323122
2.67227341804
0.282535700453
-2.61391137661
-5.19138111397
-6.66778959322
-6.58072960272
-4.966286803
-2.36392113989
0.364649719631
2.33974846045
2.97560447937
2.17802286216
0.351282171022
-1.78411448794
-3.48369769701
-4.25918783366
-4.03445349146
-3.12274055264
-2.04909044046
-1.30586396963
-1.15119736308
-1.53252270575
-2.15527598104
-2.6506665619
-2.75617522037
-2.42477118055
-1.81953067217
-1.20776379622
-0.814980571011
-0.713274666019
-0.796597570922
-0.849892848173
-0.67318043448
-0.197029252678
0.467367505411
1.06721859986
1.31750993566
1.0301792969
0.205135056704
-0.956133759521
-2.11882923807
-2.93487919085
-3.16497189545
-2.75514616842
-1.84186350425
-0.689417974991
0.410824970256
1.23822362402
1.70197102219
1.84439539926
1.79460753411
1.69729517777
1.64877715362
1.66647272495
1.70179797213
1.68689446747
1.59042587789
1.45320324467
1.38287121681
1.50541650145
1.89248581946
2.4981386139
3.13925160591
3.5382725165
3.42043377261
2.63074564837
1.22153194288
0.6708461874018212
0.19750415092067897
0.22838541744312124
1.03541544018
1.34409492012
2.16008797647
3.02329574733
3.45775891872
3.15067474514
2.06987190691
0.473874511542
-1.18702772295
-2.43620250482
-2.93548735506
-2.58720706232
-1.54190828834
-0.121417560034
1.30091787326
2.41118246042
3.01985861673
3.07201113131
2.62004842889
1.78716638625
0.741616706583
-0.316963373656
-1.17397927569
-1.63569053884
-1.58656764074
-1.04850696152
-0.207788200273
0.619447997677
1.08692378068
0.952111147879
0.18795867791
-0.983607043484
-2.16275938106
-2.92642495118
-3.00316994725
-2.38996498043
-1.35479973517
-0.320266371986
0.320661487375
0.372099421516
-0.0916393187688
-0.779923171099
-1.33783344709
-1.52005120571
-1.30083446366
-0.867863787204
-0.5073870912
-0.4433931636
-0.71604859196
-1.16273049572
-1.51012971414
-1.52684396836
-1.15375357462
-0.541376434241
0.0267825483173
0.284486892974
0.126063980152
-0.334964815942
-0.824756131014
-1.05511620085
-0.878480933024
-0.367778775449
0.223297244441
0.599423848523
0.587074589661
0.232187688125
-0.223715262253
-0.478730832046
-0.344461639551
0.138292903637
0.710229578407
1.03093551745
0.8721564834
0.260944346627
-0.511268407125
-1.0276172568
-0.964905687581
-0.275940544365
0.768987012446
1.71405017291
2.16124082206
1.99600837014
1.46546531699
1.05083195217
1.18588888117
1.96516627577
3.00781009129
3.57707799623
2.92822192811
0.730752278679
-2.64858862466
-6.17094236577
-8.49112792121
-8.52990922982
-6.00202193943
-1.64476571063
2.98971584577
6.12273106067
6.48250104794
3.86624622111
-0.725454263534
-5.45894492897
-8.39912578006
-8.29756274819
-5.1034736005
0.0177173682995
5.16103049681
8.44519663942
8.73761361937
6.04408721761
1.42190640136
-1.4939456711198034
-3.2258359395182197
-2.9387522867040445
-0.680986114294
0.706702867027
2.24989279135
3.09278090259
2.88600231212
1.82298284585
0.43078419015
-0.745630358207
-1.3980863245
-1.53702908592
-1.39207392407
-1.21698442775
-1.12291837994
-1.03203592461
-0.765401500197
-0.200369337748
0.603968021438
1.39189547583
1.81902432177
1.62413468681
0.769586922876
-0.527448563088
-1.89022519595
-2.95236326212
-3.51140590306
-3.58644252538
-3.35550579974
-3.0161361621
-2.65470454215
-2.20314992107
-1.50945896915
-0.479714758534
0.79631290845
2.02023378025
2.79147642666
2.8005819821
2.00919008196
0.713078686507
-0.56111231567
-1.2885846416
-1.1981020695
-0.412192959706
0.606759647619
1.2916430005
1.27785490902
0.626808654465
-0.159772327438
-0.362992233225
0.583610920796
2.75141186662
5.576547519
8.01352148675
8.93918919614
7.64116164219
4.17343774364
-0.590252743847
-5.24675414428
-8.38698199961
-9.13594807858
-7.48143929786
-4.25349774634
-0.767962086307
1.70851554106
2.44189188099
1.46268041101
-0.1907775553891895
-1.8785401180869883
-2.7798807056922925
-2.5759752007687666
-1.5264282926079318
-0.2717372723004132
0.5252780898645142
0.5184920124605839
-0.1628130897094877
-1.002252892094674
-1.3773994411687625
-0.889300685133037
0.4217991032505921
2.0770984961270784
3.372584510109931
3.700582752366202
2.8268983834586834
0.9962472248545424
-1.1773302921059212
-2.977540328709452
-3.8832344734223625
-3.7618300570067476
-2.8800973610232887
-1.7426538566121366
-0.8469556972288217
-0.47482480337765764
-0.612489274826757
-1.0209543342983665
-1.403115126279161
-1.57095699983185
-1.525170839326151
-1.4132150076291055
-1.4005012613063883
-1.53645361832
-1.95978226894
-2.17298809366
-1.97264370093
-1.33829763524
-0.496727594976
0.150417778159
0.214604886834
-0.462841456251
-1.67743431721
-2.89277468039
-3.44214954243
-2.82189024617
-0.945942382086
1.76100923139
4.48743488826
6.33458474057
6.66869084978
5.37470975437
2.90102603047
0.0757648652678
-2.22424261074
-3.40738882919
-3.36216132439
-2.43745470234
-1.23145895968
-0.296774230708
0.0989752355994
0.0519957293736
-0.0827732567346
0.0844161296585
0.753504984478
1.82095308684
2.92821551779
3.64089266322
3.66358419997
2.98178688791
1.8631900584
0.723908840105
-0.0674140917507
-0.347014700963
-0.1990716397
0.128596249648
0.382037501761
0.441463383579
0.367151599574
0.328795332088
0.46305886716
0.746581547202
0.966027236682
0.814712735532
0.073570114886
-1.21906638881
-2.70915132879
-3.83103746928
-4.04389566668
-3.09770991288
-1.19979063497
1.0109430306
2.68998748262
3.12743421944
2.05736520137
-0.202454110946
-2.84944714162
-4.89944063184
-5.57063495282
-4.58960139061
-2.29498875928
0.498005383653
2.80912841736
3.84864207263
3.27625091736
1.27348061972
0.05758717512129863
-1.2635869850169996
-2.043653823976584
-1.90380827186
-2.44694294357
-2.17917918836
-1.3982095673
-0.409978668526
0.536642453496
1.26569552383
1.66564689281
1.68540521337
1.34631482202
0.757748072256
0.110957954166
-0.366683342939
-0.490941542668
-0.201713522594
0.396384764796
1.06240162237
1.51257166402
1.54061425159
1.10901298939
0.366103858409
-0.421390113185
-0.988976604861
-1.18976455999
-1.04854574568
-0.729671169455
-0.437883027055
-0.305385647338
-0.324691695631
-0.361817360773
-0.241360600693
0.143362579608
0.755299114635
1.41520326096
1.88037537945
1.96008916081
1.60767181466
0.941646165258
0.186005159071
-0.437694346461
-0.809039529731
-0.947291795181
-0.97258051036
-1.01529065131
-1.12733241792
-1.24709836022
-1.23891737559
-0.984725930033
-0.474458642245
0.159876869507
0.691630115496
0.908124577405
0.723897464104
0.235657723262
-0.315527308537
-0.660280395253
-0.637084911459
-0.276492279614
0.214088745687
0.56089145774
0.573694653293
0.255344682707
-0.190753119904
-0.464509352472
-0.333818650868
0.226226842311
0.99698625076
1.60939635292
1.72544985096
1.21734533112
0.249390363109
-0.786684779558
-1.45839663246
-1.51148107912
-1.00958745029
-0.317817786044
0.070652879749
0.20820884322785105
-0.37166417299745547
-1.3341109164327065
-2.1032895425837808
-2.1318227095636644
-1.177249227677052
0.5491217548313898
2.4397340453071052
3.7376138233977656
3.8650052508627795
2.684938808688784
0.5750686827313558
-1.72181072207
-3.76327474297
-4.65604005971
-4.33477155545
-3.19533016632
-1.8901862157
-1.02749910257
-0.91345951777
-1.45076865238
-2.22869741047
-2.75025500819
-2.68207247005
-2.00911850075
-1.02794119141
-0.191571412704
0.112287256337
-0.257951453962
-1.13987175254
-2.15164002879
-2.87144137154
-3.02381238227
-2.58820330207
-1.78707148276
-0.968818676231
-0.446755128799
-0.369044875741
-0.673148547476
-1.13516468829
-1.4817446679
-1.50920857825
-1.15891980689
-0.5240132462
0.204692425137
0.821952155383
1.18286081522
1.24238501342
1.05238905803
0.726542066254
0.392388934953
0.148979587332
0.0415244898715
0.0566629738226
0.1362801227
0.204569220105
0.200691666843
0.107067912489
-0.037751081288
-0.149951690361
-0.135295174786
0.0634719678328
0.427728440749
0.854875719523
1.19240327469
1.3053916049
1.14858625169
0.805523192009
0.467459718048
0.3521963904
0.595342997225
1.16717994775
1.86363194232
2.3883358169
2.49711229495
2.13867488198
1.51725846919
1.03242697368
1.10819138413
1.98170335975
3.55141882666
5.36735971816
6.78562491062
7.23164021378
6.45891292135
4.68257052337
2.51732194282
0.737066282299
-0.0422566601539
0.384877526774
1.74105250422
3.40627754149
4.70403472856
5.19629709619
4.8471050658
3.97989263257
3.0575371001
2.40464765333
2.02242799842
1.59980608852
0.721648710214
-0.833170341778
-2.86815091358
-4.75763238215
-5.68316262229
-5.02437014608
-2.71908903346
0.597124470016
3.77039650574
5.57634852673
5.24968059944
2.85349746568
-0.695931522983
-3.98350964869
-5.68827974408
-5.15663336558
-2.69519550896
0.557764891283
3.13424288673
3.89090940089
2.52047128742
-0.315067738778
-3.29384807807
-5.04785802073
-4.80073057209
-2.73566754736
0.0785799424836
2.17349442596
2.35860227783
0.282278191155
-3.38122275868
-7.20558106089
-9.62523621585
-9.61299540193
-7.12128502563
-3.09506124054
0.942097118039
3.53852406778
3.91255173987
2.24182393747
-0.467206857322
-2.85226598535
-3.78809684463
-2.83722989171
-0.375411872848
2.63699312601
5.10979098636
6.28788355105
6.02496254747
4.76747018916
3.28758103927
2.31040980172
2.21083567795
2.90311650133
3.94455836025
4.77560079375
4.96857462984
4.37372068135
3.11752428016
1.48616118827
-0.224043113849
-1.80759951068
-3.16364372752
-4.24091972369
-4.97057059536
-5.24323593992
-4.95195210774
-4.07540296687
-2.74573908709
-1.2493863808
0.0544587824748
0.865532333118
1.0609964976
0.740338917316
0.172569815877
-0.328489336037
-0.53875464569
-0.403240144108
-0.0268040155804
0.408870488713
0.749258039071
0.932489364745
0.984688486516
0.95899952406
0.868255905539
0.665708844867
0.296925609712
-0.203898480656
-0.638693018422
-0.658721538713
0.107582022559
1.85189860035
4.40376375475
7.17580311579
9.29810340906
9.91721749135
8.5484903411
5.32766175226
1.03551951137
-3.13918972168
-6.01761711656
-6.86237525675
-5.64205130367
-3.01634630258
-0.050688200431
2.21245285605
3.13808730878
2.67783958488
1.28230312687
-0.389475867454
-1.80889224442
-2.7975179088
-3.52921485885
-4.33154888494
-5.40685953209
-6.63307262838
-7.5608855653
-7.61970556886
-6.43266361197
-4.07819363862
-1.15459325124
1.40358993764
2.68757467317
2.19500307955
0.0548948877216
-0.3324313043859348
-0.610175557699
-2.58636253259
-3.03639446667
-2.08011672178
-0.333536348073
1.38909312099
2.42164214562
2.48783840368
1.74623227371
0.644047107442
-0.328723089786
-0.859456022161
-0.910616141567
-0.6699737864
-0.403098048931
-0.298461981944
-0.385127260929
-0.552709450933
-0.643990874766
-0.554978967567
-0.28253370004
0.100896066504
0.517901464129
0.947003977811
1.42738665349
2.0000016555
2.62279963596
3.12125919411
3.22130462933
2.66605468577
1.36554759157
-0.500100155738
-2.49008631239
-4.03905636949
-4.66960235537
-4.18730702524
-2.76643589968
-0.8828629481
0.877386912518
2.04653236642
2.43674305035
2.16658339169
1.55180646422
0.926214628069
0.488360788662
0.249053573865
0.095103289819
-0.080821024722
-0.270185969067
-0.330847695911
-0.0782675363575
0.564884637227
1.45240409415
2.21350774344
2.39105584465
1.6656452662
0.0565324939766
-2.01185224143
-3.83259409867
-4.69306568352
-4.19098425803
-2.44606731776
-0.102282622081
1.89404702038
2.65465841029
1.69914588385
1.5814077456657714
0.5475338590016463
-0.418784256303
-2.81650131455
-3.65568599828
-2.9008164869
-0.996574570874
1.33623091012
3.3651645156
4.56589143741
4.72997208054
3.95168510576
2.53283850424
0.862486071829
-0.68457975738
-1.81516945281
-2.35850016968
-2.29241867402
-1.75434346994
-1.02079878403
-0.437710255273
-0.302774316496
-0.733075849105
-1.57607951902
-2.42053144773
-2.72879498415
-2.05592102088
-0.270286371168
2.32579934753
5.04556778823
7.03748966407
7.59755160788
6.44806368704
3.8633864779
0.584320750456
-2.44738026666
-4.42583360381
-4.95186257816
-4.13293679594
-2.48475594953
-0.692448453915
0.656780416264
1.25817573589
1.13008277737
0.52169979685
-0.243897602783
-0.907054565595
-1.33255713566
-1.48972149335
-1.39220486609
-1.05248865917
-0.484324774894
0.254959986972
1.02430610477
1.60725867945
1.78609809338
1.45352047417
0.699717430238
-0.186546750841
-0.824925318369
-0.921438296754
-0.433463008396
0.368364139962
0.989037545354
0.923612800644
-0.0953633162401
-1.93568971351
-4.07462202714
-5.78781390345
-6.44072273833
-5.75332764403
-3.91813192519
-1.51828425323
0.714857125359
2.19241583071
2.67658645488
2.32138165044
1.54342392023
0.800588268175
0.392851527346
0.376589551848
0.615801406501
0.91913189308
1.17027419516
1.37242641363
1.58582314003
1.80685725865
1.87760910882
1.50142014772
0.379042517102
nan
nan
nan
nan
nan
nan
nan
nan
nan
nan
nan
nan
nan
nan
nan
nan
nan
nan
nan
nan
nan
nan
nan
nan
nan
nan
nan
nan
nan
nan
nan
nan
nan
nan
nan
nan
nan
nan
nan
nan
nan
nan
nan
nan
nan
nan
nan
nan
nan
