nan
nan
nan
nan
nan
nan
nan
nan
nan
nan
-2.41987798028
-2.53636821545
-2.4636059619
-2.3468105388
-2.23387568628
-2.11771650959
-2.00035568874
-1.92059290848
-1.92026477446
-1.97365643604
-1.93803621742
-1.57816563044
-0.675040799705
0.826779684343
2.71447732696
4.51759919172
5.6543600816
5.66318282394
4.41728773564
2.21698171831
-0.295087161757
-2.36900308088
-3.4339577987
-3.31025996169
-2.25453095381
-0.822948489241
0.379088626592
0.943537140992
0.793753678068
0.157179321584
-0.592395177237
-1.13278213489
-1.33094278245
-1.26020093071
-1.10506758488
-1.01988582873
-1.02625208703
-1.00576318258
-0.786894575519
-0.27055532754
0.482226811647
1.25436197406
1.769640991
1.83087423224
1.42400616158
0.731465490379
0.0477396516823
-0.356839749523
-0.351340024502
0.0202399885312
0.595488571017
1.20234755777
1.75227391128
2.26212681584
2.79459013111
3.35926485468
3.84451341134
4.03561060594
3.72383321462
2.85177295672
1.60737998159
0.395378361539
-0.324263586496
-0.265291041003
0.503195547888
1.52918110996
2.14375435572
1.76350104962
0.194254825671
-2.2152273718
-4.66212847785
-6.20282552404
-6.16179404327
-4.45175541095
-1.65057178406
1.21417218139
3.08844087511
3.33957949485
2.02914619768
-0.113102054948
-2.0044164028
-2.67429198198
-1.67495773221
0.739826752501
3.73784408136
6.26871583344
7.49627109364
7.11575426657
5.43080232336
3.17810628375
1.19669019412
0.0948192888312
0.0503166863079
0.805237172813
1.82460324001
2.52561334362
2.47386059446
1.48254520107
-0.388933046029
-2.8944099047
-5.66620583925
-8.25948714208
-10.1873273234
-10.9805022786
-10.2954357521
-8.05483951834
-4.56285400564
-0.519712302628
3.11254579278
5.37872035053
5.64845358731
3.85810253655
0.565989438186
-2.8068860150270183
-5.561522553687581
-6.8690860839494405
-6.45928249909835
-4.675515493398876
-2.2947175792696157
-0.19538883289041564
0.9829729644803393
1.050905931338633
0.27701967604488686
-0.788449860767372
-1.5799285564887242
-1.7506713033148316
-1.2820387363201178
-0.4415161226294799
0.36811339948009447
0.78691478576593
0.6261266447698262
-0.0918505991061
-1.57134872283
-3.12418066894
-4.43983181382
-5.23597651019
-5.29067472673
-4.47689826977
-2.8090402074
-0.486768051931
2.09821128699
4.42468062494
5.97731747888
6.41649768757
5.71260269084
4.17579308409
2.35116858822
0.810933108916
-0.070609251962
-0.256489650739
-0.0315520337028
0.166236238229
-0.00984228807987
-0.614635175631
-1.35833637246
-1.73716405699
-1.29295138443
0.120829206302
2.19990980675
4.25607021311
5.47392203636
5.25024254635
3.46513913077
0.560761755474
-2.61203752651
-5.11519901381
-6.27519934601
-5.91656523796
-4.38504995306
-2.36374061983
-0.574511682284
0.500247965114
0.761417040506
0.458214038408
0.0135456950354
-0.19453057768
0.00730805715254
0.547750176314
1.18817763584
1.66095406758
1.79398385406
1.56760271865
1.09347798097
0.545594024283
0.0896111930262
-0.156037171773
-0.123712099672
0.213166024446
0.836237971233
1.65595333952
2.48220201461
3.02849296608
2.9781928416
2.10812215999
0.423587753456
-1.76542169027
-3.88603912779
-5.27426170969
-5.42501959576
-4.22056688801
-2.03128500664
0.372184862599
2.07776769767
2.36635770823
0.98686176128
0.43722470372723876
-0.6980150809422128
-1.494713164380272
-1.21102061318
-1.76668888469
-1.13053221755
0.131377031418
1.34342697885
1.99163464775
1.89273852514
1.20440089294
0.294783613161
-0.451438476837
-0.796475496635
-0.716221367731
-0.359410605871
0.0596664678921
0.369350934703
0.496345857784
0.453464972464
0.284290162038
0.0104264953235
-0.381374469064
-0.905285251113
-1.52179539793
-2.10450584839
-2.4598336473
-2.40009231266
-1.83676086266
-0.844084138454
0.346163708278
1.42453529159
2.12540043026
2.33363906431
2.12495944201
1.71966349623
1.37193275687
1.24833763661
1.35418805799
1.5421332372
1.59649013885
1.3498371368
0.773771535165
8.64222101171e-05
-0.736051858448
-1.20128777022
-1.2660881891
-0.956305428195
-0.433879307335
0.0788986628172
0.392051504895
0.414309578742
0.167712651389
-0.24690825012
-0.707596994439
-1.11924203044
-1.43043541001
-1.61940518613
-1.66789094037
-1.54706380907
-1.22911100457
-0.718867583491
-0.0838272566274
0.54199430471
0.992190791327
1.13041577723
0.913160305878
0.420473718554
-0.164832871538
-0.624694969116
-0.79189263048
-0.61638504833
-0.181936524299
0.333853463111
0.736754409575
0.894516093299
0.78220044395
0.477084973792
0.11056103929
0.4472687523163046
0.9043517343403664
1.4677277330603005
2.069057087524328
2.6244643220103825
3.067599837193299
3.360534979565415
3.481825435088126
3.406000156997024
3.0941551866736035
2.5082930270511525
1.6466804731
0.00790478828431
-1.66640076534
-3.13377531324
-4.13148512169
-4.45153595201
-4.00794036922
-2.87094892742
-1.2561096481
0.52657157003
2.14462025125
3.31335101345
3.84689587283
3.6828835722
2.8828686374
1.61455150498
0.120550414456
-1.3243830563
-2.46588661535
-3.12584908237
-3.24826981613
-2.91778494209
-2.33749387342
-1.76571886235
-1.42890490232
-1.44160732799
-1.76628939173
-2.23230378136
-2.60928674739
-2.70574471964
-2.45071845502
-1.92228555603
-1.30978661718
-0.826885949706
-0.615678790266
-0.686618875722
-0.922279528623
-1.14245392156
-1.19838087437
-1.04945608584
-0.783963690176
-0.572498258249
-0.575856723575
-0.852183690051
-1.30972862878
-1.73072273154
-1.85846351114
-1.50963472925
-0.661461220356
0.525738969805
1.76109205376
2.7281125402
3.19734719982
3.10074972132
2.54084408658
1.73718200661
0.938379379098
0.338773715257
0.0310883484635
0.0060213915239
0.187538710652
0.479570832705
0.800808546832
1.09665691643
1.33284611833
1.48472834271
1.5351910156
1.48426004019
1.36188282623
1.22995779111
1.16444269937
1.22100812081
1.40069501898
1.63691202082
1.81742590945
1.8373403816
1.66023425895
1.35531059983
1.08533765396
1.04201064865
1.35255520303
2.00031754538
2.80180921518
3.46086814973
3.68559575918
3.32135869558
2.43955473382
1.33559160177
0.426759608994
0.0859565425311
0.479985288071
1.48505695507
2.72307418469
3.71110891414
4.06504702456
3.67006884014
2.73984996919
1.73134094433
1.14467712343
1.29110115939
2.13132061189
3.26178980669
4.06554334621
3.97236189313
2.72130932585
0.510844256426
-2.03652215568
-4.09238340211
-4.94237268753
-4.27938974621
-2.34680189205
0.134077991174
2.2305357212
3.15627189726
2.57747936724
0.742640924166
-1.61791935871
-3.58286095764
-4.40316751673
-3.79080922958
-2.01729034843
0.213903904565
2.06340817211
2.89490205747
2.51672821931
1.23064236915
-0.324330383044
-1.4587988625
-1.72451028353
-1.08767258387
0.0830730649293
1.19902690971
1.71688961013
1.36868879628
0.259164435248
-1.2034699997
-2.50268407938
-3.24094185945
-3.29669339439
-2.84608052711
-2.24915020583
-1.86186998129
-1.86568431866
-2.19319839152
-2.57973286567
-2.70996363135
-2.38515571233
-1.62933987823
-0.684264718918
0.10284434577
0.443792061528
0.247389623348
-0.334268672499
-0.972545249314
-1.31040422355
-1.12316725189
-0.418518260088
0.568253716816
1.47896210565
1.9871497025
1.93175315198
1.37133133
0.539259414834
-0.273266200064
-0.847454685391
-1.11825405689
-1.17110858753
-1.16120623648
-1.20055779022
-1.27369252736
-1.2280605313
-0.847533521492
0.0251309229538
1.37770717242
2.98817951725
4.48175389796
5.46625929514
5.68781649101
5.13534857958
4.04258588327
2.78175093938
1.69386200698
0.932946495939
0.399223208794
-0.201423528356
-1.19208294359
-2.72606602512
-4.64919407484
-6.49720452238
-7.6461663195
-7.56493322715
-6.06741807466
-3.45303550246
-0.462938678157
1.94669931066
2.93543673304
2.08625470581
0.2899888873112815
-2.4787644637410153
-5.242325795550656
-7.094114474305442
-7.5113901305265784
-6.509082584757863
-4.580681081724748
-2.460399008053315
-0.8125902017457491
0.02071025286157635
0.114757806748
-0.891694505703
-1.72259348882
-2.00146344394
-1.64420701707
-0.866752009886
-0.0515900265814
0.454088130121
0.508796560133
0.236413634703
-0.0477451975056
-0.00308072066125
0.560748430228
1.58213083566
2.76419092739
3.69707596934
4.0253667097
3.58408297945
2.44771036857
0.881664785555
-0.769204444881
-2.197232868
-3.20386824605
-3.7088884407
-3.71505170088
-3.26655623945
-2.43390631629
-1.33133692618
-0.143242286244
0.877568463009
1.46450015804
1.43640204443
0.798251096288
-0.214885645027
-1.19157964272
-1.69187522192
-1.43476636083
-0.440716183284
0.945857758714
2.18015040606
2.74477422918
2.38568098462
1.24744102686
-0.162388189984
-1.17556221671
-1.25087024249
-0.222882093005
1.6003413341
3.53883995937
4.80297120449
4.80700689564
3.40277132899
0.937914091934
-1.87988663179
-4.24952974233
-5.56009611067
-5.57919675801
-4.48322258747
-2.73809911303
-0.898726579098
0.58235293518
1.46677692213
1.73991441803
1.54363857547
1.08345296696
0.555607006874
0.112314867594
-0.146403680195
-0.178900032998
-0.0210550701016
0.190237151457
0.217263017473
1.4257293966178537
1.9288832254650714
1.6709311272147715
0.8571908173261704
-0.05848282096188484
-0.501530845517
-1.66573513682
-1.66988874082
-0.709438530088
0.67835972951
1.81695571321
2.16409637165
1.53894064507
0.199507546115
-1.2689988207
-2.20958319449
-2.18087091421
-1.14904502101
0.500162799504
2.1318947627
3.1350981202
3.17401899785
2.30859138636
0.938400547984
-0.392718220837
-1.23366983684
-1.39562786222
-0.985826365902
-0.307261207608
0.311006686511
0.662631692975
0.723268541672
0.606114488316
0.455709525712
0.350280479145
0.269873934873
0.142802819396
-0.0667769200494
-0.293309085818
-0.376771488273
-0.148355352677
0.449414473765
1.27989032718
2.02568396466
2.30851455137
1.86661900302
0.703141191288
-0.875127265499
-2.35998130948
-3.24713163008
-3.2526621539
-2.43828132622
-1.18342115797
-0.0146082153064
0.628655289436
0.581433485372
0.00716055478013
-0.703952531844
-1.13802685351
-1.06025103517
-0.518464967988
0.199221815692
0.725563978604
0.808302705072
0.43758426427
-0.156244395111
-0.629644843463
-0.709278758555
-0.33619007119
0.302495505796
0.868345490249
1.04182412424
0.679588710415
-0.120474196728
-1.07628283525
-1.86689799184
-2.28800674339
-2.33676361271
-2.18474858914
-2.05798326035
-2.09186319395
-2.24107186001
-2.29422023578
-1.98664221207
-1.15237478916
0.164694306738
1.69955822273
3.06221446366
3.89385702724
4.00625094468
3.4380215025
2.40602413478
1.18422875326
0.5033641625700227
-0.08980496565048668
-0.6303484387124882
-1.1676111137959566
-1.6664895410038696
-1.9681893866136448
-1.8424725176726326
-1.110797402498008
0.22392677650472592
1.9158623265280994
3.528335321090026
4.588909023193409
4.782757375582634
4.0952969648434845
2.8338741540980266
1.5122999872609455
0.645475756424
0.0593806805812
0.227886315986
0.843037137869
1.44731935129
1.63753187014
1.23342824053
0.340172701836
-0.715420162214
-1.5381999011
-1.83464290111
-1.52569952868
-0.760685983374
0.162466494709
0.925847890054
1.30956541193
1.25304569959
0.845253659132
0.262073901651
-0.312450186563
-0.746053255105
-0.981509356038
-1.02636842173
-0.925972712871
-0.73774088483
-0.516114273954
-0.306839056608
-0.143710470601
-0.0430764530141
0.00192239578068
0.0204435160341
0.0509233689406
0.11829013264
0.212697737565
0.284387857047
0.263112784196
0.0969820813784
-0.207933804393
-0.570732365841
-0.856570470508
-0.931480662471
-0.727502951811
-0.285123930103
0.252343462027
0.69537564924
0.892325648484
0.8009756674
0.51080225997
0.202001561725
0.0589234576195
0.179791591208
0.528235522509
0.952262056551
1.26223932523
1.32860187633
1.14870731621
0.847258693382
0.608943318856
0.577927318791
0.777508878891
1.09402082267
1.33590330009
1.33858871076
1.0597515114
0.612151249283
0.212562994061
0.0697067248833
0.268511167981
0.713565930915
1.16674402828
1.36568148158
1.16549006147
0.629354885831
0.0149741407684
-0.34563150505
-0.219940875614
0.382794314013
1.17707833989
1.70276962397
1.52569932208
0.448978248384
-1.3647754665
-3.42425530113
-5.08946466973
-5.82818036386
-5.43858599086
-4.13963332955
-2.48728093863
-1.15062247274
-0.642729038844
-1.11960891664
-2.32944025454
-3.72823049462
-4.70751469454
-4.83568663993
-4.01483796583
-2.49667755326
-0.763193791517
0.668234400431
1.43200920439
1.42418746771
0.805914506104
-0.0827045631588
-0.850667527036
-1.17375391354
-0.867769226134
0.0890703385872
1.56984658402
3.32867562103
5.0357987514
6.32145312928
6.83863471554
6.3474678197
4.80543201604
2.429478398
-0.308622174494
-2.77607855009
-4.35065008506
-4.62125144859
-3.54599058062
-1.50114107252
0.810739756515
2.57305684324
3.11855131189
2.15040082564
2.67911454840376
2.4407361583191687
2.21475536463
-0.144752217794
-1.34180868116
-1.35027698875
-0.512357551385
0.624876969455
1.53124851282
1.88650881397
1.67428626704
1.1491825891
0.699692541787
0.667911720116
1.199243231
2.17869506734
3.273395943
4.05930062701
4.17986213063
3.47613683805
2.0425870479
0.193188733024
-1.64429671785
-3.06431080247
-3.80159669852
-3.79430871416
-3.17770860869
-2.21886742381
-1.22081488762
-0.430508673834
0.0213474660563
0.135059435099
0.0140178207855
-0.190620306235
-0.34174550792
-0.365154336365
-0.272389434073
-0.152951242817
-0.139433903012
-0.355714276353
-0.862769448618
-1.61853786297
-2.46664847468
-3.16294792487
-3.43856687467
-3.08564103133
-2.04065420668
-0.435622783805
1.40719495629
3.04529149449
4.03631130174
4.07361364264
3.09128842619
1.29889032952
-0.871667194787
-2.89344717748
-4.30414437548
-4.84249913582
-4.51339260353
-3.56010502338
-2.35759320004
-1.27044883502
-0.53107411105
-0.18270407415
-0.103153368506
-0.091192499056
0.0270336165738
0.31895904864
0.725343997485
1.10162950383
1.29604140891
1.22531840787
0.913693788742
0.480934847129
0.0901398775425
-0.116691615849
-0.0653666591985
0.238391063809
0.728238826002
1.30890462473
1.87811842328
2.3273856496
2.52816111136
2.32417584731
1.55182274375
0.0963053975351
0.9063682438562921
1.2410751598097818
1.49160563982
-0.761129796841
-2.08679346928
-2.1716855272
-1.01519461845
1.03439117736
3.3636502655
5.27705475309
6.21752550423
5.94416809214
4.60023186946
2.64543438363
0.679258036172
-0.775924221877
-1.44856966909
-1.38448273661
-0.886853487338
-0.361928703221
-0.138997817346
-0.34030698683
-0.851765628914
-1.400248109
-1.6975787036
-1.58432456775
-1.10920647262
-0.510227022605
-0.107718174222
-0.158063807554
-0.733352422351
-1.68002336819
-2.67456097774
-3.35206547226
-3.45249907309
-2.92278040471
-1.9330505648
-0.803038463982
0.127247174174
0.626005629941
0.643906362603
0.307041689104
-0.161416240952
-0.550010438185
-0.746658409755
-0.767202172462
-0.717664430719
-0.715795634326
-0.816291339475
-0.979858331656
-1.10148145773
-1.0805352779
-0.891751028015
-0.614201316661
-0.397225910753
-0.377099868385
-0.588205493744
-0.920844693859
-1.15809923052
-1.08412179865
-0.615185438398
0.115528576763
0.774845584939
0.959048103975
0.390149590188
-0.907995767982
-2.54426855219
-3.85573623874
-4.14471249217
-2.96980480647
-0.368529252944
3.09291859742
6.48034355463
8.81166896422
9.41376607003
8.17157058119
5.56532298439
2.47838953703
-0.145859976672
-1.65631101432
-1.9112558365
-1.27596941683
-0.411796353274
0.043189267804
-0.241363389427
-1.16108513478
-2.2557914882
-2.94952989956
-2.83676900706
-1.88309676259
-0.451492628149
0.853771915743
1.45172046333
1.03763242859
0.4137554643555035
-0.6613607321851163
-1.570502733530816
-1.8022499791470352
-1.1635482597869213
0.14697481803126777
1.6317745128861674
2.710216308963709
2.96554828160545
2.321668788716579
1.0796303207205966
-0.198966633711
-1.6381443003
-2.11973117461
-1.62109471821
-0.518075027949
0.546756050109
0.913503492211
0.186643537764
-1.55472500059
-3.70589449873
-5.2845506702
-5.24955940815
-2.89540780929
1.81454298068
8.1097020384
14.5481592284
19.4132857525
21.2564569819
19.4015753858
14.2213058361
7.06396373374
-0.165598774228
-5.6334828062
-8.18573437756
-7.70882853217
-5.10215738059
-1.87470672846
0.470401296507
1.01328572332
-0.275859374105
-2.61612008005
-4.8306133239
-5.90267900757
-5.42348009657
-3.73715325367
-1.73219764485
-0.390922090138
-0.317006738247
-1.46473014734
-3.19167569848
-4.59910939072
-4.98651766845
-4.19496092426
-2.67222114951
-1.23200540505
-0.631170830221
-1.17858023164
-2.57280826319
-4.05166404372
-4.78076348685
-4.2881097891
-2.72642944454
-0.827715372952
0.435260153263
0.321425877446
-1.29868239002
-3.83994621786
-6.22980089333
-7.36256302038
-6.57252684181
-3.91239026137
-0.119232482512
3.70207751179
6.52109824368
7.74641720115
7.36225210843
5.80746190767
3.69253123174
1.51679880168
-0.473684333189
-2.24083515273
-3.78634920615
-4.99300345013
-5.59547038628
-5.3160772436
-4.09203045941
-2.24970800929
-0.491823705229
0.345454862752
-0.319239366799
-2.46007187983
-5.31901349368
-7.61055205939
-8.00705781223
-5.7139171131
-0.882243759178
5.33891114942
11.1592006366
14.7819828436
15.061441761
11.9117640508
6.30371045511
3.180464317392378
0.8744270685566988
0.486659581298
-1.04733934707
-0.960310042023
-0.209740482123
0.315988106735
0.171164359476
-0.534110360109
-1.29813145124
-1.55825106921
-1.01264123057
0.219160796848
1.65762617115
2.69649925792
2.88210809662
2.10433022476
0.620641517117
-1.07867355683
-2.4835538589
-3.24976804842
-3.28024030942
-2.68705272102
-1.6789757632
-0.447499193592
0.889428059252
2.26963684634
3.62409900577
4.82159844972
5.66331759422
5.93636932491
5.49880143181
4.35002932286
2.64915299686
0.672437302036
-1.26727896494
-2.90014516658
-4.04537375579
-4.6149828141
-4.59145488239
-4.00681463351
-2.94206072848
-1.54419187373
-0.0382644172797
1.29201074221
2.16554861231
2.39008125405
1.93438014129
0.94616981326
-0.301765056429
-1.51816767914
-2.50297892163
-3.2044289252
-3.69235809269
-4.06081858485
-4.31416412682
-4.30570255582
-3.77580739683
-2.48568560472
-0.388409272573
2.25092084874
4.86092936041
6.71761364639
7.1981911128
6.03435925281
3.45447043549
0.144776430246
-2.96588849896
-5.01880632185
-5.51448587976
-4.46694214099
-2.36814060224
0.0152463822214
1.92632215062
2.87203629219
2.75656440686
1.85853126823
0.678905394892
-0.269753792381
-0.651137415248
-0.409196831188
0.234438544518
0.874579731334
1.06860984365
0.487758259618
-0.1006387742372965
-1.3837640282665689
-2.9317125789557252
-4.171954343750571
-4.554302958103008
-3.732112496435178
-1.7032450654253353
1.1454691694675745
4.12377578685502
6.4437071084045385
7.485673767757746
7.030305389621873
5.361329128630828
3.1860784872823302
1.39046808956
-0.288080817846
-0.522363747287
0.479664861201
2.07711116706
3.46506125643
4.00093999874
3.45011575226
2.0491702698
0.367207400916
-0.964749713455
-1.53032239497
-1.28765084619
-0.549469451258
0.193717806482
0.513757962524
0.232360458234
-0.525516200716
-1.42282013971
-2.08608769686
-2.27110457876
-1.94047830146
-1.23034893046
-0.345415191874
0.544274188953
1.34249327602
1.98798032806
2.37924555344
2.3335635739
1.6333351502
0.156998347674
-1.97165302517
-4.31386407215
-6.20053064625
-6.97166111687
-6.28201681619
-4.32748081988
-1.85866119815
0.0673212872768
0.522972823701
-0.843078503621
-3.55707424046
-6.41032866604
-7.89000508262
-6.79698327351
-2.79908932521
3.32447513995
9.87520234689
14.8126614279
16.5011467357
14.3311489218
8.96506368928
2.10545784445
-4.12450882326
-7.94564117052
-8.53706691158
-6.27269803409
-2.50757444436
0.981468364642
2.67045153529
1.81948862245
1.8759743579284418
0.6980987812246013
-0.29638466701
-2.84979683827
-3.36450353649
-1.99912115122
0.433234536985
2.81428776072
4.15094672835
3.92945052791
2.27531642476
-0.124644673294
-2.29944246143
-3.36628780464
-2.86513546701
-0.936499665234
1.72287128953
4.11460534973
5.31472949596
4.8323865025
2.81102686044
-0.0151356484649
-2.60372465691
-4.02092959099
-3.82321530099
-2.23772071966
-0.051418789995
1.75717617449
2.49015716311
2.09230464023
1.22243324482
0.974025087675
2.34525122748
5.68652992506
10.3866755209
14.9725256749
17.6218034375
16.8992240518
12.4083401312
5.06561161034
-3.14928530879
-9.89145250624
-13.3230173519
-12.8005024486
-9.08884185467
-4.01246321356
0.3055841481
2.29035004924
1.49036541213
-1.34901730928
-4.71920732515
-7.07182156176
-7.49716821279
-6.0602512635
-3.66754761947
-1.55908969752
-0.687871247385
-1.28612162172
-2.81288966954
-4.2849065359
-4.80794624887
-4.0371768858
-2.3415209419
-0.601394853513
0.24753456885
-0.309707536416
-2.10845078451
-4.38487135885
-6.14740480483
-6.64890622462
-5.72610139625
-3.84624109972
-1.85075872401
-0.535180690199
-0.279183682296
-0.905878959966
-1.82646240514
-2.3803164445
-2.18615303593
-1.32305776336
-0.256327528981
0.440588990555
0.411693590606
-0.284696912557
-1.21060292607
-1.79103481393
-1.62968073243
-0.724978426875
0.530659133475
1.56733205966
1.95100802702
1.62117433455
0.919974066804
0.392917532815
0.46742803898
1.18677707868
2.1531757832
2.7247020522
2.37224439607
1.00836148436
-0.897260881711
-2.4978984897
-2.97384504451
-1.96351926874
0.204408293237
2.6159558105
4.18604015621
4.19188721272
2.66085065408
0.404076434983
-1.34649756345
-1.54233168042
0.123821498116
2.990156517
5.66722976042
6.66573346132
5.13369556536
1.35546883092
-3.24280064507
-6.61859656307
-6.9618246646
-3.50183416687
3.08702467463
10.8716615269
17.37090542
20.4938819412
19.3126260914
14.3536958105
7.30877430598
0.316407001163
-4.85842137116
-7.39878522338
-7.55070561105
-6.28561535134
-4.7186664561
-3.58048633751
-2.98283773931
-2.55153927397
-1.810309493
-0.580844180871
0.827903908095
1.74439196698
1.50329002485
-0.143953772015
-2.8045375618
-5.54021386858
-7.25467771648
-7.19273654238
-5.30950324177
-2.32550991203
0.567451803675
2.21801162183
2.00908564827
0.107983467902
-1.2765512707886728
-2.37430078561
-3.62705970246
-3.37384426747
-1.9828346432
-0.271010470241
0.912111994683
1.08016848146
0.301006195581
-0.89217125321
-1.80620589813
-1.94643665206
-1.24959289394
-0.0853011532482
0.959199517418
1.39013972477
1.05252127924
0.190054003173
-0.700296798716
-1.13458648621
-0.887492466932
-0.092966679596
0.844853302441
1.47632497921
1.54498632709
1.11585424153
0.529968102322
0.2134909422
0.444324162933
1.19917781175
2.16055085071
2.87971665246
3.01175233254
2.50232370966
1.63075858125
0.886232761837
0.736639849245
1.40174015126
2.73875196792
4.29304027995
5.48772366356
5.86276204995
5.25588978969
3.85071147515
2.08239712101
0.455458550799
-0.639190222948
-1.03188180724
-0.775717411131
-0.0645612376332
0.875441279349
1.8631407361
2.77988960301
3.53836310781
4.04109098236
4.1680657587
3.80925757268
2.92540354858
1.59887846499
0.0384927351459
-1.47364636418
-2.67275051339
-3.39733029875
-3.62991524795
-3.47573390456
-3.09527248363
-2.62969824575
-2.15862611601
-1.70762061061
-1.29119202735
-0.954613582105
-0.778412672276
-0.833528207102
-1.109532599
-1.46268636418
-1.62895027536
-1.31719108024
-0.353431546451
1.18862402059
2.94168202792
4.32426108994
4.7312225928
3.76696492774
1.42581806777
-1.86075935487
-5.33837000294
-8.16683593392
-9.69076532272
-9.64106465984
-8.19524731473
-5.88318140824
-3.38531606553
-1.3065097122
-0.007361210743
0.458652414319
0.301047445892
-0.121662759538
-0.433894570879
-0.350519289052
0.259478109447
1.35189998048
2.71911204622
4.02893326285
4.89205540468
4.95886031928
4.03350172031
2.17340213429
-0.270487739282
-2.70988460015
-4.47751652404
-5.04792704936
-4.24285782216
-2.33404816778
0.0136646904401
1.95492236334
2.76089186067
2.08732342344
0.104778909821
-2.56502861043
-5.08329139514
-6.7037265915
-7.03215792295
-6.13448373385
-4.45924149666
-2.62124419156
-1.14882338365
-0.304453352218
-0.0459318272143
-0.125359953011
-0.260393065826
-0.28597772729
-0.215119937752
-0.190777515974
-0.368614512666
-0.80257772378
-1.39717779538
-1.94878612866
-2.2472901857
-2.17717601215
-1.76053804511
-1.12067892762
-0.392811487136
0.359568642908
1.16659861508
2.09290566623
3.12908439468
4.10193460945
4.67115220008
4.43961691352
3.14254675469
0.82950995276
-2.05854361958
-4.77706164664
-6.5171079002
-6.7079476705
-5.25553496007
-2.60708945824
0.398095558518
2.83924547157
4.06099756616
3.91226451446
2.77705940407
1.38620314114
0.492943051861
0.552953799922
1.54480519371
3.00351027439
4.24616146883
4.68652505413
4.1001733184
2.72700325575
1.17069974283
0.141844679352
0.155394119986
1.30845465808
3.22707191019
5.19952618639
6.43946380636
6.37482661559
4.8543923082
2.20063759626
-0.902218114681
-3.63731535296
-5.31728094659
-5.59130321565
-4.53487015696
-2.60294586229
-0.471558314539
1.17568487696
1.84838202056
1.37924242219
1.5938601451830436
1.301465501557658
1.07321133904
-0.38017932359
-0.952159710749
-0.618762594838
0.379431730188
1.63449613463
2.71259363715
3.29101470479
3.24656870289
2.67038581424
1.81098973437
0.971759593696
0.401952688595
0.218465124443
0.380715914852
0.720382286704
1.00946939079
1.04042149437
0.692389986308
-0.0340781345029
-1.02033159429
-2.06686120676
-2.95300882502
-3.50321801457
-3.64199316836
-3.42061624743
-3.0036777433
-2.6137327523
-2.44684879311
-2.58611638742
-2.94762182357
-3.28791996627
-3.28222847486
-2.65383654277
-1.30897942177
0.579475959512
2.58373407127
4.13829716797
4.72945812643
4.08944391824
2.31863442348
-0.11790091386
-2.52623412486
-4.20609502933
-4.67902771411
-3.83832694378
-1.96810513361
0.36939231308
2.52909310951
3.98455042143
4.46445010199
3.98627929167
2.79346324522
1.23734015816
0.8672669998896794
0.7207997130622346
0.926291735903
0.450044800383
0.302596399666
0.394373243687
0.613778090256
0.844078147944
0.98588095792
0.985769114077
0.859512284841
0.692456521267
0.606691751109
0.702387666779
0.999186112096
1.41033878801
1.77044151043
1.91086468868
1.74887614014
1.34344900873
0.882678640588
0.601144697033
0.66410553506
1.07782760376
1.67710657893
2.20339404146
2.43793434501
2.32029056098
1.98426024518
1.68322500558
1.63694655702
1.8801340189
2.2013864244
2.22031890582
1.578126952
0.149376918114
-1.84145167874
-3.87762642605
-5.37489591591
-5.97278449328
-5.74126388896
-5.17645718097
-4.95554753734
-5.54685562061
-6.86333938937
-8.15406467036
-8.23456530999
-5.99917380063
-1.00843545264
6.12182795275
13.7447573633
19.6672632094
21.9358776556
19.6126220982
13.2084879498
4.56927903084
-3.76564793695
-9.48468868662
-11.3330703242
-9.51229542438
-5.49461762174
-1.34656982605
1.13874738318
1.12994298771
-1.01146841108
-4.02312265385
-6.39178996323
-7.04937246388
-5.80403518432
-3.33681569649
-0.803580657815
0.740406214908
0.811402810406
-0.346639235296
-1.96514124685
-3.18271210633
-3.47562233806
-2.87611999195
-1.88905800366
-1.17459462356
-1.17775885107
-1.90041377098
-2.9255664545
-3.66672440632
-3.69872281172
-2.98995482559
-1.91480213628
-1.04523694652
-0.837540828796
-1.38304722663
-2.35488841521
-3.17737232148
-3.32728997088
-2.60853634685
-1.25729692868
0.175128518158
1.09904047489
1.17859091042
0.490338028587
-0.529256166963
-1.31461464615
-1.45683359246
-0.896729186512
0.069901742119
0.96933748821
1.40913948801
1.27989546006
0.795055503134
0.353932575422
0.308183245735
0.762238542027
1.51712018384
2.18704650669
2.42284996504
2.11712211921
1.47519271096
0.908858424797
0.807260586135
1.30891953268
2.20248245321
3.01792272147
3.26848982914
2.72004992232
1.54367286058
0.262296594587
-0.493595873455
-0.306011127776
0.79456836198
2.30128447559
3.43548738688
3.49369605108
2.17462528512
1.4679947582594934
0.3441789169345526
-0.3353606803233191
0.0784660437961
-0.119481454939
0.609475219085
1.59384927087
2.15077360908
1.88468101265
0.832913406611
-0.594360030426
-1.83311035365
-2.427351667
-2.21032010609
-1.33359611645
-0.153993156817
0.945209108254
1.70207112658
2.02833835253
1.96365413869
1.58399448681
0.934874591634
0.0337870860066
-1.06588868119
-2.2030404396
-3.09380054061
-3.40718905718
-2.90942297369
-1.60650002576
0.197001297662
1.97042779027
3.14385985139
3.33134588263
2.48851344904
0.929452474456
-0.806583197059
-2.17680942259
-2.84243846566
-2.77018371256
-2.19119529185
-1.45161720599
-0.838291626368
-0.466659071087
-0.27635269205
-0.118236868285
0.130476503622
0.493606079686
0.901998996519
1.26061366685
1.51972189046
1.6928349525
1.80359625677
1.7994034912
1.50488071202
0.676901501777
-0.835260081192
-2.89628144185
-4.97673733493
-6.23419383404
-5.80482362813
-3.21255748974
1.28537702198
6.60651855342
11.1060994843
13.1406234639
11.7251730457
7.00416120927
0.306491335143
-6.27982505443
-10.6695427446
-11.5755694006
-9.00361995344
-4.2298863681
0.735022744853
3.96893068756
4.39532087299
2.15427881948
1.0448116969104433
0.118445491656
-1.72757371673
-1.52001362572
0.265060910592
2.49524768838
3.9850691144
4.07051480055
2.88239376056
1.20695536732
0.0301210857162
0.012885597213
1.16708987686
2.8862634153
4.29742207881
4.73463061709
4.07791101924
2.77926945713
1.56866544168
1.00625255296
1.13170178979
1.41170491462
1.02769628446
-0.639979507902
-3.58972265205
-7.07689383065
-9.88375269161
-10.8697413706
-9.53712336106
-6.3240292685
-2.46143033588
0.556150944543
1.64029848442
0.594444999834
-1.8257785813
-4.312290052
-5.66957107858
-5.41336058342
-3.9990865782
-2.55846131536
-2.27144336863
-3.69159151832
-6.37710784663
-9.03527430754
-10.1319369751
-8.67603293168
-4.78468959523
0.274777039516
4.62134559965
6.64266303155
5.80491940347
2.98457478357
0.129454732595
-0.626104087063
2.00331961087
7.75510386674
14.8047534918
20.4777844455
22.3901458305
19.5119939675
12.6714477559
4.26014401374
-2.74020184632
-5.98570633658
-4.71535733422
-0.00642856742482
5.754433432
9.93056936936
10.7455181448
7.96112619921
2.85416800383
-2.45267354155
-5.96591378621
-6.64884788537
-4.74751814663
-1.51639764456
1.47156693957
3.06939403972
3.00103058191
1.82870196496
0.513285382389
-0.16605350386
-0.0178519026721
0.530983933969
0.769592884419
0.196443723759
-1.1148290485
-2.48914469905
-2.98852218456
-1.94033798373
0.628711230219
3.89702823677
6.56561470521
7.45038510087
6.06323810881
2.88972269588
-0.787722525144
-3.45202162097
-4.03992233947
-2.43113061734
0.495937450969
3.2704876593
4.5068639548
3.5348071793
0.689466955882
-2.86716107138
-5.69879597251
-6.75356917776
-5.81926513655
-3.57203644218
-1.21505092462
0.102652075014
-0.198230649442
-1.91654283082
-4.24487420346
-6.21812841261
-7.1984051092
-7.15381840894
-6.60479558697
-6.28518753985
-6.70815768767
-7.86781871684
-9.22969471172
-10.0093984149
-9.58959912393
-7.85632407986
-5.28031062169
-2.70248145677
-0.93502555316
-0.382912870673
-0.878079551749
-1.80763845365
-2.46581636643
-2.44451153821
-1.85762262913
-1.27925913116
-1.4223113391
-2.71772028644
-5.00896891013
-7.52384773347
-9.15258401328
-8.91351446351
-6.39657942426
-1.98391026023
3.2507591928
7.91736470003
10.7953673404
11.2289182697
9.28530788219
5.64544777896
1.31044937902
-2.73002144818
-5.73681527686
-7.31054879269
-7.35984668054
-6.0278987968
-3.64779063902
-0.74115297445
1.98816982025
3.73940510415
3.81955234573
1.92937452962
-1.58693502214
-5.67562223227
-8.78890893774
-9.36435324958
-6.41758555782
-0.0146794514937
8.59471990498
17.2840467455
23.7194621935
26.155738593
24.0526297609
18.2640943241
10.7181642964
3.70948676811
-0.917609375548
-2.37721751126
-1.11445239752
1.50116375598
3.81042482257
4.55205583836
3.32397255745
0.650862316163
-2.33495643754
-4.43317887484
-4.89151338843
-3.68447375703
-1.45939489114
0.797384292549
2.20763628126
2.36162027108
1.44550142019
0.100347671001
-0.906667830189
-1.0456640127
-0.265744925469
0.980276422371
1.92899820319
1.8312419917
0.275849935584
-2.61276917022
-6.17547935458
-9.41494620343
-11.3169239628
-11.1859479427
-8.88433095287
-4.89792568732
-0.208675747889
3.98556169671
6.6168163981
7.05174371913
5.26176816973
1.80751307015
0.07117983951364693
-1.3250337623261714
-1.55737093207
-2.74341767997
-2.51318181271
-1.38485587125
-0.0379128506148
0.943143556521
1.25409447337
0.924081944174
0.232764571022
-0.456862055421
-0.869008023451
-0.915937806735
-0.695500543802
-0.40266999376
-0.210441691203
-0.183417749931
-0.2636494562
-0.326804591432
-0.26966250908
-0.0761910560427
0.174966510369
0.363477981431
0.407474416588
0.321801719325
0.217525310415
0.239290194034
0.473431651054
0.878741895811
1.28252124144
1.45115167376
1.20425747863
0.51597141437
-0.449973264656
-1.39345325211
-1.9980212331
-2.06265484668
-1.58355393383
-0.748582694184
0.150500940428
0.843753039932
1.18641991868
1.19434283971
1.00248808052
0.776745282642
0.630032084088
0.586229949051
0.604806237214
0.642843103231
0.70996207936
0.877161940342
1.22968031122
1.79007243992
2.45987544579
3.02284922495
3.22128685099
2.87549677623
1.98790251978
0.774145652838
-0.404222947546
-1.18251638152
-1.34816292543
-0.935007105569
-0.209170858756
0.450396101353
0.722881168231
0.488796806558
-0.121259286339
-0.79411026941
-1.18458691958
-1.07765302588
-0.48713135545
0.351646182568
1.0868781576
1.40026073983
1.13249040577
0.332274303801
-0.782835274888
-1.92390726758
-2.83449985607
-3.35559151087
-3.43473508202
-3.09524755545
-2.39948609116
-1.43505696096
-0.32930373556
0.728544325941
1.48960099636
1.69273316661
1.14981515444
1.0578218686353438
0.3666636878313483
-0.5802816192423279
-1.377419637578356
-1.694066525632124
-1.3816831016
-1.71596101072
-1.69240466066
-1.54795827659
-1.43113692153
-1.34889257347
-1.20063194406
-0.87633877139
-0.360481315444
0.22034759066
0.637554540472
0.670977673271
0.231239611256
-0.574440825392
-1.47399530107
-2.14953700928
-2.38547527205
-2.16929038746
-1.69107995064
-1.24047525333
-1.05442773213
-1.19683841032
-1.53511451096
-1.82669356113
-1.86768444357
-1.61931732814
-1.23714822854
-0.980002488092
-1.04378341133
-1.4124990951
-1.81751864357
-1.84348441469
-1.14067931689
0.359963392627
2.34590807559
4.20413823384
5.26342353739
5.09166776149
3.70579645508
1.58591878376
-0.52295240043
-1.93340899389
-2.30891727383
-1.784010251
-0.850453639838
-0.0653444362102
0.270280888821
0.293701466771
0.520677144168
1.56192825546
3.75181258374
6.87877303662
10.1671263981
12.5422944746
13.072347029
11.3861827345
7.87017437243
3.54277898616
-0.344726258437
-2.80467358699
-3.48382447097
-2.74507003311
-1.43284790849
-0.442766829907
-0.303784738797
-0.967781589798
-1.89477751788
-2.37605116931
-1.92419739232
-0.533501638352
1.3137064872
2.88738344772
3.56589374614
3.12368673139
1.80850268315
0.180010026447
-1.19292208028
-2.00798343501
-2.32978227702
-2.46630903414
-2.69965490505
-3.03433968065
-3.12296408824
-2.43517078863
-0.598929218599
2.26507783654
5.41431114534
7.67199776158
7.88775661156
5.47895584346
0.795412156575
-4.8922716384
-9.81929339309
-12.4135667319
-11.95420507
-8.90501127191
-4.75542438197
-1.413733243
-0.398799192151
-2.17486167257
-5.92187497597
-9.85124819713
-11.9429221287
-10.797193592
-6.24384276102
0.54618230843
7.49075641189
12.3863463888
13.7310790836
11.2509793034
5.93331704712
0.5270899958064916
-4.015384037586614
-6.387332443065802
-6.2642154695166425
-4.270729085525005
-1.5832172873916903
0.6306245253374243
1.686792161170274
1.5890813007660682
0.911026779937
-0.613003249234
-1.30772295376
-1.00561878249
-0.0201606567946
1.04613731479
1.60933030602
1.3769193791
0.465073160891
-0.680346553691
-1.50831853833
-1.62126254013
-0.949752844094
0.228581850578
1.42402977785
2.15454597791
2.14934416859
1.44968397571
0.37068244936
-0.649919903028
-1.24376935061
-1.26021774141
-0.810887498065
-0.198381503614
0.233217411927
0.25765224804
-0.133202030918
-0.728714769253
-1.19583255179
-1.22941013712
-0.692525327258
0.311662027323
1.46615401501
2.35436772093
2.6175277566
2.09383159613
0.885611753406
-0.671153545764
-2.12318115804
-3.05793217662
-3.24414093537
-2.70316291961
-1.68646292952
-0.570450914019
0.289074922728
0.686158454914
0.628358378996
0.312025694309
0.021383519174
-0.00628878166542
0.306401875497
0.833142315634
1.28906625515
1.34891604503
0.791913160638
0.5510287469733584
-0.06621226243795775
-0.6362053708224664
-0.705018165667866
0.035433057875891905
1.610719443742724
3.722282537546505
5.823367731361827
7.291906017776782
7.64258616212831
6.703453795634431
4.692741418323351
2.1660873318623004
-0.149618813784
-2.43859255813
-3.42003677041
-3.04166892908
-1.61172710622
0.322420248254
2.1593833015
3.4243995198
3.88513213521
3.57205297895
2.71141686308
1.61006125014
0.543156625238
-0.314362649913
-0.897767271274
-1.21713780486
-1.30737244434
-1.1943782367
-0.892773609201
-0.428974534807
0.132124513471
0.680450340781
1.08515122186
1.2418261968
1.11896816849
0.777487315139
0.349360083571
-0.0177851008636
-0.224925407738
-0.263492370321
-0.21362709661
-0.199105798509
-0.321151486616
-0.604358844044
-0.98204386329
-1.32824408022
-1.51958404701
-1.49478470044
-1.28095036151
-0.973420087449
-0.680796760772
-0.46565564525
-0.314145819815
-0.152373545224
0.0981774311701
0.456400250112
0.845755184084
1.11129026878
1.08698083686
0.683439669181
-0.0475840896038
-0.907581163682
-1.61374681572
-1.90628199348
-1.65467094143
-0.915621177599
0.0839064174766
1.03196533818
1.64864395123
1.78549360727
1.46771646811
0.866192342949
0.216989398188
0.2396733483216309
0.5269888655753334
1.0640272229511822
1.7429941400746003
2.4207812663798904
2.9781588426811396
3.358324837778568
3.5760364885
3.28414255755
2.99717664958
2.80640041423
2.76964409469
2.89141506043
3.11504775595
3.33279344435
3.41833329161
3.27831346893
2.90678794946
2.41596851906
2.01735973499
1.9441065627
2.33430121036
3.12313191043
4.00256417681
4.48956139744
4.09970973177
2.5695816686
0.0340813192424
-2.93331274613
-5.46268072818
-6.68098464698
-6.05194239298
-3.62299503239
-0.064877875864
3.53131362647
6.03275821457
6.67318289387
5.32581503846
2.52911631164
-0.743015838975
-3.46655686372
-4.94419505391
-5.01933570241
-4.05103636042
-2.6830633279
-1.52931543624
-0.925447209478
-0.851991006618
-1.04229237944
-1.19640617888
-1.17567633146
-1.07350680942
-1.13233059347
-1.56402214558
-2.38414937639
-3.36143586994
-4.11800623957
-4.32943880121
-3.91387576375
-3.10005023927
-2.32644569018
-2.01564671685
-2.33999452599
-3.10674557417
-3.83386395416
-3.98908109796
-3.2759246385
-1.81887136029
-0.144720870989
1.04194941467
1.18555309336
0.148872717722
-1.71013438749
-3.69519173122
-5.08673946843
-5.46036049857
-4.85304188015
-3.70040666628
-2.58567273847
-1.93643725977
-1.82855166694
-1.99527396408
-2.02716951663
-1.64432574176
-0.883629936619
-0.0918704317121
0.274958172916
-0.0659568995791
-1.02387049676
-2.14035172365
-2.81347903482
-2.62709963291
-1.6030772219
-0.224141652257
0.807055334893
0.960436276042
0.214319254904
-0.862137640279
-1.35543241544
-0.485256556769
1.92094076495
5.21303351217
8.1077284186
9.22952133881
7.76365880948
3.90424280438
-1.14044435792
-5.61858744857
-7.98108104723
-7.55748651196
-4.83624093887
-1.2071098936
1.71542204511
2.85966430577
2.1762266687
0.589484980557
-0.554833226173
-0.262631398064
1.51994367132
3.8241000726
5.15099292698
4.30801450728
1.16239625829
-3.09933743442
-6.38968162241
-6.66396179107
-2.95767938008
3.99449467923
11.8997605381
17.801190622
19.3529840134
15.9016933829
8.86067176755
1.173411355
-3.92329490943
-4.2970268708
0.146236199169
7.41428313804
14.2915909542
17.7272199501
16.1290374895
9.9965668716
1.63273136163
-5.90629715923
-10.1291332587
-10.1020629401
-6.69839259485
-2.04341061869
1.53846337824
2.56142541899
0.930977804631
-2.19931170667
-5.13657138184
-6.53543219495
-6.02034626549
-4.26251502273
-2.51809463975
-1.90061946186
-2.77622567502
-4.58627915231
-6.17014096567
-6.40344133701
-4.81382128928
-1.85869801166
1.27041012128
3.21129595316
3.07678294641
0.865910941897
-2.5499807673
-5.84235741103
-7.82533980387
-7.94733416418
-6.45259050594
-4.16602120337
-2.04063229072
-0.710354536372
-0.265489545637
-0.335081208546
-0.39540717343
-0.113695433432
0.465195341857
0.980116986564
1.00991967709
0.364515023903
-0.763020869197
-1.87301725705
-2.42157868124
-2.11909003071
-1.09320537385
0.180584647146
1.1474354467
1.49327216343
1.33479284198
1.16363985628
1.56186459996
2.83486304146
4.76295126223
6.62121183304
7.48252363515
6.66883855426
4.12883628447
0.54368333829
-2.91135127189
-5.0539430254
-5.20881321755
-3.50674810599
-0.823706803244
1.61578176566
2.78781625503
2.31610554301
0.611867746968
-1.35155982044
-2.51566924686
-2.23687515807
-0.577218478512
1.74148951911
3.68590952854
4.38878352599
3.53126220154
1.46117493426
-0.990171530183
-2.88962639484
-3.59661042298
-2.99493160413
-1.47777940196
0.276467295532
1.60870320026
2.11556643483
1.72452884268
0.608236731015
0.6329106260764377
0.38496260781917613
-0.02098115756987795
-0.483608539692
-2.51694123215
-4.08282031953
-4.78090703394
-4.31152840606
-2.66298303227
-0.207976682711
2.36430055266
4.27487578167
4.95168895098
4.26379622748
2.58086565009
0.622371527262
-0.842359866131
-1.31204826499
-0.748847416327
0.433078670196
1.57546750941
2.08186857591
1.68227226422
0.541171241393
-0.831049099143
-1.81402090129
-1.94913545299
-1.12746862253
0.380136975856
2.05035239212
3.32427283093
3.81572463567
3.42859891934
2.35026866064
0.944397850565
-0.396805928194
-1.37697708517
-1.85738983321
-1.85287415514
-1.48607573166
-0.931891329928
-0.373032851056
0.0302032031294
0.164389361882
-0.0116775328462
-0.445728169285
-0.990832901088
-1.43979965363
-1.59568494497
-1.35642480519
-0.775255801311
-0.0607378259383
0.496238530937
0.645524539731
0.298286796769
-0.414117773275
-1.17908187216
-1.63133650038
-1.51811319088
-0.825088616421
0.199859908189
1.1433893597
1.60562967151
1.38159046167
0.560000321571
0.005263431607488656
-0.34514900880988364
-0.14391727937692167
0.6814297082185874
1.8791591594509356
2.9692500318093664
3.444511881743594
2.9892493340550175
1.6201437762505435
-0.3106050134837659
-2.2483422139509486
-3.64474525067331
-4.1521396932971015
-3.7248981928724874
-2.59521692328
-1.63700835675
-0.735217405463
-0.129490182235
0.117447241579
0.0776002408568
-0.129545224633
-0.414308796701
-0.743478164419
-1.11037225396
-1.47743572562
-1.73684301278
-1.72368269513
-1.28452143031
-0.369190132733
0.904973555889
2.25842064215
3.33346821027
3.82597380432
3.60626087824
2.77188137833
1.60471176383
0.449874785729
-0.427950420957
-0.943347777342
-1.19756805656
-1.39228907001
-1.6938754384
-2.11783368879
-2.49474069253
-2.53979050873
-1.99666631722
-0.787574154597
0.905675565726
2.67534802879
4.02951591832
4.58383710482
4.21960811339
3.13670906706
1.77543696003
0.639005281326
0.0922652546322
0.2221118799
0.816946979191
1.46981016087
1.75666278461
1.4116020555
0.426759631446
-0.958236539296
-2.36265047108
-3.41328389674
-3.87031236024
-3.68405677598
-2.973726473
-1.95519292617
-0.862153641766
0.102919802509
0.777790117531
1.02712209994
0.737820206616
1.3712084722757112
1.4376568252521196
1.1241306069716046
0.7716245390283518
0.805716991382
0.0757768133664
0.280204888707
1.28509170575
2.65589001356
3.78871794433
4.12876615916
3.3924849582
1.69932219318
-0.45012685697
-2.35076680888
-3.35922677914
-3.14334847895
-1.81235895037
0.126560215636
1.96719797413
3.07574726665
3.12288970809
2.18416859688
0.674812130385
-0.843864674851
-1.89745867703
-2.27108685208
-2.05500215042
-1.55674238422
-1.13204348073
-1.01779089442
-1.24148506252
-1.63984914777
-1.96590334358
-2.02457921337
-1.7690104996
-1.31440545962
-0.869724278187
-0.627247842254
-0.667671346317
-0.926705527831
-1.23595107162
-1.41355387171
-1.35716121503
-1.09317378502
-0.759920158109
-0.535349477051
-0.545757507375
-0.799142791617
-1.17314069472
-1.461166524
-1.45465809825
-1.02573514613
-0.177804518506
0.95205074606
2.13475047722
3.11584440941
3.68339195253
3.71838042655
3.2184934871
2.29457727298
1.14385327363
0.00558301282612
-0.89370626478
-1.39524404924
-1.44930880504
-1.12790900808
-0.599612359642
-0.0699807259431
0.293457957983
0.422257171439
0.366309329641
0.259339454519
0.243225468953
0.385647669569
0.632867668587
0.826102445816
0.780109269058
0.389688291573
-0.289337012589
-1.03181311159
-1.52327909516
-1.50059712798
-0.891089809288
0.118879566808
1.12820450906
1.67020099504
1.40750998891
0.286718532897
-1.162859718351072
-2.702648163447094
-3.8111209402566146
-4.158353092806536
-3.741183571712014
-2.874902184363421
-2.0437850324464932
-1.6778322211239924
-1.9578039469003414
-2.7380978785854353
-3.62237916805
-4.34614870821
-4.42232108026
-3.85354089555
-2.93941040481
-2.13377504989
-1.829880677
-2.17532121762
-3.00360509052
-3.91312849925
-4.45448519275
-4.3367896762
-3.55663081882
-2.39194978053
-1.26815899805
-0.563579100786
-0.447398067568
-0.824313725311
-1.40626585767
-1.87005540839
-2.02004265318
-1.87587174509
-1.64462131347
-1.59466826949
-1.89639579843
-2.50998311502
-3.17667815118
-3.51979330848
-3.20979981052
-2.11867866866
-0.394667550718
1.57477883846
3.29498390993
4.33547922797
4.4730661845
3.75551415072
2.47026746422
1.03916045438
-0.117143653799
-0.698840988339
-0.598725850043
0.0855025634729
1.0925085239
2.07678166077
2.7076233983
2.767401015
2.22620438896
1.26846534612
0.25231214402
-0.40076095578
-0.361350936847
0.459161771971
1.8312807436
3.25167339016
4.11649211736
3.97347399921
2.7550785574
0.883454886209
-0.824262567485
-1.44360574455
-0.327930158747
2.56354474058
6.54704557544
10.3856780131
12.714953393
12.5717173279
9.81495058176
5.25235011839
0.394928637334
-3.08755937219
-4.00716032011
-2.13853183672
1.6631656341
5.77006571656
8.40540697945
8.34100052472
5.39012784868
0.495843036703
-4.6238670251
-8.13419520613
-8.78355928709
-6.36972711202
-1.79363731383
3.30970939043
7.20601186093
8.70531250884
7.56491779113
4.50872182842
0.878571215774
-1.92322729106
-2.9698720115
-2.11923578523
0.00430424823119
2.31973169637
3.7449593165
3.60961392979
1.87248743894
-0.916939482047
-3.8684439597
-6.09337421066
-7.00189102256
-6.45525737455
-4.74348499391
-2.42819745425
-0.131713551206
1.64515545921
2.62478337851
2.76514991895
2.20866923785
1.20624310901
0.0474562818804
-0.9907805537
-1.68087029982
-1.87496617896
-1.53120132908
-0.727218739591
0.352493044749
1.46295606093
2.37111810416
2.93068075938
3.12869555249
3.08106335734
2.97464538708
2.97788433172
3.15776505855
3.44013711595
3.63232077543
3.49947039195
2.86209948438
1.67281078574
0.040011906501
-1.80945989942
-3.60980013776
-5.14141629101
-6.28554186098
-7.02877726819
-7.42283415701
-7.52539642452
-7.35484289111
-6.88202257017
-6.06180197913
-4.88623888306
-3.43020913618
-1.86407443412
-0.424025692724
0.649288526655
1.17912866491
1.10137631013
0.477124900433
-0.505872630053716
-1.6547326175237913
-2.745500920263652
-3.5866128627346114
-4.041907462038381
-4.043186317496463
-3.5994743974680006
-2.804881128703528
-1.8384160752296879
-0.9441036912538721
-0.3834464850246633
-0.3647790393846435
-0.9695951789579169
-2.105616271768227
-3.5129273868580526
-4.831716749950829
-5.714413088721287
-5.9429465148413385
-5.504843811147595
-4.595147989632906
-3.54052345069492
-2.674955524148686
-2.2180161641795166
-2.206087602726086
-2.503545242727924
-2.884898472936598
-3.14690197248666
-3.19692054764
-3.09114711247
-2.94233900591
-2.86964852502
-2.89723160413
-2.9216140343
-2.7536268407
-2.21624798598
-1.24902378434
0.0366448408805
1.38481341849
2.49748855401
3.16538226399
3.36218847823
3.25194013949
3.10012526414
3.12800011017
3.38170958401
3.68598826419
3.71486444887
3.15504751419
1.88838663113
0.102926515645
-1.73159955931
-3.02810627694
-3.32362740782
-2.49282650288
-0.832495640976
1.03234842035
2.39206530707
2.74714468099
2.02660454042
0.629738203127
-0.73548323384
-1.35534573995
-0.828075038088
0.741231450669
2.75685465262
4.35952722921
4.77363238419
3.63124312309
1.13790511115
-1.98940819464
-4.78717169726
-6.40496389676
-6.41526647462
-4.95295560813
-2.63694049499
-0.315698671887
1.25380597759
1.66514184619
0.965014924453
0.03654161171408532
-0.9947609036826606
-1.6210218443919473
-1.593523175026192
-0.9764748334030742
-0.07107171785773403
0.7413872692362418
1.1633323195871696
1.086416560754273
0.6073849662556938
-0.035909790596150515
-0.568970627822381
-0.778522603837
-1.10528638937
-1.04420643349
-0.71805904438
-0.291620373169
0.0767434795502
0.271271904838
0.241323578657
0.0118031540046
-0.3194042782
-0.601317138779
-0.670275253842
-0.406320597608
0.210334987438
1.06642911601
1.92756534847
2.50140270871
2.53647166588
1.92156394937
0.744407620765
-0.71955528764
-2.09049578609
-3.01121326104
-3.2691411573
-2.86473024316
-1.9989793247
-0.986544171157
-0.131827127276
0.38018205209
0.535042068377
0.465729587239
0.371783936421
0.420784077011
0.67633724786
1.08086457395
1.49429813225
1.76479481428
1.7961318654
1.58257532948
1.20088869691
0.770218139841
0.403318945072
0.171812585234
0.096276058325
0.156951188637
0.311472580758
0.506823044306
0.681811684606
0.766824064633
0.691910553618
0.409049559592
-0.0774144262051
-0.688882305494
-1.27757615731
-1.66653928638
-1.71411166813
-1.37588599249
-0.732713498283
0.0343169441644
0.716166594397
1.16428134152
1.35198702056
1.37512956728
1.38677690304
1.49538328559
1.67877066394
1.76417544184
1.49575800479
0.667439412037
-0.738447176725
-2.4777193106
-4.08435067714
-5.02299198929
-4.89923284418
-3.63992179096
-1.56119460548
0.714490182348
2.46714355297
3.13307690971
2.50130741883
0.773078657132
-1.0377416958133239
-2.813603710300441
-4.067765691820554
-4.599736752884269
-4.51722491290208
-4.127547088129219
-3.7595469736938583
-3.6033307221373576
-3.639656201587073
-3.6828677478355587
-3.5051239403331067
-2.9725267327672356
-2.1225955182198675
-1.1462012591861281
-0.2874813588133094
0.283276278533
0.0302169464038
-0.366652819874
-0.673607983343
-0.70083655312
-0.403032609577
0.095800498541
0.566643583186
0.796408270538
0.703720183415
0.389473618267
0.0941089028509
0.079956098246
0.49482861407
1.2837060278
2.19355029781
2.87256097903
3.02048722559
2.52220906893
1.50400376763
0.286979797799
-0.74158968164
-1.28230699914
-1.236658382
-0.732684960943
-0.0566891645326
0.474952787004
0.646138855669
0.418614273407
-0.0718051862714
-0.592109638229
-0.923275115261
-0.955403270107
-0.727375493189
-0.398401072865
-0.168825111477
-0.187759130409
-0.48787902529
-0.973452358639
-1.463660693
-1.77018500895
-1.77509546935
-1.47675346007
-0.986049705754
-0.476349701124
-0.109431008621
0.0308719868613
-0.0308088288484
-0.179641470438
-0.269776437099
-0.198414447843
0.0390305930962
0.339790851196
0.538344448347
0.487779644084
0.141648217317
-0.404257124184
-0.936120394131
-1.20915164725
-1.06288801414
-0.511443931568
0.239585943624
0.868181947632
1.07832909641
0.748099189814
0.0100021705936
-0.786444121148
-1.22825184212
-1.04852641133
-0.294957339868
0.634158176099
1.12623158116
0.624570389821
-1.07667690022
-3.64984641022
-6.26696241786
-7.86627066557
-7.56517820078
-5.05663014013
-0.815918956071
3.98873288716
7.86967013156
9.54351512374
8.40053924591
4.72931760446
0.5675188602397725
-3.601197610021316
-6.488421270926139
-7.412431793149054
-6.479712345005524
-4.442416478150335
-2.3115028689934007
-0.904944789241398
-0.5278975416776746
-0.911734031913
-2.34494896746
-3.23683325843
-3.22998383319
-2.42150390831
-1.27981380347
-0.384504774583
-0.127327623533
-0.523854218612
-1.2240532884
-1.70845492945
-1.56547418447
-0.708748009775
0.572928081692
1.75503546992
2.33430638392
2.07530864394
1.12657152306
-0.0477866393202
-0.884712603578
-0.981048784455
-0.271995484885
0.950500392515
2.18023587163
2.92568445736
2.91539082547
2.18886096453
1.04294549052
-0.125802178148
-0.997422182906
-1.43897876202
-1.50711292773
-1.36002283378
-1.14054612153
-0.899501117634
-0.597803487872
-0.176206888587
0.358767762231
0.892866192093
1.2392148668
1.23653987734
0.856129277752
0.252684941401
-0.27942055838
-0.432920231758
-0.0386869601036
0.836278866673
1.89965627576
2.75691788717
3.09313868925
2.82704829264
2.15997867047
1.49033102518
1.22842609
1.59600415769
2.50488879284
3.57484641991
4.28734639328
4.20936033398
3.18862148193
1.43373511243
-0.556839403276
-2.18712494836
-2.99607789747
-2.83388049946
-1.91191418723
-0.710258486533
0.215829039521
0.45161448079
-0.121959548313
-1.28850020456
-2.58093853484
-3.45549213209
-3.49158131242
-2.55014638772
-0.839782483226
1.12989034547
2.69497308757
3.24318857513
2.42012743237
0.273182855874
-2.71729836149
-5.74216678156
-7.88608103996
-8.41067638841
-7.01143586447
-3.9580149119
-0.0567059516977
3.57006968136
5.82650130427
5.99699868753
3.98622550048
0.354927417503
0.10351562213436694
0.410541595144
-1.87927663521
-2.37662058224
-1.35184083121
0.455925652722
2.14504401932
2.99252863555
2.69941236362
1.45456934764
-0.192308026043
-1.58265135559
-2.21660928946
-1.9309899565
-0.928040017278
0.339420929402
1.36532153744
1.78438965572
1.49003120527
0.643025701456
-0.415346804783
-1.29891654608
-1.70545968426
-1.4976953891
-0.721833556484
0.426417151075
1.66552811983
2.69892596188
3.2783867528
3.25374239975
2.60567451413
1.45657554228
0.0523787140108
-1.28885481641
-2.25609181626
-2.63355076349
-2.36974996468
-1.59994878499
-0.608028048037
0.264154082564
0.73047534304
0.656787197225
0.103992250602
-0.698309932992
-1.43778401068
-1.83304299765
-1.73385280431
-1.17307770402
-0.35420115285
0.418897964836
0.844715421095
0.725720637733
0.0377190024729
-1.05295037539
-2.2291628809
-3.10950957131
-3.35941170237
-2.79752284367
-1.46700147804
0.352564937214
2.20298091542
3.56579554803
4.01140927066
3.33474116553
1.63184678681
2.2171739111906703
2.7262301736815573
3.73821147586
2.82281913552
2.94682827702
3.90754704297
5.2509213887
6.42531821577
6.96234739483
6.62387147886
5.4687193191
3.82223935651
2.16464645455
0.978163411407
0.601209969457
1.13032652551
2.39274114003
3.99208769483
5.41265331302
6.15609982594
5.87857356749
4.49473394015
2.21912796258
-0.473558010626
-2.96848481619
-4.68502897107
-5.25657603303
-4.65593815691
-3.21647419024
-1.53072702224
-0.252963431903
0.1277171828
-0.540582198927
-2.02383699436
-3.79910602318
-5.26094719649
-5.95463719545
-5.74112835849
-4.82726445375
-3.65302239591
-2.68978723718
-2.24151010027
-2.33637429248
-2.75216751087
-3.15491844358
-3.2778453011
-3.05136346048
-2.62230938555
-2.25773655847
-2.18702477544
-2.4664805207
-2.93798716842
-3.30416636047
-3.28197600038
-2.75560179563
-1.84898531281
-0.878822552368
-0.2098041184
-0.0840629088085
-0.510363205403
-1.26829091818
-2.02393490508
-2.49648794261
-2.58943190687
-2.41912610362
-2.22805687256
-2.23151992533
-2.48272262496
-2.83252899357
-3.00991775776
-2.78324324093
-2.11531572127
-1.22313565641
-0.499145445008
-0.323169506814
-0.856011800356
-1.92377783012
-3.06409111971
-3.72737631678
-3.54561035729
-2.53829722317
-1.14499318748
-0.0499785290703
0.136147645299
-0.802127247087
-2.5146391667
-4.16163338402
-4.72597036438
-3.44278250999
-0.167326772139
4.48218534952
9.28198180107
12.8122640232
13.9648738821
12.3518568415
8.45542582904
3.46221370734
-1.15150406359
-4.12275712135
-4.80462087702
-3.32767025493
-0.478475772877
2.63747980324
5.0059916453
6.03069782777
5.66640447921
4.33418784687
2.67886875868
1.28249012458
0.450535899209
0.144821681427
0.0699026583773
1.0200694255416778
1.5844385004715065
1.7530200133266902
1.752405551227966
1.9332519628642615
2.60186049623
2.68848883733
3.23149599202
3.87516789409
4.19160353652
3.85516841684
2.78183763183
1.17722228496
-0.526545371446
-1.82134765306
-2.30383527361
-1.81864372695
-0.512205289458
1.21943769571
2.865313686
3.9642220533
4.23990282409
3.66326259962
2.42933563671
0.868904574535
-0.664966559942
-1.89352938715
-2.66496852174
-2.95828796415
-2.85251872687
-2.48296686231
-2.00193393146
-1.55055259046
-1.23902682285
-1.13023863606
-1.22648824383
-1.46601917674
-1.73825666921
-1.92064640429
-1.92775809193
-1.75214987951
-1.47454967808
-1.23203877413
-1.15340357781
-1.29041147974
-1.58087003651
-1.86769662739
-1.97141638253
-1.78422502581
-1.33785650141
-0.805471813502
-0.428259225341
-0.396551252912
-0.742907674568
-1.30471742317
-1.78352665135
-1.88059481773
-1.44666263537
-0.570947310664
0.440841910427
1.19704162906
1.40142629913
0.998238997777
0.206799940385
-0.576702673662
-0.966816038874
-0.775469678443
-0.104298732572
0.706259586195
1.24885076859
1.25749730131
0.746664512545
0.00803755314837
-0.536760579085
-0.554842001115
0.0196513260818
0.941691513729
1.7728354807
2.1036373639
1.768123344
0.938072969199
0.0441127823684
-0.440534428811
-0.244862523657
0.553714184359
1.56138654549
2.2670547303
2.30942429698
1.67397284577
0.71353312553
-0.0253078552798
-0.087040328086
0.640647672252
1.83969327411
2.89116733833
3.1636953789
2.32034949869
0.491076708293
-1.77667068149
-3.76519981992
-4.90779559103
-5.02318330104
-4.34897590594
-3.3661312349
-2.51714648235
-1.9768484464
-1.60482456436
-1.10657377951
-0.309526460292
0.614085516558
1.12924950976
0.572861380864
-1.45258046764
-4.72512220365
-8.29728968465
-10.7450014222
-10.710282634
-7.52063209788
-1.60367494825
5.51791357727
11.6923865315
14.9021157138
14.0191859661
9.23919243018
2.00937357276
-0.9578701474601559
-2.16513383248
-5.11975744572
-4.96565284804
-2.64215954691
0.383733611756
2.76085537618
3.75208617893
3.39757091565
2.32084273251
1.31653339096
0.938667685735
1.27859028252
2.00638962045
2.61312509375
2.70184814235
2.17249762426
1.22166945826
0.186080664347
-0.661088695204
-1.23904342626
-1.64753411178
-2.03730945176
-2.45567433202
-2.77200201944
-2.737233451
-2.14816279802
-1.01995308072
0.342016017904
1.42887737235
1.74430611171
1.04501475974
-0.005756553453394986
-1.4259235481745378
-2.5833960116959673
-2.9941056075833217
-2.535541444708329
-1.4838486330376952
-0.35626239250110814
0.3602371855901083
0.4549455319169198
0.08829394226296472
-0.31192601240501006
-0.29726739922541867
0.3421115397932937
1.443388555123292
2.535981000489784
3.0765059902199425
2.736188282952085
1.5938343562985722
0.13268541186008065
-0.9637596250725977
-1.1223264136292812
-0.14995142808659523
1.6646848729551778
3.663908310298851
5.093276049329873
5.407057406142428
4.4724328890249865
2.5930978596426257
0.3608842598299731
-1.5804417484163338
-2.7475909618
-3.4409338919
-3.17696352787
-2.14445444552
-0.58940780186
1.23197613726
3.04345972839
4.5236190314
5.32207595368
5.14676121251
3.8985288244
1.782749792
-0.681471436841
-2.794245666
-3.91862113725
-3.73781408653
-2.40562936608
-0.5069001386
1.17147176537
1.96721803863
1.62285246548
0.389526110256
-1.0972070719
-2.11589167781
-2.19545686477
-1.33369905328
0.00300129494211
1.09701477537
1.3105683825
0.375463615826
0.5331025055281486
0.3522829217138508
0.529009862261
-0.205863784183
-0.0112108390663
0.783078846117
1.61603379248
1.96940751856
1.60247866972
0.642942989894
-0.497038660548
-1.32737527272
-1.50459093066
-0.970873655256
0.0463298070106
1.15804185638
1.98960421258
2.32246002491
2.14377664082
1.59836013269
0.885297089578
0.161500805671
-0.500845862049
-1.09381350048
-1.61853385826
-2.04001793783
-2.28481599149
-2.28331580563
-2.02776098268
-1.60500867985
-1.17656806566
-0.909550703049
-0.892725459063
-1.0840643141
-1.3224018696
-1.40295868417
-1.18200742761
-0.658524673143
0.0100237169798
0.56894792616
0.77787730181
0.52081704203
-0.136636080881
-0.969064352871
-1.68107509719
-2.02373228493
-1.88627537233
-1.32616462827
-0.530464098626
0.268149382179
0.880918218825
1.22141726944
1.31494876287
1.2643902117
1.19449256671
1.20016968417
1.31627612023
1.51353820523
1.71515016434
1.82488456443
1.75913228589
1.47775378399
1.00840730868
0.456219236077
-0.0108962504348
-0.206650211749
0.00570887266731
0.643087320509
1.56077717372
2.46690874947
3.00199231799
2.86400250909
1.93417105099
0.350053526957
-1.51236517332
-3.15080767338
-4.10608813518
-4.124637343
-3.24967264969
-1.80439492667
-0.274910133614
0.858569133651
1.27473214516
0.89186256862
1.0432870904875386
0.822582562093757
0.5351881685995323
0.418680442716
-0.669526459789
-1.40692093652
-1.79152804536
-1.83174344114
-1.5419266627
-0.964560403605
-0.196104553033
0.610082680432
1.27625436556
1.65753322009
1.69526536248
1.43638014794
1.00547413057
0.542274948602
0.137315180437
-0.199111517735
-0.517587512444
-0.871442359641
-1.25497258383
-1.57740764051
-1.69348863249
-1.47941771375
-0.91476817489
-0.12305516244
0.658041622142
1.16973488861
1.24632439708
0.893648550262
0.289770738185
-0.296039909358
-0.627939303367
-0.609951808545
-0.320417955075
0.0427934841119
0.276947723602
0.287540295889
0.138411052302
0.0105156802025
0.0903132578596
0.44825838224
0.975964423686
1.42171034661
1.51221183977
1.10082963753
0.264352225058
-0.706990884747
-1.42880996168
-1.59712592642
-1.13339315216
-0.226852950702
0.749472853395
1.41020573152
1.53350559984
1.1558669021
0.540735583618
0.0390443214304
-0.0865857578342
0.214508706155
0.769511756996
1.28402611949
1.50050908196
1.32891212111
0.882405983944
0.403310744736
0.123489969214
0.137831799703
0.360669353673
0.58793650675
0.62813070799
0.425546474043
0.102052805072
-0.11158031164
-0.0207163603117
0.392800732533
0.919867876399
1.20391653023
0.921940721587
-0.0226099559232
-1.40082443186
-2.71971359543
-3.43236260024
-3.20637612835
-2.12129091973
-0.689265039907
0.328576895587
0.241003850105
-0.6475725108688408
-2.697659876534459
-5.167580595210865
-7.097683888320006
-7.683664286333666
-6.590681015480612
-4.076869331502593
-0.8795565359805266
2.079493398287923
4.0394028865371325
4.652695456931696
4.052292966963904
2.7275820836414084
1.2857549267589832
0.21387516748374935
-0.2599869780814146
-0.167828388184
-0.313309508741
-0.279818137185
-0.188835561235
-0.0686007945484
0.0921209429588
0.27432716318
0.397636829483
0.352366817539
0.0757966133828
-0.377816616437
-0.824667992757
-1.01683284302
-0.761204805997
-0.0332617040682
0.976728261622
1.91731989797
2.41247560348
2.22141906006
1.3478017149
0.0463410300634
-1.27722147079
-2.227417129
-2.56905071324
-2.30133227153
-1.62954510369
-0.855910339448
-0.245984914636
0.0678005781096
0.108252169564
0.00349087146571
-0.0989892475613
-0.106655710526
-0.0109326439478
0.133669063842
0.257657803491
0.318768057359
0.315245925971
0.269737196148
0.203323590497
0.124110710083
0.0416777586034
-0.00361113400331
0.076113221819
0.394597698389
1.02723805413
1.93037774317
2.89141423729
3.55368960867
3.5293800453
2.56784434193
0.708979817619
-1.65704541103
-3.87171518697
-5.22037002754
-5.20090566974
-3.73978570727
-1.25750198315
1.45747282205
3.52745454
4.31052887449
3.6406566487
1.88314996273
-0.219057102062
-1.84589748389
-2.42385156747
-1.84059558367
-0.465719783127
1.02503028627
1.94300136849
1.87235289693
0.831117522693
-0.753087665196
-2.23424733823
-3.02003562296
-2.81043882665
-1.7088058175
-0.168563235874
1.19294396014
1.83164937013
1.46962829526
0.17376206687
-1.0077138510461907
-2.273668178397017
-3.182176262831362
-3.4873817582005984
-3.196032207076925
-2.5256523215300035
-1.7923216467545586
-1.2778340508494068
-1.1265233777590282
-1.3044080489130465
-1.626869378542338
-1.8366765958875249
-1.69985804038
-1.77312563098
-1.38130735796
-0.671138327628
0.126455659334
0.769813349912
1.08017378561
0.994313330977
0.582078069065
0.0247887840575
-0.438896812413
-0.584392421239
-0.269895810255
0.51697942069
1.64812738196
2.88306423215
3.92876438358
4.51462190238
4.46161041479
3.7266093253
2.41045083682
0.729123172257
-1.04176251317
-2.63209536579
-3.83357898622
-4.5334807223
-4.72062860218
-4.46764524901
-3.89980988256
-3.16245889888
-2.39550377191
-1.71760632483
-1.2170846071
-0.944573338137
-0.904779187773
-1.04978400217
-1.28082308332
-1.46575348239
-1.47394946187
-1.22082617658
-0.705286414029
-0.0207149354586
0.672776959043
1.21138711537
1.50412181519
1.58899438911
1.63729107686
1.892555208
2.55964245404
3.6862300447
5.09103042444
6.38126773441
7.06838872129
6.74793651628
5.27573222825
2.86482180602
0.0527566027891
-2.4610701055
-4.05319350265
-4.39824599109
-3.58562538756
-2.08033402166
-0.540697529208
0.434513307101
0.526884150505
-0.202006165091
-1.36908249052
-2.45538916589
-3.03411965235
-2.94088024399
-2.31535412358
-1.50382352256
-0.875276573136
-0.641038825859
-0.762474788068
-0.986857077341
-0.989736827542
-0.552457997293
0.311159021469
1.33865031972
2.1194559433
2.26388223335
1.56244054904
0.0655307282874
-1.1688131240507715
-2.52546556404981
-3.645700539574875
-4.313519705059818
-4.485904599841831
-4.245978341859001
-3.717464206015336
-2.992244082599157
-2.107651836352346
-1.0766266482494018
0.0585561621041677
1.1915901504096098
2.166446257811714
2.8396961886971184
3.1584439433256364
3.20777252748
2.35139869294
1.67892483005
1.3669935621
1.43669356143
1.7387192519
2.02097840989
2.04893985136
1.72085696332
1.12039822835
0.478838147679
0.0634085346843
0.0453934727371
0.412273359298
0.967058925754
1.41541056067
1.49852090133
1.10828500845
0.331347015002
-0.595488888947
-1.39285799731
-1.8552242863
-1.92152355673
-1.67232017981
-1.26457414505
-0.845283346165
-0.491466451326
-0.204258962194
0.0485736106335
0.275393948519
0.429239297563
0.424877483706
0.195334557596
-0.248050575931
-0.793676454356
-1.26746526949
-1.51675273664
-1.49612225833
-1.30382955185
-1.14005354688
-1.20037458494
-1.55730431312
-2.09656245386
-2.55251818011
-2.63731141566
-2.20523883253
-1.36668461276
-0.481772901238
-0.0191350456647
-0.334594377892
-1.4732286108
-3.098825372
-4.60220798858
-5.35596279878
-5.00711943559
-3.66983743894
-1.91549705727
-0.545563769876
-0.234509888007
-1.19809764633
-3.04210325557
-4.87434411121
-5.64862999449
-4.60379726969
-1.6127794006
2.71079175902
7.20056429875
10.5477430983
11.7679559392
10.5375171835
7.27078342038
2.9219625612
-0.8555920092099143
-3.707166011781055
-5.218924353654131
-5.47985212362012
-4.90729705185332
-3.9785733455686056
-3.00395161368904
-2.040148477445072
-0.9643335262070423
0.3527670259898059
1.880803706291445
3.365761035456444
4.404770626208489
4.622565548560345
3.85967838849524
2.276254020626112
0.31691766657831977
-1.4504431835051719
-2.54942952903
-3.14013250711
-2.95665746063
-2.3473436856
-1.73275005431
-1.42620618788
-1.52277978302
-1.89736923587
-2.29934027904
-2.48879972178
-2.34720872432
-1.91557284082
-1.35370036219
-0.852377567799
-0.548142416191
-0.481083402184
-0.607567451931
-0.849025385538
-1.1415303292
-1.45638979137
-1.78428296222
-2.10048062026
-2.34139562185
-2.41567661351
-2.25041944243
-1.84816882701
-1.3182761646
-0.855167361932
-0.662807573955
-0.855509890978
-1.38334574365
-2.02464465478
-2.45929788294
-2.39784711769
-1.71165941925
-0.504350055704
0.912028920152
2.13064203804
2.80696275587
2.79224025518
2.18605046809
1.28654510917
0.462347673671
0.00374500185394
0.0175566815303
0.407475946311
0.941254972525
1.36736344496
1.52464011577
1.39682640188
1.09405332672
0.779479718593
0.583473063795
0.548988085243
0.631162080156
0.743606276733
0.819832475858
0.852937142101
0.89192395296
0.99970006241
1.20073032241
1.45272020959
1.6628346362
1.74237938066
1.66939425314
1.52042367827
1.44662163177
1.59915413469
2.03920404411
2.68192248537
3.3120504772
3.67526680677
3.60922117294
3.15204904939
2.56889637351
2.27013185683
2.64483861666
3.87677654313
5.82556120384
8.03365060283
9.86767826805
10.7432168762
10.3423947292
8.73313229282
6.33896034671
3.77238439827
1.60399582911
0.166887262647
-0.521563796404
-0.693280738417
-0.658310790766
-0.617091997081
-0.551067022554
-0.247853575329
0.549401265418
1.94231205162
3.73100631623
5.40616678012
6.30317784897
5.86589555696
3.91075606964
0.7716746205
-2.75072623275
-5.63258646152
-6.97792566478
-6.34332687929
-3.90805007878
-0.420738029129
3.05804498704
5.51821477229
6.32954929122
5.41783006373
3.23277943425
0.536878216833
-1.88862728046
-3.50077814791
-4.12262258303
-3.9122563669
-3.21294919959
-2.3688731562
-1.59363006592
-0.941657197805
-0.375902638738
0.12301356082
0.477977212216
0.517815809285
0.0647582857523
-0.938516853888
-2.33399289692
-3.74702772275
-4.69722921228
-4.78457905903
-3.87239908596
-2.18193982517
-0.246209213856
1.2702215282
1.8191987891
1.18544352253
-0.418920332356
-2.42412693467
-4.11215101008
-4.88365108375
-4.47714861232
-3.05563468097
-1.13084366243
0.638832170026
1.6921954171
1.75440522305
0.90311781513
-0.502522566784
-1.98820687831
-3.15017422994
-3.78488291712
-3.91915018945
-3.74409236925
-3.49615738954
-3.34482762793
-3.334504587
-3.39630263385
-3.41085875272
-3.28236497489
-2.9852477194
-2.56510104818
-2.10236550059
-1.66623334321
-1.28798135507
-0.967768234073
-0.706366987713
-0.536556387805
-0.527746815717
-0.752920849413
-1.23082473106
-1.8752189953
-2.48559019792
-2.79695284805
-2.57739324358
-1.73500358477
-0.385034806161
1.15957698902
2.47985435882
3.1936166013
3.09378169793
2.22549632765
0.869643513176
-0.560864330469
-1.66938578001
-2.20839564536
-2.14563425694
-1.64276208813
-0.963510033064
-0.356349397397
0.0369199884858
0.211951563566
0.267790897879
0.333071580446
0.49233634692
0.747071237679
1.02514364274
1.22733758248
1.28305689541
1.18626393818
0.996179255855
0.806882990662
0.705074200306
0.738515711998
0.908657805805
1.18574245624
1.5323354342
1.9184749806
2.31937614996
2.6997155936
2.99882480741
3.13228037362
3.01641817037
2.60816676378
1.94138046814
1.13921808357
0.391526816152
-0.0979531075225
-0.17561910399
0.210834780422
0.992094885805
1.99201644561
2.9681696944
3.66223589279
3.84722362497
3.36717597452
2.17230442138
0.352109124886
-1.83978248838
-3.98674489065
-5.55831720371
-6.01921474359
-4.98512293771
-2.38221037942
1.45219444353
5.78521211725
9.64369220774
12.0792498854
12.461991191
10.6970314386
7.27485065489
3.12326442558
-0.695208673275
-3.33290684424
-4.42268069236
-4.15889257511
-3.16590573718
-2.21207879194
-1.88948158533
-2.3909385908
-3.47141661353
-4.59973798234
-5.22483873292
-5.03419655117
-4.09050312111
-2.79113695117
-1.67615106429
-1.17737935054
-1.42431605404
-2.19271749756
-3.0146494658
-3.39565517367
-3.03897292409
-1.97766081808
-0.560437510606
0.696411338717
1.32152873267
1.07285407423
0.02024197223
-1.49823316239
-3.0160453797
-4.10802948548
-4.52109094645
-4.2234584071
-3.37064010021
-2.2200456042
-1.03896562297
-0.0402898875835
0.643197957409
0.956861258621
0.913908119638
0.58903122686
0.113394643618
-0.342356993689
-0.608218484695
-0.574193111297
-0.246254417974
0.233306998933
0.6246912748
0.686204618989
0.292885206101
-0.47578697972
-1.3286230516
-1.85469984274
-1.68822213611
-0.681167417984
0.993823097967
2.86509260136
4.31250408064
4.79445348779
4.06166989394
2.26846742553
-0.06828887963
-2.24971463147
-3.64386669967
-3.90377579023
-3.06940119672
-1.51856165987
0.204410722089
1.60452900618
2.40539369521
2.60741777883
2.42376708583
2.13724499696
1.95260591839
1.91386946466
1.91937269127
1.81734063816
1.525770988
1.11042049313
0.777398373933
0.780544896846
1.28709173559
2.26742134682
3.46566255877
4.47176924639
4.86943102011
4.39889410242
3.06544777916
1.14652694452
-0.906953759499
-2.6351142587
-3.73268766601
-4.14648154578
-4.0701342123
-3.84233358762
-3.79334522459
-4.1035868808
-4.73032372149
-5.42881468538
-5.85560626799
-5.71009695539
-4.85803315088
-3.39081552221
-1.60170463485
0.10770659241
1.35292092541
1.87802765567
1.61725959539
0.692595540433
-0.642322366969
-2.08467492147
-3.35989804686
-4.27100465916
-4.71242169836
-4.65636279056
-4.12845683859
-3.18869721656
-1.92558076091
-0.460575618069
1.04758921845
2.41028082647
3.43363089127
3.95683341913
3.89227297108
3.25277289696
2.15487890484
0.795477847968
-0.591655281187
-1.78654397974
-2.6270889887
-3.03652111914
-3.03037651707
-2.70465102335
-2.20978007152
-1.71566981901
-1.37279964395
-1.27514559446
-1.43266101654
-1.76265650759
-2.10790878651
-2.28277992747
-2.13783082348
-1.62243618672
-0.819700289488
0.0666411788548
0.777121488748
1.09460729297
0.93821818384
0.410863246643
-0.22783583632
-0.661726958249
-0.655979174641
-0.174601787901
0.57906504926
1.22754350593
1.37354321522
0.783548116627
-0.480046673283
-2.04487318129
-3.35277571945
-3.88160588401
-3.37541448979
-1.98102684006
-0.221187736338
1.19897930195
1.68178503691
1.00448369046
-0.553302551182
-2.28729118433
-3.33187612824
-3.00868549813
-1.11835770015
1.9488318179
5.33634196972
8.03531351308
9.26539169058
8.76912052181
6.90096322002
4.47612935824
2.44264140835
1.51088305576
1.88885408069
3.22391569837
4.76466956447
5.6677390266
5.32084855679
3.5561046172
0.681187331958
-1.3093466413949386
-3.0456579123081156
-3.95499182367
-5.14537961508
-5.27142907261
-4.58868784133
-3.43168676779
-2.09809156881
-0.797370219203
0.336712522468
1.20408250535
1.71015252927
1.77719673902
1.38928515281
0.638055345021
-0.269366653872
-1.06051569699
-1.49317945882
-1.45485716809
-1.0161123997
-0.40602723267
0.0853442284858
0.235691779049
-0.00948595363604
-0.514169409255
-1.01929190926
-1.26967760273
-1.1399397375
-0.697985994649
-0.173998218954
0.151680222478
0.0884467649178
-0.364739557621
-1.00926343745
-1.53352968879
-1.65685058624
-1.2628529738
-0.458748522489
0.468733357445
1.18141786615
1.44288126538
1.22601988974
0.72548414433
0.269558656018
0.17212273822
0.591918192224
1.46163602164
2.51636682317
3.40581716601
3.83848046497
3.69471913517
3.06318786579
2.1914820986
1.37947155672
0.865362254273
0.751754658978
0.995519283932
1.45423010157
1.95853114653
2.37419749289
2.63009063651
2.71004425896
2.62555235208
2.3925312083
2.02755817111
1.56293867772
1.0658102653
0.642544236602
0.417940836716
0.494013230648
0.906452335531
1.60038829622
2.43870703761
3.24057868363
3.83365318725
4.09827021277
3.98839907499
3.52765954
2.7913893427
1.88985662909
0.961198876731
0.17006214207
-0.302058378325
-0.288429340803
0.308080076554
1.45406308697
2.94918791554
4.44369138128
5.52015345378
5.82035588951
5.17192418249
3.66129978586
1.61631983394
-0.501886553544
-2.25771041629
-3.38586999593
-3.86151266792
-3.86755531597
-3.67814113582
-3.51609813828
-3.45399675735
-3.40617756164
-3.21296999495
-2.77061829512
-2.1351576189
-1.53924170015
-1.30368018093
-1.67989095181
-2.69861601911
-4.10368160495
-5.41389274944
-6.09716647479
-5.78653252527
-4.44409040582
-2.39849985755
-0.23576076043
1.4130205298
2.09903270434
1.70610102092
0.468078829107
-1.14366380446
-2.60602335069
-3.52234153667
-3.72582409699
-3.28265144732
-2.41607007321
-1.40176233812
-0.48426102153
0.16104829359
0.428142514394
0.270343500632
-0.29580504835
-1.17081326697
-2.15921431214
-2.99421637426
-3.41465182375
-3.27472843407
-2.63528073595
-1.77768787286
-1.10897674666
-0.980049872943
-1.49255269766
-2.39306548976
-3.12750015352
-3.0592436072
-1.77148931034
0.681344849414
3.70373054236
6.331125609
7.59570668989
6.9393911715
4.48970746868
1.06014735395
-2.14782907018
-4.02851518821
-4.03621722134
-2.421690332
-0.125438549023
1.63655155369
1.91794832592
0.47604518391
-2.10392178593
-4.65679332092
-5.95267414066
-5.25090648099
-2.64352440539
0.968517128138
4.25811407059
6.04339520982
5.79227061807
3.83578972152
1.1986679462
-0.871577319962
-1.46140691659
-0.384134267404
1.76159525209
3.88366152339
4.89705907301
4.20293395006
1.93424148502
-0.9509210226502631
-3.570609701514357
-5.044953577125398
-5.0295417318615705
-3.8104366971317347
-2.117808666348438
-0.7643150210466558
-0.2855504379171805
-0.7443457260944797
-1.771357906458249
-2.798197253572013
-3.3530228750345827
-3.2710508353974888
-2.7272468586889858
-2.09399525265367
-1.7133233823714988
-1.7091644914117268
-1.935527757856761
-2.0799541599616447
-1.8592928272817062
-1.198605547045915
-0.2958687048818547
0.4630631686908373
0.6960612096783478
0.2245558548550548
-0.8209754522455057
-2.0447002366295237
-2.9584174079923145
-3.2000915550850095
-2.692677602468123
-1.6685362456328505
-0.5511272837825203
0.245555600065
0.282406038862
-0.164054130673
-0.81402730622
-1.32184404842
-1.45346432022
-1.19572115411
-0.745616942994
-0.389582157713
-0.337723798093
-0.599847929874
-0.968447123997
-1.12014792815
-0.787821224498
0.0806469630073
1.25687516802
2.29758533288
2.71873176706
2.20506637574
0.764195329548
-1.2433923652
-3.21472941934
-4.51310989699
-4.6933492797
-3.65681316285
-1.67975390623
0.690285365421
2.82507316571
4.21915430658
4.63352632248
4.13565209973
3.03408743212
1.74390489403
0.638880365166
-0.0569814748077
-0.307998585039
-0.234422855515
-0.0330611593672
0.113149021446
0.103592485191
-0.0527637097429
-0.253151058902
-0.347676757388
-0.198062182913
0.269738295089
1.03199971748
1.95943250019
2.8366470246
3.40655136038
3.43352182682
2.77418163088
1.43893621847
-0.376317999802
-2.30692598934
-3.89294457188
-4.69971588408
-4.45548868304
-3.16147397723
-1.12932292364
1.08113118245
2.81812679606
3.54528458038
3.03046812185
1.44387449135
-0.680988071794
-2.62165695306
-3.72151937759
-3.63361676256
-2.45898394353
-0.720064048978
0.828522001226
1.48473227189
0.871067013285
-0.386777564694313
-2.271578409887155
-3.99869524310877
-4.8423804806124195
-4.412087102724229
-2.796703859529458
-0.5211879100053665
1.6640573852245524
3.0740175750371037
3.3431894735771976
2.544722941611667
1.1344758252846674
-0.24799121434243432
-1.03395114316
-1.48347318092
-1.10987702377
-0.270194046365
0.558146467395
0.975738027483
0.805371837977
0.131686940911
-0.765834751224
-1.54561127205
-1.94105244876
-1.84827991123
-1.33917305524
-0.608256325804
0.1141124798
0.64397035638
0.893985291017
0.883159588436
0.713922947505
0.532019793778
0.482918372346
0.672517669544
1.13563752219
1.81607066028
2.56508488776
3.16631219341
3.38969668809
3.06545582833
2.15580376874
0.795260890641
-0.724122024622
-2.02789886331
-2.77520234777
-2.77581065524
-2.0631346223
-0.891539739363
0.345403890764
1.24785979818
1.54500681303
1.18239876291
0.329974671983
-0.689667169803
-1.52293632936
-1.90989771518
-1.76683621769
-1.20044262551
-0.454197439092
0.188481165453
0.50711322022
0.417507664207
-0.00667725903293
-0.567682329679
-1.01862229606
-1.15392203663
-0.885841351567
-0.282200937987
0.448325791274
1.02129557749
1.17327050959
0.758825041595
4.94385733936
3.75286453408
2.57325214226
1.7317470888
1.43338557368
1.6845104605
2.29395311194
2.95634914887
3.3853070825
3.4391158855
3.18101035704
2.84261559451
2.70295164472
2.93671373199
3.50417540447
4.14007635551
4.4549883273
4.10922132688
2.9817302852
1.2539615085
-0.635708945637
-2.15278525736
-2.87457315546
-2.65382371849
-1.6662020074
-0.323294351483
0.90498038687
1.67419168345
1.8720197527
1.60584759515
1.09052939247
0.504872294933
-0.102242680349
-0.805949067841
-1.70717660552
-2.80341937275
-3.91053311965
-4.69298774053
-4.80163990735
-4.05615195961
-2.57705620103
-0.789224623413
0.721727684162
1.44459322595
1.16318385324
0.0563937047559
-1.37513573534
-2.52693850515
-2.95416946625
-2.55801382794
-1.60851912814
-0.595991373232
0.0140559442387
0.00149147738419
-0.519218858857
-1.18108313212
-1.57142786492
-1.45463567074
-0.895040733243
-0.216354113566
0.181350366176
0.0518406059373
-0.541072832771
-1.22671265234
-1.49560416749
-0.954091222897
0.458576648553
2.39930655699
4.2358946604
5.2983600292
5.15321698293
3.77748376398
1.55818800337
-0.874663624701
-2.89891370857
-4.12028265895
-4.47093651243
-4.16052192242
-3.52453760206
-2.85693547686
-2.30858145117
-1.88757882727
-1.53864385511
-1.23883005702
-1.04578038075
-1.07002433199
-1.39247708317
-1.98318442938
-2.67777987737
-3.2343824748
-3.44550639068
-3.24484247014
-2.74781517043
-2.19896688406
-1.85001609537
-1.83174080075
-2.08839763229
-2.41125378429
-2.55480124436
-2.37397729983
-1.90814208867
-1.36514641543
-1.01226464508
-1.031463465
-1.41687365271
-1.97090736766
-2.40319182452
-2.48118248802
-2.15277832736
-1.57519365372
-1.03371457729
-0.792578152251
-0.956639421865
-1.41701162537
-1.90919237433
-2.15218492178
-1.99405458071
-1.48649508669
-0.849915448514
-0.350194222381
-0.156092727501
-0.25611696922
-0.479786644858
-0.609218766706
-0.515294285169
-0.237552212544
0.0422422866661
0.122164511365
-0.070297213581
-0.390756690144
-0.513619477937
-0.0866646562125
1.06786399953
2.81148575981
4.69120021528
6.10038258743
6.5330152504
5.81311253095
4.18679739016
2.22746376004
0.594438423047
-0.242621710903
-0.184492021659
0.493557542211
1.30854670356
1.81796178148
1.82295769897
1.42842446656
0.939684894679
0.661964512088
0.71805337748
0.985946587302
1.18936302256
1.08716055604
0.650026091455
0.116466031341
-0.115505361307
0.287035935669
1.36876412421
2.79101476278
3.93191862417
4.14968475223
3.08873861385
0.877964812393
-1.5348508755140386
-3.6636945947731476
-4.784399764281758
-4.587176980566568
-3.2936580483636106
-1.535436978636028
-0.05578814386436193
0.6209642722153745
0.3971089890588786
-0.40378526319935304
-1.2379598783686419
-1.6265341120394226
-1.3780495810419922
-0.6426314100072119
0.215507485238
0.421929800031
0.260530493441
-0.135788049175
-0.463853930209
-0.451637028179
-0.0394549871204
0.566216160456
1.00150513095
0.959073233726
0.387380356608
-0.441866919072
-1.04734284017
-0.984110665338
-0.0974921957367
1.35181586306
2.76769082374
3.47670511816
3.04423902782
1.49386508651
-0.681253122482
-2.7255038671
-3.94962138028
-4.02446256087
-3.10132473613
-1.70719619021
-0.474467318978
0.156300483644
0.114383251962
-0.3221823027
-0.722002075126
-0.757048252586
-0.381095990666
0.162265324281
0.499183473179
0.35845769079
-0.255347505873
-1.04783064219
-1.59062358266
-1.56297700179
-0.944484250691
-0.0468562619898
0.642615983539
0.730447350088
0.157559615082
-0.723428423235
-1.2895267661
-0.950369867163
0.531962876527
2.8684145579
5.31133996256
6.94754752867
7.08730153338
5.57062617052
2.84812209658
-0.201815234702
-2.63490399445
-3.81640289501
-3.64312047015
-2.52232824219
-1.13431882469
-0.103634294893
0.262327909348
0.0526585074614
-0.368173453944
-0.601701416735
-0.444574410344
0.0102022914604
0.442009469462
0.493755423288
-0.021827743637
-1.00922354166
-2.1248068955
-2.93497433616
-3.11255607518
-2.57309673236
-1.49073022591
-0.19943891918
0.957247993851
1.7463870466
2.08099863747
1.97087486096
1.43879888442
0.468528917735
1.158522104228311
1.4046279980553038
1.3863248182045282
1.45457429381
-0.115024835032
-0.800785478398
-0.501315936778
0.536638509475
1.77597595988
2.58922690293
2.52071485992
1.49182761345
-0.151680868546
-1.78203188135
-2.76422662981
-2.74084936256
-1.79543619178
-0.416271369587
0.726195433489
1.0886110927
0.510073393656
-0.703163586479
-1.90327513156
-2.38215352045
-1.68563170417
0.174379642226
2.69795300891
5.07097059073
6.46006494206
6.3102447775
4.53463544328
1.53652650632
-1.92850656761
-4.98784596894
-6.89923866571
-7.23686015044
-5.97585014103
-3.47157528202
-0.355319382141
2.62140313644
4.76109155012
5.58163673693
4.93302547332
3.03854758857
0.43927911407
-2.15641149751
-4.08379915888
-4.92879714383
-4.65619066825
-3.60418043819
-2.33802690636
-1.41368177303
-1.1449895704
-1.47336923185
-2.00035023061
-2.17486845385
-1.55820082433
-0.0515525141379
2.01647829332
3.9866374074
5.11415435953
4.86114833585
3.11395376079
0.235492338933
-1.0668493162941388
-1.9947112375969738
-1.93407370699
-2.52220751991
-2.01407718843
-0.823487449984
0.561797646846
1.76400700136
2.61155867129
3.12372607893
3.41473091823
3.58152873976
3.63765809442
3.52278362156
3.17300320707
2.60394318545
1.95304239461
1.45042886428
1.32634469669
1.69719227545
2.48527742404
3.41367501616
4.08479197139
4.11505782622
3.27495020982
1.58230940426
-0.683807860632
-3.05157318811
-4.98229961688
-6.01333712583
-5.8769952357
-4.56606977765
-2.33362527001
0.368717948129
2.99696701388
5.04019046265
6.13619733103
6.14955659747
5.19129500775
3.57355360945
1.71104282838
-0.00112958680708
-1.29402364272
-2.08062932867
-2.44382355509
-2.56571114233
-2.6308955263
-2.74603427618
-2.90911476362
-3.03772085185
-3.03724223598
-2.871121121
-2.59525096415
-2.33779160115
-2.23454169278
-2.35401478318
-2.65301824848
-2.98894925623
-3.18615699878
-3.12509558069
-2.80941384064
-2.37508517837
-2.03332442568
-1.97190279507
-2.26113927354
-2.81022768843
-3.39655783317
-3.75635058104
-3.69595456162
-3.17358009244
-2.31548869556
-1.36144036869
-0.566371808718
-0.103470762773
-0.0100299176895
-0.1947562493
-0.495681487433
-0.75616744787
-0.882544554515
-0.860954213679
-0.734210219249
-0.559210880614
-0.371796773092
-0.177015010561
0.0350312659887
0.263381501999
0.480957698684
0.64203422884
0.708706920195
0.67901850118
0.596579034857
0.531610121802
0.540779172375
0.627807160868
0.729605847837
0.740986522808
0.570309542707
0.199777840201
-0.282023874164
-0.696951726935
-0.841938258357
-0.575682632564
0.111271909442
1.07637583294
2.06660243684
2.80597512602
3.09314740435
2.8695139403
2.23253403682
1.39339427158
0.600781349541
0.063098737766
-0.103523062554
0.109973129781
0.62196198379
1.29183967829
1.95233969474
2.43664462173
2.60342802742
2.36507079884
1.71787482584
0.762872097473
nan
nan
nan
nan
nan
nan
nan
nan
nan
nan
nan
nan
nan
nan
nan
nan
nan
nan
nan
nan
nan
nan
nan
nan
nan
nan
nan
nan
nan
nan
nan
nan
nan
nan
nan
nan
nan
nan
nan
nan
nan
nan
nan
nan
nan
nan
nan
nan
nan
nan
nan
nan
nan
nan
nan
nan
nan
nan
nan
nan
nan
nan
nan
nan
nan
nan
nan
nan
nan
nan
nan
nan
nan
nan
nan
nan
nan
nan
nan
nan
nan
nan
nan
nan
nan
nan
nan
nan
nan
nan
nan
nan
nan
nan
nan
nan
nan
nan
nan
nan
nan
nan
nan
nan
nan
nan
nan
nan
nan
nan
nan
nan
nan
nan
nan
nan
nan
nan
nan
nan
nan
nan
nan
nan
nan
nan
nan
nan
nan
nan
nan
nan
nan
nan
nan
nan
nan
nan
nan
nan
nan
nan
nan
nan
nan
nan
nan
nan
nan
nan
nan
nan
nan
nan
nan
nan
nan
nan
nan
nan
nan
nan
nan
nan
nan
nan
nan
nan
nan
nan
nan
nan
nan
nan
nan
nan
nan
nan
nan
nan
nan
nan
nan
nan
nan
nan
nan
nan
nan
nan
nan
nan
nan
nan
nan
nan
nan
nan
nan
nan
nan
nan
nan
nan
nan
nan
nan
nan
nan
nan
nan
nan
nan
nan
nan
nan
nan
nan
nan
