nan
nan
nan
nan
nan
nan
7.52345897052
6.41624568653
5.32304870769
4.63994747512
4.59675464424
5.12669618413
5.87748919079
6.36794606228
6.22140460951
5.36490290532
4.09317227703
2.95638154132
2.51318736925
3.05738500808
4.44512492594
6.10985394458
7.27045706745
7.25081997394
5.77572959412
3.11342066564
-0.00218808280816
-2.64336566189
-4.0452696034
-3.90132694113
-2.47637166592
-0.492832146419
1.16047212269
1.77526856218
1.08498201767
-0.661833997897
-2.83684729508
-4.71019946808
-5.74957411126
-5.81521489807
-5.17600107088
-4.3513126968
-3.85765208598
-3.97616109979
-4.64248640129
-5.50192302865
-6.09728195794
-6.09815054552
-5.4638151707
-4.46463115475
-3.55280603487
-3.14329815982
-3.40730658655
-4.17577587644
-5.00069236249
-5.3500779502
-4.85100289597
-3.47165055349
-1.55927000308
0.285678682829
1.44631521672
1.53528310418
0.544775486461
-1.16099505278
-3.00259884813
-4.41888206416
-5.07488095736
-4.95917675581
-4.34016188038
-3.61537137126
-3.13214861652
-3.06178207827
-3.37366595206
-3.90134828334
-4.44766762957
-4.86428995732
-5.06637665439
-4.98987588627
-4.53917851711
-3.58209086487
-2.0199400143
0.0919369668508
2.44392912351
4.47246728223
5.50297909533
5.00533180521
2.86072490302
-0.49108580896
-4.12175274935
-6.90956860208
-7.96066617267
-6.98321113013
-4.44209619593
-1.40409787918
0.883789263479
1.51588994675
0.325886106068
-2.01956489487
-4.28514492975
-5.18500622299
-3.93424198369
-0.593175448762
3.94781782202
8.33682490672
11.3190343339
12.2385164608
11.2643842281
9.24967595454
7.29828023322
6.24483756295
6.2856719707
6.92205582486
7.22862674358
6.31040752329
3.73109285615
0.6853409217114574
-3.002484607416676
-6.320207476624418
-8.450669634480633
-9.068096118144595
-8.392521252380533
-7.002342998290715
-5.518487175687795
-4.32364121894615
-3.446474887556093
-2.6460534242219467
-1.6272898711580126
-0.25762575152718625
1.3337690722883053
2.8204742017226607
3.86089775799
3.34607695874
2.32349713916
1.11068732182
0.0709986156241
-0.569536244936
-0.816695422731
-0.862426480002
-0.929051290192
-1.09817764684
-1.23066583785
-1.03441124843
-0.252087404211
1.13248431296
2.79142663573
4.12918836116
4.52232091581
3.61654713014
1.53454290197
-1.11889978465
-3.47425542891
-4.74872034827
-4.5741346873
-3.14965917823
-1.14715107736
0.587527803923
1.39921765946
1.08779288309
-0.0431253621854
-1.36391765027
-2.22820709312
-2.26263073296
-1.50513052085
-0.340903452557
0.714490176944
1.26633729348
1.20238427073
0.697606933905
0.0805342890129
-0.351990965564
-0.467933547367
-0.31758825223
-0.0437215028204
0.245700292871
0.554778646342
0.974986023035
1.57344537942
2.26816921244
2.78024986642
2.71469711222
1.74840885657
-0.164337315497
-2.68235634517
-5.1404744004
-6.77923474307
-7.04930514408
-5.85289404416
-3.60539768573
-1.08025613186
0.899319593779
1.78576872296
1.50559664129
0.446737725831
-0.750355189153
-1.49379678318
-1.49225498558
-0.847509827545
0.0415021207116
0.702355386259
0.824963715737
0.398465578765
-0.304912652832
-0.875644747589
-0.960876964492
-0.41303254642
0.665722495889
1.98357181481
3.17532605931
3.91161201988
3.95964999249
3.19476504914
1.59330899878
1.8312984409522102
1.5426615792279392
1.1164914345043968
1.07914455844
-0.730793457967
-1.19873233267
-0.259597493323
1.72319254041
4.02271106776
5.77588598061
6.2973197849
5.35041009633
3.25131837247
0.74770510856
-1.28582951581
-2.2072761259
-1.86386429654
-0.632096005837
0.774005831598
1.63520865148
1.54565995759
0.573932991507
-0.799308070211
-1.9263881025
-2.29709542018
-1.75931481559
-0.562154447103
0.781234667126
1.72919658257
1.92651046196
1.30518389681
0.0467566215963
-1.54555990505
-3.17972580128
-4.64326564174
-5.79207600175
-6.50158752041
-6.64591210213
-6.14582133004
-5.06844663533
-3.70778393964
-2.56301329222
-2.17613643857
-2.87252494247
-4.52290881355
-6.46628779635
-7.67829136188
-7.15694737376
-4.38037911081
0.369464100019
5.98768204721
10.8788379004
13.5288590533
13.0853451013
9.69667836572
4.45687435096
0.7737132679219911
-1.655057698718565
-1.99030592773
-1.88496629094
-0.561660554464
0.864484200519
1.50442091416
1.05710064562
-0.144033714601
-1.39019631986
-2.00729918809
-1.70155849314
-0.674603265981
0.52921686402
1.34136817146
1.4731504294
1.04448815516
0.479599988845
0.240028197662
0.550529434484
1.2712221697
1.98398552572
2.24068744225
1.83146526599
0.921171474944
-0.0241388976823
-0.48213304185
-0.156512178857
0.859190636427
2.12819729116
3.1039634004
3.42324897304
3.09644877055
2.48696594472
2.08664911602
2.20873144579
2.77048065595
3.29520179796
3.1475522518
1.88771266797
-0.442143648415
-3.26049550506
-5.66700173153
-6.84606305578
-6.45851451979
-4.82376384458
-2.79344563485
-1.3695709642
-1.24844723669
-2.51053360346
-4.60518484953
-6.63337571604
-7.78468732117
-7.71128535236
-6.65796367628
-5.29393318841
-4.34335402757
-4.21017457418
-4.78923699434
-5.55366016371
-5.86271053429
-5.32106399089
-3.99783839101
-2.39215094779
-1.16845338196
-0.8068346217
-1.35669162604
-2.42465992922
-3.40088214686
-3.79945842608
-3.52755806549
-2.93576284703
-2.61950389159
-3.07565034137
-4.39805600084
-6.17848013445
-7.67332290387
-8.15739825089
-7.28654091797
-5.28352622643
-2.85068274494
-0.851483013529
0.0799196806442
-0.191903008372
-1.28315744205
-2.51760406851
-3.27365513045
-3.26907769463
-2.64225731602
-1.80397809653
-1.15904037996
-0.864750765625
-0.76684342827
-0.547485321299
0.00684358186196
0.786602493687
1.34016360642
1.09741248666
-0.262629693607
-2.4973456727
-4.73439094522
-5.73950485308
-4.43657630121
-0.456347871468
5.55145593597
12.0209399925
16.9856565622
18.8133534317
16.8546972087
11.7248266927
5.08848533575
-0.968371831725
-4.72103581237
-5.42109622007
-3.50082181367
-0.303716224485
2.52257242637
3.70387684747
2.81059246022
0.351976092235
-2.50807833771
-4.46278637259
-4.57685607547
-2.60560724184
0.975572056801
5.19999746758
8.97287804065
11.4183812906
12.0969606095
11.0508639677
8.704425639
5.6849046206
2.6332964841
0.0546228184535
-1.76810327248
-2.79041674836
-3.15808408274
-3.10782376208
-2.84454992638
-2.43769288412
-1.78442502433
-0.671198635135
1.07509161101
3.4049081961
5.92536042724
7.92697391612
8.58922105773
7.3110662996
4.03613645104
-0.584143143975
-5.29908069238
-8.63969223417
-9.44697687153
-7.33867635656
-2.90958264299
2.44098514921
7.00577935588
9.39804421186
9.05479569061
6.40563283739
2.63991249961
-0.820885425471
-2.91200616837
-3.32057093854
-2.52572421888
-1.4868379472
-1.14104803966
-1.95041869933
-3.70431260254
-5.65388087714
-6.8965952452
-6.81545659751
-5.36164991741
-3.05433447418
-0.712004407095
0.943369266389
1.61531332291
1.54328215365
1.35500747611
1.74512944955
3.13993409796
5.50217824881
8.35181882943
10.9717233699
12.6865366007
13.0848645949
12.1020008262
9.96134427989
7.04152634942
3.75774992389
0.513505859533
-2.28309309988
-4.19573602449
-4.79541745444
-3.7813092706
-1.14769916051
2.69337849629
6.9267367156
10.5247310513
12.5662745019
12.5616713938
10.6398895634
7.50422472715
4.16245098657
1.54153321867
0.153280430138
-0.0438947511762
0.467160596335
1.06131927139
1.3059119003
1.16612664237
0.983024420967
1.2416553537
2.25371862118
3.92411271602
5.73032060354
6.93679017071
6.94560487167
5.6100507947
3.34773858201
0.982248106349
-0.626194061544
-0.993003174993
-0.266227949567
0.805825143795
1.19937159595
0.0975266086767
-2.68462554402
-6.53070685084
-10.2001340799
-12.2905425971
-11.7966319528
-8.53016135556
-3.22211436195
2.73763502521
7.81458857405
10.8840218193
11.5994704772
10.4335864391
8.39193646926
6.53767220886
5.53834600777
5.42595634069
5.65964141554
5.44442578076
4.14956758825
1.63335705514
-1.66896298071
-4.92621656402
-7.27187966069
-8.17735600636
-7.67048492924
-6.3060234005
-4.90848929038
-4.20886181472
-4.54018315571
-5.7250193708
-7.19645934979
-8.28674713079
-8.54322732689
-7.92349532891
-6.78284472798
-5.66778194593
-5.02198105682
-4.95208197835
-5.17095638775
-5.14950641587
-4.40558916816
-2.78900185904
-0.618388756224
1.40779079521
2.498410593
2.13108792237
0.32305435154
-2.3187048149
-4.80246875289
-6.13246636884
-5.70558988186
-3.55496242428
-0.336928390955
2.93063898846
5.26420105517
6.0758001525
5.35211479838
3.58890459483
1.52730762326
-0.178629360945
-1.21291211133
-1.66422313412
-1.89601720898
-2.2980811184
-3.04622582282
-3.98435676059
-4.67939369117
-4.61711832618
-3.44495136796
-1.15243553835
1.88543263004
5.01317532503
7.49776147507
8.74663548389
8.46441721079
6.70773650974
3.84153444344
0.430985465381
-2.8890217515
-5.53592665634
-7.0786402309
-7.30864361149
-6.27606649583
-4.27750864384
-1.78337650967
0.69166795097
2.74440176235
4.21006587732
5.20249647157
6.03592801416
7.04749403311
8.39150270803
9.9025110917
11.1055161006
11.3905538783
10.2906055593
7.74319692136
4.20895755252
0.57359810312
-2.14700925451
-3.18734566616
-2.34078174383
-0.0619413439054
2.68628922426
4.78134818642
5.3424574404
4.02336148714
1.087724537
-2.7430341088
-6.58326124552
-9.68213066245
-11.6098009344
-12.2827250898
-11.8640176037
-10.6276712382
-8.87190712745
-6.91364602531
-5.12752227473
-3.95207966968
-3.80002295328
-4.87384652242
-6.96704083134
-9.37608823702
-11.0254184738
-10.8170912339
-8.09808622299
-3.05070524461
3.19293580516
8.81810350747
11.9238448747
11.2411758032
6.68735760163
-0.487974466041
-8.05735482827
-13.5618288045
-15.1749807907
-12.3542410324
-6.02821996953
1.74876433409
8.53490338705
12.3436602929
12.2749085538
8.71707587013
3.08148479069
0.520656815098846
-0.668120636365
-2.97205425181
-3.02556183736
-1.54039032188
0.457179631745
2.05297715713
2.74079373361
2.50402332382
1.69784824402
0.819748737299
0.279517352213
0.254961547003
0.667264311689
1.25804112046
1.71865348667
1.81713033358
1.4822134149
0.825458408576
0.101522587356
-0.379357633461
-0.362615725617
0.247525846467
1.32826103674
2.55061812163
3.47318918597
3.69571979088
3.02086520347
1.55802429895
-0.283612290752
-1.9249179345
-2.82824137384
-2.70715751854
-1.64342676569
-0.0542751980136
1.48261000616
2.47316257183
2.71145177779
2.35026285588
1.80337877099
1.52406420664
1.76442209625
2.4317885697
3.1140477437
3.26580430532
2.4698880852
0.651322289273
-1.85786036565
-4.43479218128
-6.41028433756
-7.33066847014
-7.12134250433
-6.08636177031
-4.75697174402
-3.6697984985
-3.17985040336
-3.38487134834
-4.17351070416
-5.34529382133
-6.71937965244
-8.16659704403
-9.55382922407
-10.6500196554
-11.0744110373
-10.3511365081
-8.07691499688
-4.13999115268
1.11434791115
6.86824977131
12.0036167645
15.4169709714
16.3634200158
14.6963133406
10.907927151
5.95675398921
0.952276839818
1.8361594245344008
4.10355455527
2.45355731194
1.89020328564
1.9176933837
2.08407398766
2.1133696538
1.93216555388
1.61039547617
1.26634079538
0.986420431384
0.787901916703
0.624024643859
0.412529788842
0.0671578899997
-0.477507719288
-1.24600800367
-2.20260505158
-3.23634897822
-4.16488418003
-4.77275335031
-4.886257953
-4.46258024388
-3.65006014769
-2.77522162015
-2.23775161528
-2.33937153176
-3.11517733449
-4.2519786531
-5.15310515336
-5.14868500453
-3.77996154598
-1.04005509394
2.54217087573
6.03018700176
8.3853785124
8.83500931428
7.15405033433
3.74412846753
1.9066201179845166
0.2312084096058129
-0.47148767109742096
0.158354832100855
1.98672992567
2.42077549167
3.01292598555
3.34847410795
3.27745191138
2.88157281938
2.34070181207
1.79167207528
1.26287256691
0.713242673653
0.136567687328
-0.350026200879
-0.506739713091
-0.08062779766
1.02611395058
2.62521904492
4.23875257356
5.25369698302
5.18183573918
3.90737475667
1.79550618072
-0.409220392088
-1.86906402912
-2.0064963481
-0.767133425114
1.332150884
3.40027947163
4.53322425163
4.18262723305
2.37106143484
-0.336533392108
-3.08461275892
-5.08211706426
-5.90001568659
-5.58539147055
-4.55801526836
-3.35828940503
-2.37974502413
-1.71576111732
-1.18381263295
-0.496998678319
0.520432274906
1.79365377192
3.00837232646
3.7642863361
3.78656389861
3.08043234226
1.94392267807
0.828074566447
0.113869666382
-0.0802597552115
0.0399585231334
0.0493930936521
-0.473355639565
-1.71279665543
-3.48899844561
-5.30195163862
-6.5324830072
-6.71001910101
-5.72589811274
-3.89622258941
-1.84716090363
-0.274765546045
0.315991306451
-0.215243813382
-1.62214329872
-3.396653823
-4.97633261073
-5.94352833532
-6.14185021469
-5.68067346858
-4.84847250243
-3.9871546082
-3.381348633
-3.19412301175
-3.45054367203
-4.05050558161
-4.79122844231
-5.39369490604
-5.5428787202
-4.95516703305
-3.47259759055
-1.15919323608
1.64479972251
4.35436619317
6.27411748179
6.80919022052
5.68475490943
3.08843947431
-0.331862611612
-3.63207954315
-5.85230902846
-6.31887319827
-4.86039838671
-1.85970820033
1.87609337882
5.37799189561
7.81417712021
8.72209718437
8.10093274441
6.34773907774
4.07719104005
1.90075624864
0.245078171499
-0.735891147381
-1.14127417146
-1.22140105776
-1.24246013477
-1.36933131157
-1.60388747703
-1.79286041396
-1.69633086932
-1.09111597283
0.12481448583
1.86035833243
3.81714362941
5.54390031316
6.55039930743
6.45149489465
5.09679976333
2.63921289099
0.4847536716423093
-1.7501647168637362
-3.495684777346611
-4.38181734569396
-4.348337683144663
-3.6398896718985014
-2.6842437904716405
-1.9003127945911729
-1.5149118291453618
-1.4673138745488785
-1.44567594958
-1.98671493971
-1.85106222496
-1.02153953948
0.19608559109
1.27721128836
1.69272356537
1.14272553982
-0.294120709114
-2.16596639104
-3.81195885196
-4.61948121582
-4.26674251026
-2.8483179367
-0.831838510296
1.13273004762
2.46692356799
2.87211252702
2.40816304455
1.41917634794
0.351588166481
-0.445611262916
-0.847876500606
-0.959766917851
-1.00938558474
-1.19648536093
-1.5754417913
-2.03034467398
-2.34809452979
-2.34370853243
-1.96651740092
-1.3290177888
-0.644085550711
-0.107280595829
0.208317702504
0.38362821868
0.590811647947
0.969018417154
1.50893837166
2.01678130659
2.18923246234
1.77123409546
0.71901589602
-0.72108449814
-2.07260532861
-2.81541837304
-2.61966610968
-1.51611601326
0.0866973579449
1.5602373497
2.32669919262
2.12187900552
1.12560401771
-0.108576910043
-0.900719768891
-0.760071803749
0.37676045192
2.10003647067
3.70237171526
4.50187153853
4.16822471637
2.90146681085
1.37682443667
0.473502431137
0.902679106658
2.89565205966
6.08638312296
9.63651308913
12.5452937347
14.0099224695
13.6870871557
11.7580451782
8.79064995549
5.47886904997
2.3842082833
-0.212729702622
-2.30612216763
-4.03715412892
-5.53040305318
-6.78534876375
-7.673320963
-8.02823606648
-7.7696151652
-6.98345293446
-5.91458799055
-4.87565366953
-4.12343200355
-3.7689373585
-3.76565282421
-3.97452868564
-4.26093630411
-4.56228300362
-4.88473989369
-5.23247726922
-5.51748698267
-5.5164420183
-4.92079338308
-3.47608733775
-1.15203288139
1.74415628822
4.58417407673
6.58359230203
7.06459985373
5.71428463095
2.72904496981
0.6922568314681001
-1.3773228981525847
-2.587103634
-4.30651304725
-4.49124788237
-3.4846946524
-1.89918556833
-0.371447973737
0.649548847868
1.00814387271
0.820656602812
0.361391090465
-0.0790138906293
-0.30092379836
-0.236500271487
0.0707886476331
0.517109608874
0.985542162844
1.37138332292
1.58883642942
1.57539007619
1.30712093784
0.822836344146
0.239280660023
-0.264197311171
-0.500314770514
-0.353261403939
0.152086690878
0.829909720094
1.38320635577
1.51237543613
1.04052022741
0.000433838756649
-1.35857780414
-2.65158407627
-3.49491780121
-3.64222211545
-3.06403842597
-1.94195016817
-0.586817700259
0.677898040604
1.61685190477
2.13126846788
2.24815973815
2.07103738425
1.72501394059
1.32173599589
0.949837747275
0.678253973725
0.55438081378
0.589178243994
0.738812268335
0.903906654884
0.962802130581
0.834663821976
0.54342424933
0.241142793597
0.161158201809
0.505860732758
1.31490199914
2.38386698473
3.29297584191
3.5591012243
2.86110963578
1.23958291513
-0.834191058245
-2.57852757495
-3.18646874178
-2.16862004179
0.394589626984
3.81462866368
7.00856519314
8.89234627497
8.79610884467
6.7256140746
3.35447203665
-0.253191128107
-3.07166797848
-4.50894542124
-4.59864207489
-3.9112617909
-3.23455914962
-3.17630202625
-3.8749197062
-4.95001559617
-5.71099903682
-5.5214329189
-4.14502211376
-1.90891914209
0.39457479556
1.82634527181
1.69746643582
1.5521343084995038
0.1914567201679489
-1.4620623976816063
-2.40621665269
-3.60575711714
-3.23900407756
-1.71714733171
0.18212346979
1.63942992558
2.10590722554
1.48230082868
0.108314142955
-1.41463436861
-2.48214409239
-2.72014512468
-2.10745147344
-0.953042507655
0.249335603697
1.02469408541
1.09938579532
0.497546763163
-0.479653655689
-1.38109988669
-1.79147581847
-1.50671014675
-0.631024650423
0.448113620826
1.20814638863
1.21511134025
0.338294480102
-1.13705495972
-2.56253742768
-3.14711560552
-2.27518580292
0.200707992185
3.82167670044
7.61776115656
10.4238752163
11.3067072165
9.93431230325
6.73056058037
2.73770377154
-0.768973168971
-2.76213306509
-2.8406907752
-1.347357794
0.821113238073
2.62345430294
3.31999946597
2.75952532189
1.38759202571
-0.0125892033617
-0.713315358879
-0.379347237642
0.806591260834
2.27673424339
3.389040319
3.75141903173
3.3955588336
2.7193747181
2.23887845155
2.2881934627
2.83040604273
3.48023047439
3.72477661137
3.22140881618
2.00856031036
0.509941781041
-0.677584847322
-1.10440448142
-0.725642991291
0.0487059907493
0.550380428911
0.205154980349
-1.13783274081
-3.07572009391
-4.80158498925
-5.47420120841
-4.63231572031
-2.44800302964
0.312660135321
2.61105768402
3.58908005384
2.93660223663
0.997897893439
-1.42856991087
-3.48970762019
-4.67155126946
-4.98957076893
-4.88727645914
-4.90992191783
-5.3399629997
-6.00194638119
-6.3536427827
-5.82312966021
-4.21010869937
-1.92049811442
0.122863704157
0.886239428763
-0.232795837651
-2.99955350238
-6.30306371479
-8.54976509045
-8.34577642531
-5.16873414201
0.28929700952
6.29392323228
10.7138278907
11.8789454635
9.28403218446
3.82792356741
-2.52276381941
-7.5067602884
-9.45110609126
-7.89462932189
-3.70276711367
1.35044759597
5.33103551176
6.89475702142
5.73114107551
2.54930248879
-1.33883373714
-4.61668369516
-6.46865263213
-6.79311339028
-6.07709756585
-5.04376965088
-4.27030772214
-3.95787006184
-3.93617998964
-3.85982076331
-3.46510356541
-2.74396089058
-1.9519870608
-1.46290321702
-1.55974861661
-2.27657903739
-3.36764132946
-4.40946527669
-4.9755414105
-4.79604297565
-3.83520596132
-2.2693038936
-0.397621841189
1.4588396277
3.02837390802
4.11964811615
4.63224283008
4.57177208141
4.07502514681
3.42169268448
2.99505455511
3.17022672056
4.1512372663
5.82390298407
7.70982115555
9.07862740528
9.20660236447
7.69054243404
4.67844687493
0.893994570016
-0.8780244269053554
-1.327670358679086
0.08763295763854728
3.177556977174177
7.0576998092070085
10.484244659205814
12.353710978722162
12.158020950197681
10.198648658581504
7.46629649528407
5.23872610853
2.48258326958
1.72603041896
2.66862369006
4.46049037683
6.099719992
6.84925533371
6.48987490884
5.31471270844
3.89743513682
2.76855687237
2.16491134986
1.96566631722
1.8249040643
1.41013282718
0.608594132515
-0.40983758032
-1.30052193266
-1.75535094812
-1.69474437059
-1.32981608336
-1.05634295702
-1.23525436041
-1.97867738538
-3.0616637429
-4.01621234092
-4.36849096067
-3.90178452011
-2.80791068876
-1.64041991936
-1.079863974
-1.61684756546
-3.30446557135
-5.70397577612
-8.05814156286
-9.61802789452
-9.9734700051
-9.23183815915
-7.95775471742
-6.89679011912
-6.6075452942
-7.17175474348
-8.11999906994
-8.61562386871
-7.82420028772
-5.31157186634
-1.29700903301
3.35415098363
7.40716671359
9.70213749459
9.59521398483
7.22546831264
3.50189354504
-0.19028802895
-2.46196910364
-2.40569503186
0.0741914831902
4.20001949842
8.5489289417
11.4952158452
11.7222732947
8.63893503381
2.56804682502
3.602651042681714
4.40199867399
-1.98505222035
-5.8669321624
-6.85868437331
-5.35863481637
-2.32791508101
1.08865490916
3.95441032158
5.80192654095
6.67773131768
6.9757449834
7.15110569982
7.45195424319
7.79199624949
7.81734735419
7.12804265049
5.54007610064
3.252909155
0.830959765235
-1.00358266254
-1.67655381022
-1.02411493272
0.615503829462
2.53087474271
3.9332832006
4.28525893311
3.50918303241
1.97865918641
0.29910605837
-1.01298593546
-1.79096663894
-2.28445627997
-2.99091737354
-4.33000663139
-6.32295743469
-8.44759317724
-9.76432300716
-9.2824214706
-6.4173377334
-1.33530154487
4.98096518495
10.9965047332
15.1274229957
16.2871248176
14.258297879
9.74565492624
4.09714078808
-1.18461370077
-4.94137916961
-6.67969127908
-6.61119653564
-5.43438706613
-3.98077535793
-2.88694583217
-2.41868258213
-2.48827309122
-2.81520902841
-3.12592931727
-3.29045512669
-3.34397867937
-3.40881178732
-3.58092843514
-3.8534067291
-4.11743159586
-4.23170438494
-4.11206858999
-3.78533698163
-3.37636134506
-3.03868143641
-2.87198552872
-2.87557609542
-2.9637127263
-3.03065571598
-3.02317800593
-2.97401030851
-2.97379074485
-3.09761839405
-3.33252178448
-3.5555079014
-3.5848201565
-3.28366664221
-2.6603782346
-1.90309361239
-1.31674611029
-1.18181934503
-1.60113814659
-2.4164836155
-3.24958907476
-3.66269601501
-3.37084210008
-2.40399546315
-1.13198295549
-0.125175664698
0.097704458991
-0.675899336312
-2.21591114869
-3.90447085188
-4.97097791317
-4.8127565394
-3.26326390902
-0.687539550318
2.14299585972
4.34903125663
5.29204255381
4.82736217763
3.35587282315
1.65322807331
0.547763950869
0.579005504213
1.77376721569
3.62667763269
5.28966380364
5.89501924809
4.88986054419
2.26097243807
-1.42665056689
-5.18698963108
-7.91061005006
-8.70589999477
-7.17862558711
-3.56706085318
1.30630609256
6.2536905243
10.0515497293
11.788683442
11.1318198046
8.42589718587
4.59043678174
0.834305245011
-1.72819269822
-2.43756037015
-1.30275478829
1.01085696459
3.42133028042
4.81634491534
4.44697591841
2.18413077106
1.9282386948137997
1.2441535652797313
1.1558106621895234
2.39806647059
1.503896685
1.85222548317
2.80115791631
3.67150814206
4.01611298927
3.75087685888
3.10811975798
2.45619917131
2.08617213786
2.07137991915
2.2599438393
2.38854869803
2.24531470107
1.78971154237
1.16637998341
0.610358355226
0.300793154269
0.247415036599
0.275147433755
0.117899711096
-0.427834791174
-1.37313862574
-2.50365485071
-3.46647452861
-3.93664046767
-3.77962595808
-3.12594098599
-2.31762607349
-1.75150012425
-1.69687533124
-2.17845396344
-2.98136756643
-3.77232932572
-4.27154898603
-4.38547876574
-4.23345235171
-4.05950280559
-4.08288616477
-4.37343578192
-4.8227288548
-5.22669551862
-5.42951645873
-5.43904015262
-5.43433847863
-5.64394857287
-6.15000316447
-6.7276323241
-6.82840638984
-5.75549909001
-2.98249807444
1.51645377621
7.08592417665
12.471250178
16.169573109
16.9351014948
14.2448005332
8.53249314967
1.08525012325
-4.280001553409079
-8.050632396271979
-9.255355969263292
-7.807533539526688
-4.427036820509656
-0.28367571428
1.73005499896
2.63634073865
2.30601236547
1.11884074869
-0.309613957712
-1.44334046281
-2.03926349099
-2.17884423048
-2.13179683313
-2.14373331376
-2.26707484078
-2.32290218536
-2.00970236017
-1.09952566373
0.38145472429
2.08386439548
3.42118232344
3.78285362661
2.78799586771
0.473233807387
-2.6664097963
-5.80640431768
-8.04828191348
-8.71142091396
-7.55862026888
-4.8784843064
-1.39867772119
1.93875989131
4.26506300782
5.04293653486
4.2153093891
2.20130207929
-0.255186664704
-2.33287365519
-3.39554576312
-3.1847199791
-1.88111230551
-0.0176912859193
1.72206562324
2.74711682961
2.75534512715
1.81423202313
0.301257063761
-1.26582837518
-2.43627362343
-2.98616042808
-2.96907007486
-2.64499855754
-2.32835738291
-2.22965592672
-2.36428445055
-2.56656800065
-2.59493323646
-2.26992380426
-1.57238660947
-0.651455767738
0.260194628725
0.977129998275
1.46591486347
1.86392243023
2.39658522658
3.23199570361
4.34847190891
5.48969841016
6.24199182449
6.20769513274
5.19746949846
3.34868774961
1.10677353365
-0.93147379192
-2.24801462068
-2.60559341186
-2.13030961709
-1.23704068485
-0.432126732753
-0.0840604735073
-0.266571939314
-0.743003226291
-1.09347676645
-0.9196534976
-0.0278862783668
1.49385335423
3.33478202674
5.11752879325
6.56676411558
7.60271882512
8.31461706544
8.83477856872
9.18931521828
9.21708530967
8.61545526335
7.10462598947
4.63466207281
1.52567494314
-1.5485856439
-3.75601865609
-4.41698410662
-3.30347253211
-0.789504200796
2.23177782631
4.65338170195
5.57303205947
4.65859728146
2.30482180993
-0.496263788103
-2.53404225186
-2.86512158537
-1.21375975282
1.87901251532
5.22834442221
7.44453753299
7.4739687212
5.03247458177
0.758195062389
-3.98383805166
-7.5795197761
-8.75023794313
-7.02549126336
-2.92567424939
2.21381920652
6.71093851013
9.12258215566
8.73118952161
5.75776657983
1.23387292282
-3.40517511804
-6.84203383387
-8.31527497214
-7.81794210528
-6.00220209093
-3.85213014042
-2.27159643702
-1.75518871618
-2.26234681141
-3.32215514628
-4.29970426697
-4.69503596751
-4.34497083394
-3.45245056972
-2.44982548558
-1.77412829922
-1.66328730454
-2.06220774395
-2.6699999467
-3.09357466792
-3.028989596
-2.38811202821
-1.32202542699
-0.144420856274
0.79826834092
1.2475182066
1.09758926729
0.39325653874
-0.717192736836
-2.03643346805
-3.35212946258
-4.4471729954
-5.10543172401
-5.13790642569
-4.43871503505
-3.05315746841
-1.2188639471
0.658816734038
2.11052180397
2.7590222742
2.46744542218
1.41146578679
0.0332696766435
-1.11488394049
-1.57851714961
-1.17413704046
-0.0533771966804
1.36985203455
2.59692619372
3.24878185522
3.20909588871
2.64873751064
1.92886959971
1.43331278171
1.40757583833
1.87160621282
2.63371992741
3.38581035041
3.82817582974
3.76937402188
3.16950286709
2.12817714047
0.841966522524
-0.441155052652
-1.45819752214
-1.9658771282
-1.78905259386
-0.886862770112
0.583667767706
2.24666786932
3.56724854704
4.00028920749
3.18945829829
1.13828805649
-1.73187508072
-4.68573029366
-6.91984714392
-7.86077341769
-7.39030492697
-5.89383328908
-4.1005488737
-2.7775132461
-2.40903739154
-3.0032161843
-4.11116586769
-5.04660973428
-5.20062742811
-4.3040120248
-2.51885157826
-0.327183845119
1.71546947451
3.23063472237
4.14557540967
4.64413394156
4.98103605931
5.2739396678
5.39718600275
5.04230458566
3.91451348386
1.95397601726
-0.54960796455
-3.02727153941
-4.86426015629
-5.68197515186
-5.5190670753
-4.80820178257
-4.15011152842
-3.99639564584
-4.40749542864
-5.01967294641
-5.24795354342
-4.62502793295
-3.0967858562
-1.10884368189
0.577396324933
1.25737916503
0.655741408956
-0.902144432459
-2.62434845974
-3.63983336102
-3.44834961354
-2.1975382765
-0.63046091845
0.286825429582
-0.122747027329
-1.86079798385
-4.20639415515
-6.05418746598
-6.48104353343
-5.25205655969
-2.98896576097
-0.883412960866
-0.070239631269
-0.965485006245
-2.91861528391
-4.39585931475
-3.65739506494
0.363307660356
7.39622958975
15.7335671077
22.7897887623
26.1130669314
24.413753932
18.1474009988
9.37786404327
0.966650716122
-4.56104104388
-5.97833677079
-3.73455450884
0.392105850197
4.17770524494
5.9483164359
5.23527553148
2.81905664074
0.191733719155
-1.26040585962
-0.939335037505
0.738732328495
2.6503813565
3.61188322949
3.01325871699
1.11269691122
-1.14472829582
-2.66746684999
-2.81727536172
-1.74707970097
-0.302564818322
0.451643668016
-0.178717086792
-2.13181930032
-4.61619604635
-6.53699719227
-7.09471855232
-6.23339333329
-4.68999604296
-3.60449111613
-3.88353998046
-5.64883913667
-8.06993227132
-9.69378587775
-9.13238570677
-5.78155805964
-0.215229856482
5.95348247232
10.7003298458
12.4283069144
10.6351057605
6.10763514055
0.562832617202
-2.6014741338156
-3.54986420496
-3.53293472063
-1.7866992879
0.367425829395
1.70400913399
1.62746381062
0.347617240375
-1.34598571009
-2.55876699043
-2.75697640769
-1.99612149421
-0.822839297025
0.0667533125292
0.21304286424
-0.381573334996
-1.29268043613
-1.93770239145
-1.9072647543
-1.18238067438
-0.127525910968
0.724772208573
0.971785315148
0.556867867714
-0.20898990656
-0.825008270457
-0.876346313279
-0.258215996389
0.768257361274
1.71234385252
2.10497965009
1.73167104416
0.729686961512
-0.491895596013
-1.4579152776
-1.84701098271
-1.61578745244
-0.975857318516
-0.252579660807
0.287934465696
0.550717018964
0.614101737824
0.639516804194
0.75540178778
0.987518992911
1.27051794053
1.52037561421
1.70900885467
1.88418867372
2.11793373042
2.41901880124
2.67601643135
2.68477374185
2.2630289749
1.39435051751
0.311436246627
-0.551166483653
-0.738163230352
-0.0122837696911
1.47248392344
3.17001917815
4.34229519452
4.3860096969
3.13571510213
0.989422208279
-1.22216481428
-2.58019891667
-2.4850917028
-0.936453493904
1.45185812555
3.71653119522
4.97090615713
4.7951209131
3.40871751109
1.54752977513
0.107454777208
-0.27297368049
0.505607712525
1.98380104673
3.38371167706
3.98352511399
3.44328815928
1.93224720123
0.0119620686977
-1.6509386104
-2.59281937662
-2.73517310669
-2.3683810016
-1.96780695221
-1.95061926547
-2.49675563633
-3.50812714114
-4.69888738771
-5.74323936537
-6.39070404715
-6.49633528944
-5.97795945941
-4.76261732249
-2.78872721547
-0.0864491773862
3.10608025938
6.27682144693
8.70213337337
9.65352138795
8.68091987267
5.84531464048
1.77636184215
-2.49893852923
-5.90407162468
-7.6958779441
-7.71663486994
-6.40534718729
-4.56864473606
-3.02223138693
-2.26929841866
-2.35558774668
-2.94714904248
-3.56583279786
-3.84664935712
-3.68512560389
-3.21568239444
-2.66093727351
-2.16095891912
-1.69321429926
-1.12954509387
-0.385301706986
0.447269560772
1.08506802531
1.19175306969
0.600533496066
-0.511009701638
-1.61836991135
-2.0575089302
-1.35899668279
0.461968001095
2.83043471575
4.82492798614
5.60247082332
4.83426786119
2.92275391119
0.86332013473
-0.21177751068
0.399780427369
2.57478039811
5.35563546415
7.36119988065
7.43855516973
5.24416637305
1.46127600121
-2.47149464308
-5.00648492725
-5.20337350965
-3.16634883225
0.017285019129
2.81275535867
3.9862947226
3.19484338031
1.12098006027
-0.916009500085
-1.67622330489
-0.675740741891
1.5284106985
3.60186835467
4.12238062168
2.34938654111
-1.32311461789
-5.47687815294
-8.3098183309
-8.50388670915
-5.89484034579
-1.60641529698
2.43044639254
4.35151349369
3.21007712861
1.8735901533003414
-0.6097298982430459
-2.3102905548357455
-1.7822800426785221
1.31179400384
3.22402892045
5.33030158991
6.20308394008
5.20384969956
2.73327017973
-0.0557651397026
-1.90796081324
-2.12705842097
-0.906521546841
0.827953896183
1.96034879871
1.80693258065
0.480350157613
-1.19912828197
-2.19276646952
-1.86323732981
-0.382767525385
1.30246445148
1.94781216248
0.684230027971
-2.46397800672
-6.5010123464
-9.88228959001
-11.2402773421
-10.0534649193
-6.91800132407
-3.27520799658
-0.71930572306
-0.221646923506
-1.65339592725
-3.84454713892
-5.15519016626
-4.28524688167
-0.934397479405
4.00109413933
8.78349123046
11.5680350959
11.1730795305
7.54039680508
1.70065008275
-1.75780334933431
-4.198376501793277
-4.653941180904525
-2.9897933548
-2.24397350432
-0.738258627398
0.820604776062
2.05118591582
2.86753825943
3.29507775998
3.2934880769
2.71827376802
1.44426474454
-0.443189909038
-2.53830795347
-4.19359872402
-4.78058008884
-4.00672998183
-2.11070544927
0.192275608244
2.01388304942
2.70509497299
2.16744249553
0.894484944992
-0.288917422154
-0.66158528874
0.010704770928
1.34945065417
2.5691267017
2.91214520094
2.08389419983
0.450912375194
-1.11527387517
-1.67955961914
-0.745080642158
1.44999005933
4.00630860683
5.78231641983
5.94921134157
4.39498087088
1.76289807385
-0.901425070922
-2.71198842607
-3.41310642777
-3.49720961146
-3.88858612486
-5.34442236889
-7.88840328526
-10.5979026238
-11.9025590647
-10.2958203125
-5.13862709082
2.83963904355
11.6194488176
18.564789887
21.4279332745
19.2552764694
12.7947166421
4.22012005316
-3.71123170769
-8.70608352297
-9.74549821196
-7.33492519711
-3.12812005932
0.868090585337
3.13675574505
3.18174288901
1.55722736391
-0.554576830403
-1.97452785172
-2.06032451454
-0.919390076729
0.748066469071
2.0499637115
2.3283439732
1.41371965891
-0.377732491197
-2.45553919983
-4.23802020161
-5.36417385361
-5.75694468721
-5.55155806513
-4.96672877332
-4.20380174802
-3.41572165857
-2.72891906865
-2.26636490691
-2.12933958951
-2.33858570096
-2.77982967574
-3.21087876794
-3.35548619792
-3.05057757757
-2.3657272684
-1.61139055032
-1.20439258337
-1.44108345374
-2.29413068813
-3.35592894509
-3.98754426176
-3.62457737495
-2.09614091519
0.214708293912
2.47805595748
3.77179737674
3.53137037589
1.87584262271
-0.367576246149
-1.98316581325
-1.90540564807
0.265416896033
4.01776811705
8.08513990732
10.9513053154
11.4863539685
9.42924924979
5.49953991316
1.08988856223
-2.31817002237
-3.75094562844
-3.09084732085
-1.03891482461
1.26423109282
2.76392565097
2.91772578363
1.84425288988
0.161942687716
-1.36752706039
-2.19872372611
-2.19654654275
-1.60085855791
-0.821459646263
-0.200877018718
0.122271286667
0.193136777417
0.107108124847
0.33631673921925653
0.28982258133456185
-0.20300527150986625
-1.1984996388294036
-2.51585754883196
-3.7468618444694926
-4.4176383770096805
-4.2272665195094845
-3.2310766950774905
-1.8536383218865637
-0.7028989499480502
-0.2675285961664997
-0.652691087336
-2.04379515132
-3.24203159446
-3.62594826493
-2.94514244892
-1.47871270331
0.0792824705277
0.9617618037
0.72849614939
-0.485289969259
-2.01119175078
-2.97329163644
-2.7395769961
-1.26738187292
0.844539449301
2.64007315139
3.29506420624
2.56745747575
0.971587324461
-0.430182056144
-0.535153603497
1.23171169458
4.56999057342
8.35951850266
11.1120252222
11.6188356934
9.49586317461
5.37104863966
0.625762696995
-3.18993718509
-4.998529675
-4.60308104618
-2.68939032743
-0.443896909851
1.01457238387
1.11657602102
0.0233956720202
-1.54884174974
-2.74477689967
-3.00227901304
-2.28994637586
-1.05264836653
0.0773003737609
0.631863561409
0.532639859158
0.0820376556468
-0.255104664663
-0.14375195176
0.422941443506
1.12635914215
1.5170627695
1.2848092699
0.447522834454
-0.649272455934
-1.52306455754
-1.82760886347
-1.55324813291
-1.03713440999
-0.770813302411
-1.10676554025
-2.02658017131
-3.10670633969
-3.71527951894
-3.34846590604
-1.93360964076
0.0660029479778
1.81470172502
2.47038303425
1.57988930301
-0.691204498259
-3.61294939913
-6.2097387782
-7.69223325114
-7.79334355688
-6.84472589173
-5.55795282011
-4.62147704691
-4.31767940195
-4.35683115884
-4.01935807195
-2.54532771765
0.415146911509
4.51362235137
8.72984711855
11.7211871971
12.3522694278
10.1757167529
5.65245102227
0.0126267257888
-4.157260690034676
-6.563623699236658
-6.570192829588322
-4.3964011395037375
-0.9544590504253705
2.5566999301345135
5.120703430337343
6.247105468241159
6.069093540810215
5.1873933920842745
4.355116357525503
4.15061848418
3.55340176746
3.57949862016
3.7782136803
3.68571969049
3.0382291987
1.87840379416
0.523834869251
-0.5756888454
-1.02579927402
-0.644417307357
0.468147521829
1.96487254622
3.37346739739
4.25579463495
4.34828838909
3.63652455561
2.34171630175
0.827671386616
-0.536025054456
-1.50387635432
-2.02935685213
-2.25708566883
-2.43613683256
-2.78984658562
-3.3964023597
-4.1321639343
-4.70554576796
-4.77216220633
-4.08689861498
-2.63076017236
-0.658115556646
1.35926716716
2.87390537775
3.43844223362
2.85118001329
1.21983642661
-1.07563367293
-3.50305339484
-5.535841718
-6.79626350062
-7.14383013673
-6.69182729362
-5.75812675985
-4.77115284328
-4.15603873736
-4.22332210877
-5.07871381728
-6.57085929327
-8.29326451333
-9.65194122889
-9.99765923071
-8.80144945094
-5.83078383505
-1.27198169047
4.24939893343
9.77227057422
14.2110875119
16.6201212467
16.4356194728
13.6245002714
8.69620343617
2.57578910961
-2.4893409885231392
-6.5967563059962515
-9.018611051079219
-9.480783070174041
-8.189664158185323
-5.7393012073784035
-2.9243488122391454
-0.5062004542129301
1.0062957335571525
1.4980074794098783
1.2616832330680978
0.869788704717
0.0205636896507
0.0154546548829
0.817278995624
1.93789264278
2.61435311722
2.14232232221
0.24089692252
-2.71295318639
-5.71000603107
-7.42674729876
-6.74018237084
-3.24097836542
2.48029039047
8.92684788962
14.1726215358
16.5583270739
15.3327139161
10.9675089997
4.9976221966
-0.565484953607
-4.01391932337
-4.59335135191
-2.74912399269
0.132800435194
2.37082119982
2.72997042237
0.932651749389
-2.28207222806
-5.56170220191
-7.60471267657
-7.76796269695
-6.33233979657
-4.30954485788
-2.89492582464
-2.84141176438
-4.06614818095
-5.68657206423
-6.47153606659
-5.48770297453
-2.62168540598
1.28624581146
4.77591860308
6.42095814396
5.49614202701
2.33864473902
-1.77659332582
-5.19907872398
-6.64620710507
-5.78268171633
-3.36386060118
-0.872558640088
0.185590847456
-0.996228710089
-4.12077446173
-7.88628217967
-10.5482258477
-10.6908310233
-7.86274757106
-2.79542799481
2.88800621524
7.33950109919
9.23378870179
8.27657040202
5.26786464217
1.71457377575
-0.821815432969
-1.35551681792
0.173896146428
2.95456930255
5.70255760376
7.21438238008
6.83303986611
4.64916630894
1.3877502906
-1.416521023625478
-3.38106809889112
-4.021986988618821
-3.3707288925246672
-1.8681271159968134
-0.13531502334824097
1.265357590818354
1.98869377916715
1.9496685654153652
1.2736380790509827
0.20753827829261695
-0.957958413333472
-1.933904309132643
-2.4564322208202753
-2.313442420339527
-1.3913494551986219
0.2661012748253597
2.4182707601157034
4.644111426869941
6.432974463085628
7.333231624789192
7.108741774162127
5.839316276154079
3.91646500281567
1.92531037418
-0.114241125598
-1.2489516737
-1.41130538795
-0.855437293384
-0.036214476557
0.583346678446
0.716563375698
0.353609594886
-0.261909651489
-0.767384622829
-0.865953572891
-0.478760059901
0.20480214801
0.804576663447
0.924353369694
0.348530652064
-0.827995812538
-2.20047230249
-3.19496997416
-3.29740484531
-2.2773890451
-0.310270715237
2.06049139413
4.11275859865
5.21402993637
5.05986018816
3.78369814721
1.89251758673
0.0563104154435
-1.15834521007
-1.49761017207
-1.08658756147
-0.331229799343
0.291993576893
0.458448159448
0.128268309797
-0.465945519164
-0.962168309577
-1.06690084814
-0.708889378569
-0.0745811817413
0.488404843716
0.64818094786
0.256067163317
-0.577991710614
-1.53682525143
-2.24529212778
-2.44116805587
-2.0839059488
-1.3522521457
-0.539653880067
0.0929246246559
0.429595812212
0.523746166008
0.53039246576
0.592700639742
0.750553275286
0.922340301591
0.96625366134
0.780218440854
0.377160147944
0.12115762934030272
-0.04786482448264451
-0.020425398039691345
0.17507027953996612
0.38216293034282955
0.41156719285355337
0.17049732296938203
-0.2517658298119727
-0.6019716976504554
-0.5887875056665166
-0.05626591341294329
0.8914646717786638
1.8947952910132528
2.48893549589134
2.33553237623
1.24209695776
-0.264341138706
-1.60727003886
-2.26119088209
-2.0241412691
-1.13804202087
-0.175485998671
0.270010479928
-0.0576386915158
-0.861443933132
-1.35587322506
-0.616811591129
1.92694294991
6.09508596789
10.8648773515
14.6731624376
16.0132503882
14.0780340752
9.15907768512
2.60541574635
-3.66262428392
-7.88734296637
-9.14130589981
-7.64046173685
-4.57334836739
-1.53552750939
0.166050727784
0.0240057579396
-1.56020270158
-3.58912051818
-5.02544757727
-5.30692409078
-4.5720504868
-3.50577870827
-2.91040747507
-3.24262929911
-4.36557298713
-5.64311773063
-6.31732802993
-5.95625309431
-4.71924171164
-3.28246101068
-2.45012660048
-2.65232949904
-3.60532687074
-4.34150688772
-3.63377243699
-0.632280086742
4.59455568564
10.9001466869
16.399139619
19.1893685598
18.1491245161
13.4505747296
6.54590142637
-0.38462189969
-5.2910621928
-7.04802611875
-5.84270039212
-2.99793912408
-0.323837482674
0.703429577677
-0.429551481004
-3.1031026214
-5.90506929979
-7.30701278722
-6.36181791955
-3.1165522357
1.42260373113
5.7307925374
8.39521072572
8.65608953822
6.6406112855
3.22383693186
-0.384740200089
-3.12686822476
-4.44768754551
-4.39431196045
-3.46594385691
-2.32379587968
-1.50736768178
-1.27038802846
-1.57281194199
-2.18860950503
-2.84890625473
-3.34802818747
-3.5813277167
-3.52895660433
-3.22318146758
-2.72986501686
-2.14849678063
-1.6113042653
-1.25820308332
-1.18336992897
-1.37751731445
-1.70660245329
-1.95791184432
-1.94956272661
-1.65745788482
-1.28976250672
-1.25091768054
-1.98448722291
-3.74621889132
-6.40456509893
-9.3697992959
-11.7081577753
-12.4212298159
-10.7966155184
-6.6978400347
-0.67812761092
6.13220535225
12.3290671344
16.62267911
18.178206386
16.802415969
12.9330625464
7.45956369
1.45483007595
-1.2723361834923708
-2.8106297911165825
-2.7799215025
-3.99455234836
-3.80518245619
-2.58993205203
-0.803063265328
1.10071571951
2.72822995402
3.7969298534
4.16732509984
3.85169499462
2.9944450692
1.8272009329
0.610213945871
-0.4242884552
-1.113807782
-1.38661982308
-1.26365790711
-0.845866945749
-0.290240411774
0.224935850265
0.544584300539
0.584319521209
0.366017543307
0.0224759429861
-0.241795006552
-0.229470400313
0.156987133771
0.849803867158
1.61519671456
2.1312810899
2.12169381253
1.4897829657
0.388390806602
-0.818063984348
-1.69555929614
-1.9311255699
-1.48606455059
-0.634041252249
0.145749427057
0.38252162621
-0.158536652707
-1.34356536867
-2.70408251115
-3.63509645117
-3.67545229116
-2.74286594006
-1.20809418719
0.239653948295
0.889437450863
0.342419467849
-1.26713708481
-3.27136669075
-4.70376389785
-4.681903479
-2.78314024652
0.742917276703
5.01630170605
8.81096233025
10.9726905122
10.8119484377
8.32824001508
4.19343105775
-0.484957202112
-4.52228541645
-7.00681862762
-7.53053801772
-6.24625894748
-3.76171975145
-0.929226202145
1.39349421583
2.54703937321
2.2010010782
0.400028934285
-1.0218664053847704
-2.884185945227543
-4.46618114574
-6.48048269973
-7.17536016342
-6.49915518396
-4.76030556582
-2.53313541583
-0.478013096596
0.867771774589
1.25503606533
0.782039476338
-0.174484628114
-1.12802883245
-1.68099524806
-1.67153374216
-1.21014575671
-0.596735144066
-0.161457031471
-0.105028208165
-0.411551934686
-0.871089705008
-1.19727662018
-1.18149045561
-0.809399583776
-0.284574243887
0.0524087123466
-0.126965822536
-0.988486968266
-2.44923928045
-4.19320056338
-5.78111047141
-6.8082287275
-7.04599671027
-6.5133921884
-5.4547654634
-4.23874176035
-3.22162597149
-2.62824860226
-2.49181304591
-2.6687485838
-2.91594666515
-2.99669482317
-2.77453609663
-2.26192058444
-1.60876170599
-1.0379960047
-0.753722689506
-0.856768585248
-1.29974499473
-1.8995677083
-2.40435165127
-2.5906522245
-2.35402287967
-1.75652138928
-1.01008769221
-0.399627911198
-0.174481704226
-0.451070186628
-1.16608157459
-2.09912794768
-2.95479978384
-3.46927793475
-3.49748035863
-3.04738369546
-2.25345257374
-1.30864496043
-0.39077584178
0.383533727163
0.96328268648
1.33662357115
1.5006066161
1.45296539732
1.21370152288
0.860171381751
0.544354288274
0.465639758838
0.796457145809
1.58920570499
2.71316607169
3.86532776976
4.66788275233
4.82095761178
4.24453590909
3.13863819081
1.92217261809
1.06628689558
0.891390844831
1.42070047246
2.36256050175
3.2359552105
3.58513719735
3.18397819515
2.13246341277
0.797998707385
-0.370398893933
-1.06349913068
-1.25830728792
-1.21549203194
-1.32868825718
-1.90274459223
-2.97623353721
-4.28303616472
-5.37742830352
-5.86183210386
-5.60013343894
-4.80250295719
-3.93053715983
-3.46373285069
-3.64299395565
-4.32460222191
-5.02745689385
-5.16085372523
-4.32698329756
-2.54934199251
-0.308907354692
1.63904215719
2.58742239241
2.18918848617
0.611430735765
-1.54031212448
-3.48919683599
-4.61654851194
-4.69835116211
-3.94420529136
-2.83518090096
-1.85615451752
-1.26506147085
-1.01318505525
-0.843765851305
-0.498103751678
0.0981695437371
0.780498108335
1.25555013334
1.31051952115
0.992763097018
0.640319708462
0.723924719838
1.57047352308
3.11650447927
4.84155312177
5.94815557168
5.72657572243
3.93433946595
0.993412982549
-2.11739447751
-4.25179652073
-4.59872549707
-3.05992711807
-0.31064189871
2.50168192908
4.28771618002
4.52229969422
3.47435980803
2.03783245693
1.23825951175
1.65913099518
3.08582387658
4.56969576299
4.91052046525
3.33894586135
0.0601280753468
-3.63889320366
-5.82302052838
-4.73126923494
0.366783992587
8.67884613215
18.01935012
25.5491607735
28.8388480551
26.813988298
20.1805827848
11.1478986512
2.56714885765
-3.14801526043
-4.86961207201
-3.03724953772
0.704105384711
4.30914265436
6.20279737541
5.84084672323
3.75364556194
1.11508224827
-0.911294437338
-1.72063866139
-1.46456444636
-0.845071536665
-0.652269524499
-1.30570819384
-2.63424680335
-3.98933713853
-4.60891541389
-4.02560139959
-2.30298102563
0.0139740569228
2.19245898631
3.68153831159
4.35854260124
4.52808952931
4.68823807897
5.20426816629
6.07686849224
6.93493072916
7.25594598995
6.68899312861
5.29628136552
3.57156769089
2.21514660248
1.78012925665
2.37978642937
3.61850320165
4.79165401215
5.25382612485
4.75891351014
3.58371274758
2.35843802159
1.68663786568
1.75902893694
2.18251575447
2.14209188104
0.838040393123
-2.01651720633
-5.90677421324
-9.61996097859
-11.7358464185
-11.2954821029
-8.32762941533
-3.9546401069
0.0148593306212
1.85428699817
0.710263010613
-2.95390290468
-7.48830678247
-10.7269571477
-10.91245506
-7.46295371463
-1.23436341779
5.84106543349
11.5732289821
14.415259245
14.0409577605
11.3511595011
7.93410205952
5.25966522119
4.00253510875
3.81174604275
3.61480277788
2.27844321294
-0.723443207401
-4.97792274843
-9.30206276986
-12.3191398331
-13.1402315874
-11.7969784033
-9.20048959874
-6.64631468098
-5.12139377776
-4.7752001834
-4.83821109162
-4.04442205431
-1.35418766165
3.38868058303
9.21154108419
14.3292052741
16.8949392923
15.83865621
11.391321217
5.03725402794
-1.09329454888
-5.11214439718
-6.13039507526
-4.54029504648
-1.70944241009
0.742404656027
1.71968441383
1.10496478336
-0.311586817763
-1.3604885487
-1.18446938907
0.274305872369
2.24273140919
3.54904058904
3.28256072657
1.32520721027
-1.53408349961
-3.97208601861
-4.80388557622
-3.6057007985
-0.956765244865
1.8384309404
3.41679508574
3.07350129698
1.1533501012
-1.10166552899
-2.19087920155
-1.16595876334
1.80297360208
5.41706608195
7.83556985222
7.5987320581
4.44144485444
-0.418003552744
-4.69386010124
-6.00053683108
-2.94817649108
4.13485668613
13.1971443207
21.202604961
25.3043546887
23.9530896238
17.4732061387
7.88129374387
-1.94526241498
-9.37107440576
-12.9089494594
-12.5828684681
-9.66415949386
-5.97206484607
-3.09080997721
-1.84020444091
-2.17196345271
-3.44414435213
-4.86280343875
-5.84496528098
-6.15012390354
-5.78338179541
-4.80099947576
-3.1820806569
-0.860039959743
2.11535737002
5.41286290695
8.39307661076
10.2831927125
10.4912577034
8.9011598526
5.980061713
2.61818528254
-0.238779875082
-1.98876929865
-2.60301751714
-2.56849411684
-2.57475136217
-3.11299764608
-4.20338207145
-5.39813483811
-6.05790285575
-5.74674652702
-4.52131678889
-2.94268699822
-1.78991831245
-1.62290935919
-2.43589211423
-3.60689261229
-4.19622814645
-3.45643989686
-1.28925917474
1.60525675646
3.99415603535
4.68382814513
3.12163575273
-0.282716504717
-4.29674785619
-7.41651894014
-8.56592888986
-7.59383994501
-5.31100185419
-3.03828551617
-1.89031073113
-2.16354299944
-3.15593199024
-3.53106251074
-2.05831397557
1.64493144644
6.76316345706
11.5360375025
14.0266337916
13.0482847934
8.79506591652
2.84789034244
-2.47605284255
-5.14114109926
-4.30132236638
-0.663723350727
3.87030041777
7.11764870365
7.64227485279
5.40644579206
1.734675351
-1.3841913809
-2.30913017829
-0.574713596348
2.87044687971
6.12837906672
7.28868650793
5.37800995338
0.859968614823
-4.55391472725
-8.6863084406
-9.89013035198
-7.7853805202
-3.3993803709
1.33361257087
4.45389263937
4.81302583941
2.48557045882
-1.39910172785
-5.27409116531
-7.86797684941
-8.69550110705
-8.1018795016
-6.89984640152
-5.84101913392
-5.22326418476
-4.83141142525
-4.20557385333
-3.04479194777
-1.48546630408
-0.077928871179
0.530285962234
0.0158067526163
-1.35503901465
-2.79739017647
-3.40686186321
-2.68180094419
-0.87338834247
1.06065326431
1.91975812401
0.931053526159
-1.71928964771
-4.79983014264
-6.49278444022
-5.22384014856
-0.483737116637
6.76433963567
14.3237047817
19.584652506
20.5829506778
16.8284838468
9.52955885653
1.10800274451
-5.78065869833
-9.28923989306
-9.03373911207
-6.1000707175
-2.44164054105
0.0257024786255
0.212450434183
-1.80422217243
-4.9880038708
-7.93926520723
-9.55896389327
-9.46709517187
-8.01829335116
-5.97285791868
-4.04401019792
-2.57449916987
-1.49314731946
-0.530102865767
0.474297870936
1.3720737782
1.74705766835
1.16826088101
-0.497090611061
-2.90503571242
-5.31221213453
-6.88634801073
-7.09291194576
-5.95170512163
-4.02147815982
-2.11447689982
-0.888274785248
-0.529905642852
-0.69942128679
-0.761240590128
-0.176193546261
1.16107770066
2.8272492142
4.07615293457
4.2402160364
3.11314927648
1.10401523592
-0.929510053157
-2.09118728023
-1.89031647282
-0.487796111919
1.38785271625
2.81465023082
3.14819168364
2.34283526011
0.952881056278
-0.188440408066
-0.442488602269
0.263126801094
1.3700633517
1.97766396872
1.34179231728
-0.676555198698
-3.45761241614
-5.86373611187
-6.77212637128
-5.64079855715
-2.82139190854
0.549982065136
3.04628530793
3.59765065556
1.98309465082
0.010263072597467726
-2.0810150947
-4.07962268875
-4.2228665623
-2.7485936573
-0.655226469304
0.808922362422
0.759858351991
-0.902535704477
-3.46505212134
-5.76255835897
-6.74235426435
-5.9533195798
-3.7304509327
-1.00367640684
1.15502250856
2.01278737903
1.4542100653
-0.0580206225035
-1.78910138458
-3.12463844674
-3.84089335898
-4.12457637551
-4.35637736762
-4.79905031138
-5.37584197461
-5.66789682769
-5.13403060719
-3.43188569994
-0.662499671186
2.60009764327
5.51910877306
7.34364092992
7.72232668551
6.82744068218
5.23379287959
3.62210972116
2.46292060374
1.8402426419
1.49509480553
1.05066892438
0.286693868754
-0.69110574329
-1.48007360166
-1.59302887949
-0.740000814791
0.971973681397
3.02976208036
4.70618498178
5.3616720015
4.71091858338
2.93114289145
0.570127929817
-1.69016668959
-3.29536512945
-3.98749272093
-3.82181849853
-3.05473400468
-1.98528149023
-0.840479277357
0.248660861987
1.19780678075
1.9093884348
2.26452523742
2.1852539952
1.72687442969
1.12569541176
0.742177404036
0.899059978689
1.68563837924
2.8393100646
3.7946586526
3.91223602279
2.80095652629
0.582173208842
-2.04994575381
-4.03367249694
-4.34823598099
-2.45826803065
1.40452792064
6.25907079254
10.6990002825
13.3936259918
13.5576354756
11.1983417538
7.05239294805
2.26240343524
-2.04884893235
-5.12217809519
-6.69996226388
-6.94628300593
-6.23982248555
-4.97246473763
-3.45260397086
-1.92810343985
-0.662047968952
0.0365122844522
-0.112655141673
-1.20203295513
-2.98996043309
-4.88279884613
-6.10662789953
-6.02512448058
-4.4635332562
-1.86755499769
0.813221043486
2.49803225682
2.44935676948
0.626181857687
-2.26593213483
-5.07238494797
-6.70877582734
-6.65870808429
-5.20620869602
-3.28127615588
-1.98649418441
-2.03552606953
-3.38635591056
-5.26206082214
-6.55970702547
-6.44755053445
-4.84412968344
-2.51862857571
-0.733708480679
-0.583928321648
-2.35007851709
-5.20503942368
-7.45509729806
-7.24903275983
-3.4543986199
3.70011123959
12.532189832
20.4428047379
24.8807404042
24.3366675519
18.9479239707
10.460084177
1.5664823051
-5.09237871899
-7.85626816721
-6.53739132866
-2.31758667149
2.85281174975
7.06331040049
9.11493912186
8.81053458171
6.81058918773
4.19059839309
1.93814401909
0.609238254552
0.249945047484
0.548506577581
1.08639344093
1.54332154198
1.77312349341
1.75870733942
1.52056771762
1.06137201926
0.383382873688
-0.448534805588
-1.2644072771
-1.82198644304
-1.91639182695
-1.50774399613
-0.78148235907
-0.0843839530766
0.250019872185
0.100018408324
-0.338239225889
-0.617118768219
-0.266711430752
0.918841718388
2.69186029098
4.37998223528
5.15110501262
4.40668093176
2.11442141723
-1.09780261799
-4.15990586958
-6.0100428833
-6.07404414422
-4.54023825627
-2.28183657407
-0.44450428086
0.116739153289
-0.717239175424
-2.22705801746
-3.1633974336
-2.3388421543
0.767361775699
5.67933970788
11.0373727966
15.1186700864
16.5407497382
14.8341581782
10.6284658255
5.37133006756
0.712232904852
-2.16891444895
-2.99106358383
-2.381781549
-1.4874870686
-1.38504939248
-2.57613065264
-4.79201653682
-7.17957431511
-8.75673500998
-8.90547810753
-7.66552999944
-5.69930569489
-3.9613501549
-3.24349391469
-3.81600627988
-5.32705546188
-6.99180651612
-7.96540241352
-7.71645641498
-6.23220328604
-3.97917812162
-1.66357337225
0.076826706029
0.901433289543
0.825635161237
0.113332826206
0.8718296132192336
1.542522095941095
2.203776306245288
2.85314054739
1.39990335087
0.120559206895
-0.736776689243
-0.944681446044
-0.4457434145
0.558225283434
1.64238706116
2.31986304917
2.2568242601
1.43498829647
0.173688135221
-1.01017943839
-1.64508927112
-1.53667094654
-0.874202787407
-0.153950761561
0.0521439777923
-0.621177361092
-2.13028480833
-3.99828324697
-5.48691650448
-5.89497390222
-4.85657773627
-2.51244628318
0.517670755962
3.34868749262
5.14132210868
5.38668564679
4.05813326963
1.58373215517
2.0267794639135133
2.75016744165
1.2465040412
0.734438997406
1.07917009646
1.92594336351
2.85403178463
3.51853979408
3.73839899799
3.51718089945
3.00761316748
2.44284606579
2.05764104973
2.016651913
2.36155464537
2.98695972202
3.65468224242
4.05204128174
3.88883560731
3.01096731064
1.49341289584
-0.329117340533
-1.92228277518
-2.70151388625
-2.23229844362
-0.414278493293
2.42386958267
5.56854204177
8.10713344414
9.20455232359
8.37938815831
5.68096373861
1.6983229277
-2.60964318406
-6.20866131839
-8.30716376814
-8.58756633883
-7.27251222149
-5.00951151881
-2.62429587842
-0.838961891177
-0.0579712042226
-0.291776472513
-1.22935265963
-2.41236913985
-3.42936255846
-4.05088190704
-4.26225533761
-4.20098487822
-4.04682234651
-3.92608398283
-3.87371935101
-3.85878933777
-3.84251977042
-3.82262290794
-3.83093652544
-3.88537240325
-3.93157671276
-3.82336025341
-3.37343646023
-2.46440786674
-1.16640100183
0.211620683063
1.18929292798
1.29777630212
0.309375381044
-1.59570249147
-3.82459290498
-5.56371318326
-6.10883811515
-5.19648835463
-3.17841226885
-0.934736294597
0.466931965436
0.237611725285
-1.74387476509
-4.80553289783
-7.70257010664
-9.11292789961
-8.20561952652
-5.03208210323
-0.555539352025
3.71304410429
6.32806721483
6.50959592493
4.46654784471
1.29627831446
-1.49854563208
-2.66271756495
-1.72057075836
0.848308057779
3.86277046127
6.00034479353
6.40283119757
5.04952950615
2.73273481044
0.657813856319
-0.135661124046
0.743621175372
2.87574954921
5.25284487265
6.77092855685
6.74898293504
5.22836248742
2.91858621968
0.829510020536
-0.220661115952
0.0210137193523
1.16287522352
2.40893045487
2.98571354152
2.53497438949
1.27598957504
-0.136707994163
-0.978059574113
-0.846028869929
0.121016753472
1.31497939231
1.97943155805
1.6151456686
0.259155969398
-1.51003444488
-2.8501849584
-3.08132787179
-2.04832193335
-0.236366745976
1.42463281847
1.97923303185
0.892122469316
0.5436179346948364
-0.519570224723978
-1.21363090768
-2.96027732172
-3.02960168542
-1.70881126884
0.21010731425
1.8035635784
2.41674581471
1.91065743775
0.658086197516
-0.686662201585
-1.51759069463
-1.54529508439
-0.88683574861
0.0441780831313
0.772011658033
0.991378300484
0.686984656916
0.0966879525322
-0.443136339851
-0.677516985296
-0.544131847741
-0.168505947155
0.238125630846
0.51020478997
0.612184529249
0.633269958652
0.704251919392
0.891889950356
1.13637917199
1.27021436519
1.10905968851
0.564114043278
-0.286850206256
-1.21044249122
-1.90776845672
-2.13995679268
-1.82843544081
-1.08396776581
-0.155259354961
0.673547848418
1.18672082722
1.29852386785
1.05546453486
0.592490022496
0.0740487619111
-0.351628997564
-0.574251486256
-0.527430109477
-0.194643563219
0.377184543253
1.06553097597
1.68209902025
2.02057229658
1.93698698499
1.43105009007
0.682715139314
0.00942512446605
-0.255184450692
0.0832941299616
0.962909818286
2.05254400868
2.86658988883
2.9687907211
2.17708399857
0.670699388252
-1.060941069
-2.415789685
-2.93929362952
-2.5274619652
-1.47441648728
-0.336661600323
0.326179993989
0.212864663992
-0.581121841965
-1.61647787921
-2.33045264752
-2.31894395539
-1.54336947654
-0.360937383412
0.637537178086
0.904536354951
0.194197545484
-1.001565856080859
-2.491445795554654
-3.658572104416436
-4.053010991871588
-3.5747168216999796
-2.4859650996128693
-1.2590580809120837
-0.3449457534942155
0.018403022891590126
-0.13233055359899026
-0.570880205001842
-1.0515186826053622
-1.4606072895579416
-1.8619149884733872
-2.412269440091876
-3.2010581765831176
-4.114414916787723
-4.8159433016349595
-4.873989937536194
-3.982903703078719
-2.1666192833296805
0.1496201513078148
2.255273572489571
3.422500446784241
3.2112633272504922
1.6708355168062354
-0.6605868760980655
-2.9649328787807008
-4.471944314801121
-4.76040197689
-4.11361734295
-2.80951696392
-1.5135454163
-0.768288057751
-0.779388701669
-1.37449147127
-2.13746173915
-2.63757255066
-2.63500426578
-2.1660675327
-1.47952568081
-0.872645535086
-0.522743483345
-0.404816389149
-0.333857903246
-0.100890024323
0.378368794118
0.988377364723
1.45713149085
1.49814506853
0.977167747344
0.014484116771
-1.0354497788
-1.72445827647
-1.70887327791
-0.914162681737
0.410335812317
1.77231154762
2.61810875428
2.53822398857
1.41440990772
-0.543500330341
-2.87415030042
-5.01436348477
-6.46188100582
-6.89880379827
-6.24926613982
-4.67263998348
-2.51019904034
-0.205241770606
1.78957656789
3.10850366716
3.56010034735
3.18468954233
2.25594266222
1.20938677346
0.505047502585
0.462990597005
1.13286463019
2.2564019729
3.35050878305
3.88861459446
3.51163470364
2.18066643338
0.20362347919
-1.8790923657
-3.50249177268
-4.28887314195
-4.1728285689
-3.38957968151
-2.34064592704
-1.40640434146
-0.795441227639
-0.496518671544
-0.343780405901
-0.148424322236
0.18002917785
0.587867440001
0.925622846854
1.05535413143
0.948723300988
0.714906416828
0.539966589574
0.573243558002
0.830510693878
1.17739860039
1.41155001225
1.40222831063
1.20566786394
1.07865155226
1.36342361965
2.28967843233
3.79500531199
5.4706597153
6.68624548269
6.85746742456
5.73983814434
3.60216202028
1.17726534231
-0.611893054537
-1.04137659623
0.0849107927075
2.32681991925
4.78460906569
6.49197377825
6.84901657027
5.89095454597
4.25846723679
2.8742326736
2.47307723819
3.21096487244
4.55010340142
5.49263321651
5.06967213309
2.86367136683
-0.686978276917
-4.36372928866
-6.61808903996
-6.21741064171
-2.80995211667
2.8426867191
9.08006678002
13.9282461289
15.820980389
14.1645464031
9.52236752243
3.35771172846
-2.54409841342
-6.72792089359
-8.53434942643
-8.21266423233
-6.67327183549
-5.02045219104
-4.08235775696
-4.1318189988
-4.88755789877
-5.75387251109
-6.15833742096
-5.82192594556
-4.84783248569
-3.61268059786
-2.53768894376
-1.86514332284
-1.54994776497
-1.31065184015
-0.804239244267
0.167582152043
1.52216541984
2.89365726119
3.76513909832
3.67686531414
2.4228909599
0.15737911584
-2.62898966047
-5.25199467558
-7.04479753513
-7.56634623614
-6.74193443177
-4.89385128425
-2.65209536605
-0.767560046752
0.123000897233
-0.285936590184
-1.83796810304
-3.92249570136
-5.6370140552
-6.07070570766
-4.6276667143
-1.27990395375
3.35116546448
8.13603627377
11.7741266099
13.2205858326
12.0512401641
8.62495147005
3.97198624228
-0.559224589362
-3.76773032552
-5.00074539706
-4.33559827674
-2.47725589344
-0.422322048603
0.964299102743
1.2814587318
0.698670658949
-0.194080867181
-0.712188098937
-0.422339795346
0.649354723801
2.03583429903
3.05567195512
3.13402990234
2.06468682833
0.0929614740167
-2.21222090558
-4.22811546273
-5.55559166532
-6.17046157409
-6.37944255319
-6.60802802427
-7.12947028289
-7.87251713402
-8.40764336483
-8.12604386251
-6.53346425707
-3.52526073517
0.484821717218
4.64573478931
7.93228370985
9.48552533439
8.89634616617
6.32698997173
2.43591428405
-1.3054948150165728
-4.52965890854523
-6.5754065470964065
-7.152328632123172
-6.333208416667475
-4.456302813315659
-1.9962794303158802
0.5474424488693188
2.7253516981319024
4.184115984591671
4.704266043319976
4.239586545342931
2.947891140230041
1.18743178611
-1.13289240798
-2.9065677473
-3.7427398367
-3.49965053182
-2.33014269903
-0.625616792621
1.12452724662
2.50369567085
3.30072414007
3.55238944821
3.48374294928
3.37871576533
3.44179583759
3.71111960169
4.05563421421
4.24863831157
4.07685374588
3.43327703606
2.35645000692
1.00874237497
-0.384904399616
-1.60301861131
-2.47070735392
-2.87272595897
-2.74978341877
-2.09891424174
-0.989389803138
0.413902436961
1.84389258867
2.96649339627
3.464145209
3.14553014946
2.03587826238
0.399579624463
-1.32984801507
-2.69651023025
-3.39043716949
-3.36521261569
-2.84900993676
-2.23792631223
-1.91421578611
-2.06915119466
-2.61184978839
-3.20880868612
-3.43979828512
-3.00128310171
-1.86450700629
-0.313860810572
1.15561252963
2.03893071621
2.03248697767
1.16293526931
-0.222838283405
-1.60155172527
-2.48759721697
-2.62462957603
-2.07439966609
-1.16969797008
-0.357908025276
-0.00698532937623
-0.257571954749
-0.980196200309
-1.84819484332
-2.48762923311
-2.63626834052
-2.24539881948
-1.48727631076
-0.672645428558
-0.118432793311
-0.0216015507605
-0.387273583291
-1.03374343492
-1.66613819657
-1.98654980613
-1.79907554931
-1.07429591255
0.0452566058817
1.29626925504
2.38227873434
3.06741760068
3.24547324778
2.96234502307
2.38577549391
1.73453368803
1.19422620937
0.852772933136
0.681756199219
0.571368527654
0.403008628627
0.124868676703
-0.208242789005
-0.454990299854
-0.463002995187
-0.165159708629
0.354118588056
0.865104184021
1.0820243764
0.803200125671
0.0373202393335
-0.952980267487
-1.72832868841
-1.85381726905
-1.11279414731
0.345105365301
2.00242042459
3.14065152677
3.1209360968
1.66533161072
0.8215143602462689
-0.5087543256298375
-1.39373377849
-2.79258860224
-2.59552550768
-1.04308738528
1.12558519399
2.96597527971
3.69955856402
3.00890983424
1.13733417491
-1.23972474183
-3.306124962
-4.42839768889
-4.37534396314
-3.35341317141
-1.86429623615
-0.467859720378
0.434696098638
0.707100195231
0.447700530966
-0.134038037567
-0.851435549371
-1.61019125989
-2.38648897058
-3.14500565639
-3.76474708278
-4.03507482933
-3.74019669021
-2.79284563835
-1.33988978554
0.232762732696
1.4211136226
1.80805174532
1.25934498419
0.0110558683934
-1.40635854564
-2.38541502602
-2.50738599307
-1.73380888078
-0.429849214583
0.798682875632
1.38541042524
1.07390356489
0.0528217811002
-1.11032977007
-1.71151257292
-1.22279363192
0.46272234546
2.96142176958
5.53486654993
7.37092352732
7.89034829628
6.95326824491
4.88872422343
2.34855294886
0.0580632368696
-1.43016699449
-1.88736129392
-1.42317201955
-0.382872235275
0.811600655703
1.80673528542
2.40113129208
2.55738464291
2.36313289621
1.97428386444
1.56551116647
1.29545299063
1.28039791625
1.56905238346
2.1208327873
2.80144507953
3.41138797929
3.75072944914
3.70224576651
3.29736780521
2.72797931521
2.28662253135
2.25089671073
2.75851863407
3.73060701534
4.88390436812
5.8336155181
6.24529320803
5.9683258869
5.08922750043
3.87903730972
2.65921264331
1.65021272106
0.87652011122
0.175523338561
-0.69252530703
-1.88634498867
-3.35567942199
-4.81020546702
-5.80790287618
-5.9298033967
-4.96681953585
-3.03673751072
-0.578629619786
1.77598175752
3.40479916072
3.89119187083
3.14373219079
1.40233166069
-0.859186764669
-3.08759710197
-4.80257462181
-5.70024055967
-5.68959839235
-4.87173439014
-3.48726185612
-1.85651297513
-0.324809669114
0.787783210036
1.23754358534
0.908451603343
-0.148153224529
-1.70539123425
-3.40060114869
-4.82391019115
-5.6348705872
-5.66940752372
-4.99643293122
-3.89805823521
-2.77460164634
-2.0046361431
-1.80908121536
-2.16889055102
-2.82776293103
-3.38137419425
-3.42397051549
-2.70259106402
-1.22544002439
0.715149050728
2.61776911969
3.92590143984
4.21455562958
3.34914094995
1.56005143752
-0.600797925364
-2.4185581686
-3.24587055098
-2.73135648148
-0.964484465289
1.52358404442
3.91667327722
5.38342980206
5.36874476709
3.79918744548
1.12030835768
-1.85563978867
-4.23914922502
-5.38068603939
-5.0916814239
-3.68188602656
-1.80048213512
-0.150477072951
0.800411442552
0.98858597334
0.73349150586
0.542691095439
0.837960509185
1.73289030642
2.96775457419
4.03293176909
4.42214892398
3.89355510851
2.61065718792
1.09045598822
-0.0224260340689
-0.252205251549
0.481511079408
1.81812411285
3.11882058859
3.76594015362
3.45933800645
2.36701420003
1.05220704104
0.203320917569
0.288325195822
1.29636870102
2.69527021582
3.63783552485
3.33521632057
1.43426144501
-1.77360712847
-5.41564560745
-8.35884075252
-9.65919474445
-8.94880298027
-6.59199274653
-3.53802799076
-0.927601605459
0.382644969266
0.175759326848
-1.04277548437
-2.27343612652
-2.46836028163
-1.00733590541
1.99760492506
5.70052846013
8.82894075684
10.177914648
9.09108004836
5.7333262524
1.0447646208
-3.60536712971
-6.92591355896
-8.17065723705
-7.38302654203
-5.3291723831
-3.15593028879
-1.91809143159
-2.16610303945
-3.75379621379
-5.93138825155
-7.67239035278
-8.09244901505
-6.78935856828
-3.97538440463
-0.364847744271
3.11898351653
5.68583302001
6.92911010691
6.89624859023
5.97388439007
4.66192390089
3.34987001651
2.19405881891
1.1363944413
0.0335482177788
-1.1852377565
-2.42086992544
-3.41949564364
-3.89040577831
-3.66291845367
-2.79802410564
-1.59338098699
-0.474046764611
0.181194723896
0.19560049833
-0.341506438209
-1.13146032761
-1.8140850092
-2.1336649248
-2.04327547128
-1.70025141768
-1.3607592047
-1.23146519334
-1.3562674879
-1.59637440458
-1.71299164102
-1.5084528662
-0.950770801231
-0.213851044575
0.392535937806
0.573229141649
0.206826666833
-0.565726701134
-1.37140510711
-1.74781369231
-1.33935982662
-0.0619396689868
1.83652346318
3.84809763823
5.38207930767
5.97748062828
5.46867516944
4.04348674269
2.1764953186
0.466649372376
-0.560562432911
-0.619487528599
0.251294662699
1.70721249882
3.20763695768
4.1822656287
4.20585209527
3.13211144143
1.14726940476
-0.33440872692723644
-1.6397345522382523
-2.207265396875499
-1.724974691661032
-0.2525296593556732
1.7819998859487498
3.723376475611957
4.9279360182285075
5.014907543507945
4.030594402134042
2.45204594026
-0.138425444151
-1.86416043783
-2.30396899689
-1.49658246849
0.0880657171279
1.75650033741
2.88738796967
3.18347481881
2.76722345582
2.07979416949
1.63524315064
1.75024354217
2.38075585078
3.14456980631
3.51735384595
3.10424991819
1.85150864825
0.0921969194733
-1.59765933218
-2.66192647208
-2.81678291505
-2.16944827021
-1.14798577613
-0.282148815884
0.0510105773504
-0.21156902102
-0.827479114338
-1.41330872416
-1.6694289925
-1.53976542764
-1.219473081
-1.00931850207
-1.10286700476
-1.43337152239
-1.67773677128
-1.42890095145
-0.450669516127
1.12618345575
2.78788169641
3.8342321193
3.70649087723
2.28609635158
0.00443129630919
-2.31087768267
-3.79691934437
-3.95702627862
-2.90462489708
-1.31943532646
-0.12451960859
-0.0340255734935
-1.19360463041
-3.09829097512
-4.83993233046
-5.57107144083
-4.95675034909
-3.38067627273
-1.78509166156
-1.20313759612
-2.20168212302
-4.51128725597
-7.04462944142
-8.3264464819
-7.15958551911
-3.22816179736
2.64791731604
8.74476651298
13.0736316599
14.1623773163
11.6456656217
6.4107186752
0.238736577617
4.59141075847
2.09151451187
2.39601565271
4.78529833139
7.85287483122
10.1351449588
10.6948544848
9.42248310583
6.96296796485
4.34488138756
2.50734083459
1.93870564869
2.56266255486
3.87841488222
5.24772415835
6.17366785383
6.44806237294
6.13024637238
5.40985926422
4.45471269034
3.33256880676
2.03695334199
0.579365895371
-0.927974591533
-2.2641771235
-3.18172499558
-3.53486014837
-3.37756945104
-2.96627672431
-2.65277824059
-2.71424643058
-3.20552797492
-3.91300214379
-4.44108087
-4.39643459853
-3.58492101411
-2.12743862894
-0.437865216229
0.929647050909
1.49693853196
1.04745180178
-0.296073597314
-2.1282653682
-3.91958721505
-5.20449317619
-5.72311613763
-5.46968194187
-4.64600174955
-3.55662180699
-2.49728262232
-1.6777084021
-1.19385778328
-1.0397427514
-1.13718614665
-1.3659909275
-1.58972858975
-1.68247566281
-1.56161104036
-1.22183207412
-0.754086885312
-0.330427549741
-0.147163581729
-0.340332481745
-0.907864105977
-1.67891337365
-2.35597322479
-2.62388439234
-2.28592794253
-1.36812651654
-0.140134580409
0.966208616443
1.51506396176
1.23981957011
0.159264974532
-1.4142488132
-2.98157467388
-4.03758927672
-4.25456522397
-3.59616539911
-2.3194504175
-0.868075413141
0.297598544466
0.865675671109
0.771370028057
0.196931912177
-0.51963549774
-1.02597962797
-1.09049173496
-0.68142787729
0.0354236550746
0.774709043922
1.25231994777
1.30228710185
0.945679966241
0.38509360686
-0.075050750696
-0.155038178413
0.272855383871
1.10584676438
2.01599611335
2.54559645638
2.26457080631
0.935045010014
-1.379532759
-4.30676805186
-7.26851004657
-9.66078732572
-11.0442765435
-11.2728955236
-10.5122410364
-9.14502748992
-7.60806476241
-6.23326829145
-5.16036438268
-4.35290004247
-3.69846242817
-3.13295509946
-2.71783174991
-2.62465415817
-3.03150040455
-3.98581117549
-5.31215798325
-6.62691892009
-7.47050085463
-7.50534747018
-6.68579831881
-5.30749262769
-3.89299228952
-2.94691723803
-2.68311669963
-2.85379134313
-2.7787547704
-1.59148272706
1.37943709951
6.24594109122
12.3755841811
18.4880250632
23.0254826907
24.6754057678
22.8524962193
17.9512691016
11.2609937871
4.56179054775
-0.456301928485
-2.73979666742
-2.1844021557
0.395960044912
3.62204375606
6.08107246411
6.83115220048
5.69079043505
3.21771037343
0.407458729928
-1.74843786334
-2.6566153432
-2.31071253489
-1.2119556734
-0.0759212254925
0.530306080667
0.452155829915
-0.00492574946527
-0.259907882717
0.219841356783
1.61211148339
3.60015318459
5.47163012393
6.41638618561
5.8884816974
3.86477563201
0.877382987155
-2.19908910752
-4.51035824444
-5.56927211562
-5.42764412667
-4.5972291106
-3.76412228308
-3.44024817198
-3.72505316029
-4.29418094712
-4.61626727758
-4.28109857453
-3.26230863305
-1.96830331172
-1.04379156655
-1.01783410645
-1.9838444561
-3.49280623865
-4.73936252688
-4.96827757192
-3.90250254502
-1.96208495264
-0.129955073942
0.508814369868
-0.645882674132
-3.28387570265
-6.15986462839
-7.53395479936
-5.92080276143
-0.826137791294
6.87379710327
15.1159730735
21.36004408
23.5468810971
20.906374266
14.2685447459
5.74224523807
-2.10154787595
-7.19352719513
-8.67433635506
-7.06985592108
-3.89946519361
-0.930491753921
0.569905390121
0.26330898775
-1.29963483627
-3.10809521037
-4.25894779658
-4.37638118023
-3.70052655146
-2.84646690936
-2.40083675472
-2.58875169461
-3.18317625214
-3.68277571033
-3.6356069839
-2.91419758881
-1.78699592933
-0.754604317814
-0.254767661942
-0.41181054628
-0.975722570093
-1.48295279088
-1.54087498067
-1.06545818734
-0.328570078623
0.217292042636
0.236538671909
-0.247149196769
-0.816396782352
-0.870668357681
0.0245936960709
1.84578348825
4.05224873634
5.81463831363
6.42315724975
5.65823410941
3.91291956527
1.98358977772
0.628809480192
0.13546747723
0.144731348397
-0.138756925686
-1.44088501546
-3.88104756871
-6.71610410043
-8.55360098013
-7.98244129671
-4.33384566082
1.81735424101
8.70521220815
14.0137041687
15.8423789642
13.5479866125
8.04608597032
1.40304889961
-4.10554129702
-7.02130585498
-7.30858592084
-6.2311645267
-5.55469131783
-6.47771621493
-8.84968268641
-11.1090159278
-11.0206888347
-6.88114012621
1.40387380412
11.9365677758
21.3936651833
26.3402540795
24.7123457622
16.7808489129
5.13012226579
-6.3656783744
-14.1193654569
-16.2540319194
-13.2418199434
-7.49869878661
-2.1633770773
0.342989184179
1.4773705501903578
0.16525611257796413
-1.4342693281
-3.55598486262
-3.04830823736
-0.514423829348
2.3972188846
3.95155727132
3.27297797937
0.785004207772
-2.06529047544
-3.62470577297
-2.9407364116
-0.271753720137
3.0624949021
5.39641735942
5.60665339793
3.69375175655
0.749716936062
-1.66233629135
-2.37292340448
-1.24095164869
0.790307258826
2.24953865623
2.0028939825
-0.0510678263072
-2.85552663937
-4.73641843397
-4.34413443465
-1.49591476281
2.55550741906
5.62090401106
5.63798570566
1.78581348497
-4.92237194459
-11.9087950268
-16.0896777192
-15.2551209421
-9.12672906441
0.416834465448
10.0730305581
16.4854706566
17.6315209721
13.6045952869
6.45735479985
-0.788624013377
-5.48383976087
-6.42163504926
-4.17613274754
-0.611786740551
2.13969152801
2.71182377818
1.05836710226
-1.68921539537
-3.92803573862
-4.45710688146
-3.07157472264
-0.605514142018
1.55354772484
2.19358236035
0.866343521941
-1.294472448295366
-3.8393282829381974
-5.624063797225489
-6.003463616973136
-5.062064110529548
-3.4515468279735586
-1.9626616186508699
-1.086790322906083
-0.8035272952083403
-0.6864305522255734
-0.23566448798840156
0.7740858818777667
2.1369391888160436
3.3357782435786447
3.86001924328
2.92283970303
1.415060786
-0.0470802305525
-0.8467367862
-0.706780481557
0.15446054556
1.14320359108
1.62214635579
1.27036223496
0.269109102624
-0.793857404534
-1.25334572901
-0.75028979823
0.54264128976
1.98285669995
2.78140187906
2.41932908106
0.934633828219
-1.07628122716
-2.74793075701
-3.37666791336
-2.76859049226
-1.32383387509
0.183701525499
1.01179676081
0.825678081346
-0.151139111268
-1.28332297968
-1.88088752096
-1.57084752817
-0.484980831901
0.830245390171
1.72284826881
1.78771256116
1.06797341627
0.000178064919524
-0.856307835178
-1.14437863082
-0.899010554094
-0.49191196487
-0.36458254077
-0.709637593174
-1.29680795705
-1.56336322046
-0.938512617629
0.770003155806
3.15085673898
5.27783450481
6.10238819199
4.97154684043
2.00918319927
-1.85013801903
-5.21987610986
-6.85981858399
-6.23237539289
-3.74514388544
-0.555509655314
1.97367986725
2.90611041924
2.14656740958
0.440405444982
-1.03463091515
-1.27680908404
0.0335379013911
2.37711731678
4.65831677703
5.75069470337
5.05422672624
2.7955869333
-0.0642328682819
-2.25789758597
-2.76315067445
-1.2217867679
1.9482938989
5.76540128356
9.0893844951
11.0206673504
11.1312419008
9.47635628339
6.4512218284
2.61445681913
-1.42468625968
-5.03858667324
-7.59405562004
-8.52833606704
-7.52050574055
-4.69991800582
-0.763889422715
3.11806613415
5.64526811841
5.86902484843
3.6104869126
-0.401249294086
-4.77627915344
-8.02156433925
-9.17209256011
-8.20203813869
-6.01079520904
-3.97691020939
-3.2857192835
-4.35533221792
-6.64505227037
-8.94457927244
-10.0014417372
-9.17003487539
-6.74997284933
-3.83656822543
-1.75625305025
-1.37727392071
-2.65693109348
-4.67001340099
-6.11456348642
-6.03686129146
-4.39065768793
-2.11727623381
-0.673382567086
-1.22351236433
-3.90608214766
-7.5711184721
-10.1716206181
-9.6693375852
-5.04740656444
3.05691041285
12.4300398771
20.0785670486
23.4155321731
21.3179957257
14.5871006003
5.60898635978
-2.6264500322
-7.7100495099
-8.68653611204
-6.2616572721
-2.3020926553
1.09751437787
2.53422984257
1.80017594531
-0.209348807599
-2.07415207819
-2.5934155907
-1.33347276497
1.25090609339
4.12428525793
6.206423473
6.85213024011
6.05630727506
4.33023868611
2.36536133389
0.688698719107
0.14852410069298116
-0.036556160661646686
-0.09536058478778386
-0.18000533942972652
-0.29801817959159393
-0.38936897059106457
-0.4683695886729282
-0.7045308473953042
-1.3574583313878321
-2.5834198713
-4.82165401065
-6.95705081325
-8.25118472883
-8.093812433
-6.36282884325
-3.59571591983
-0.839909029993
0.790054376996
0.654599759078
-1.04352357461
-3.28119207168
-4.66017331468
-4.09243203785
-1.39929219822
2.48952560206
5.87740903932
7.06455516391
5.19594856993
0.787432659523
-4.35044155268
-7.80206683269
-7.57232302303
-2.99935871251
4.86184543898
13.575619774
20.2537466693
22.6837332368
20.1770190098
13.784138649
5.80605480008
-1.16316370742
-5.23655019502
-5.8581615066
-3.82334513027
-0.748205116031
1.72305674302
2.59767832814
1.8171641695
0.0732486170436
-1.6880290302
-2.79018217966
-3.11512016603
-3.04217317648
-3.1142367018
-3.64397500641
-4.48833987338
-5.11416213733
-4.91246901007
-3.58301839748
-1.3730959198
0.967697426811
2.50529685396
2.55735853179
1.03035248203
-1.51235783615
-4.08893182288
-5.73164035819
-5.9085708001
-4.73788160494
-2.90084191421
-1.30430607466
-0.658395495912
-1.16719906942
-2.46789690067
-3.83131099489
-4.51568224819
-4.10242464897
-2.66337382633
-0.697781866171
1.11279940452
2.20560841618
2.35493139266
1.72091545863
0.7283404701
-0.149185666837
-0.59222227918
-0.53970408518
-0.165766232061
0.238260414822
0.408567223529
0.214579665706
-0.308052519179
-0.99098776393
-1.60088697532
-1.90657942494
-1.72733286386
-0.963783510054
0.377839904277
2.1641261116
4.12646102566
5.88718193943
7.03403701521
7.23438485144
6.35337665538
4.52575682867
2.14100001474
-0.264740364307
-2.17402063728
-3.24577600023
-3.40089322052
-2.80369692114
-1.7562836638
-0.563190230262
0.565493091861
1.5299845816
2.28148841117
2.7384260376
2.74471981351
2.11267688241
0.740620959235
-1.25718137979
-3.49281275441
-5.37886675549
-6.3305489708
-6.01990035466
-4.56425812983
-2.54493019228
-0.821109920005
-0.198874703252
-1.09051996468
-3.31646428991
-6.1477865072
-8.58364330652
-9.75131085806
-9.25782035452
-7.34044838243
-4.75191733805
-2.43455607491
-1.13063171226
-1.10022025719
-2.06294326409
-3.37329612668
-4.33310433452
-4.48944530215
-3.78641930448
-2.52080517319
-1.15102044986
-0.0747813926941
0.50850452878
0.595734320448
0.270007249246
-0.423945725311
-1.52268996183
-3.06783454524
-4.95862197716
-6.84246776788
-8.14889342945
-8.29868241042
-7.01216597791
-4.55815074985
-1.78067645284
0.170434917721
0.332359451976
-1.56114145331
-4.80673927698
-7.87197825973
-8.94903084618
-6.72156447478
-1.01815813499
6.95741031589
14.9635451148
20.5239763271
21.8781246205
18.6771873544
12.1209838707
4.46934170965
-1.86335471719
-5.23750371589
-5.34184586628
-3.14731236522
-0.313984769456
1.64828213056
2.06299789682
1.30195008469
0.457166372143
0.662367445221
2.422835528
5.29808838589
8.09574277827
9.47210138058
8.62782530638
5.73965466239
1.90482658213
-1.37577713584
-2.91387498994
-2.38587877176
-0.442270935124
1.67572250961
2.8073059569
2.47712503435
1.11527966973
-0.22321173442
-0.487939273152
0.731075532493
2.91595934593
4.85790257117
5.31348850229
3.73839787773
0.691743675189
-2.34452060656
-3.68765500253
-2.37657472073
1.18575473872
5.24776714043
7.45193581521
6.00355648986
0.716436267695
-6.60606323767
-12.7188706591
-14.2480628831
-9.2249348882
1.84881407672
15.9259788381
28.4310601129
34.9881025694
33.1491648198
23.3938182263
8.97251733687
-5.34230980936
-15.072874893
-17.668568577
-13.3040269316
-4.56808812769
4.75560551477
11.2525783723
13.1233906082
10.6397825686
5.71562531033
0.878635682307
-1.85240919408
-1.70446781645
0.748969295374
4.0630178387
6.67207120022
7.54504322089
6.48228360616
4.00152028064
0.95756694837
-1.86785584984
-4.01139214909
-5.34449360197
-5.93358279637
-5.8837971412
-5.27770645892
-4.22711233336
-2.96343242208
-1.85967743482
-1.32346535993
-1.5947104602
-2.56242744622
-3.72851315239
-4.37818314589
-3.90191752487
-2.11734828862
0.580298022522
3.33633239841
5.18701447018
5.48308154106
4.18196798746
1.86393684043
-0.536572733928
-2.15073779938
-2.53880123057
-1.82348058013
-0.54302474153
0.679407365053
1.46152899791
1.80662191316
1.99969403416
2.33249912668
2.83494860617
3.18887029563
2.89544684371
1.61627263357
-0.505862038117
-2.74991239842
-4.04028286276
-3.41776195604
-0.539114007317
4.0522604907
9.04751993979
12.8621124115
14.2850978489
12.98969637
9.66266320602
5.6874703925
2.52867790981
1.10676255643
1.45310093192
2.79388731129
4.00081529186
4.17143274314
3.04977763193
1.09132252753
-0.835980517685
-1.93898757552
-1.91340845194
-1.07555487672
-0.16137567043
0.0799708897234
-0.731161321222
-2.4492376784
-4.54260258807
-6.4266346835
-7.78351289375
-8.67519769879
-9.38334956279
-10.0785265883
-10.5346601169
-10.0951616927
-7.96273689544
-3.69499942892
2.35359807707
8.91243912515
14.1276369433
16.2517610031
14.3975159051
8.99838578093
1.73111395383
-5.10318280584
-9.48500631294
-10.4696427946
-8.50960499117
-5.16293996069
-2.32992631038
-1.38006104729
-2.57714437743
-5.06025260563
-7.36609275105
-8.2172379609
-7.1784884713
-4.8584003106
-2.56560270599
-1.60317510061
-2.56335687358
-4.98182967459
-7.5293559276
-8.65035610547
-7.3363179878
-3.65524223322
1.22263989499
5.51861313146
7.62595798022
6.81162771279
3.51754818944
-0.865248880778
-4.62850118244
-6.48193512672
-6.05703582151
-3.9696867603
-1.44690006509
0.278892655188
0.514982279596
-0.646615281387
-2.46375712386
-3.95550072542
-4.37098047026
-3.49531764779
-1.67473661135
0.410576472973
2.08293913281
2.93966258687
2.94668607742
2.34535446423
1.45923465396
0.523299578247
-0.377304783702
-1.24968953776
-2.08044168514
-2.75815405158
-3.09121826302
-2.91458639911
-2.21831583855
-1.21137811749
-0.267624306286
0.232337427242
0.0874420115731
-0.607353604685
-1.48139688812
-2.0444081882
-1.90812406304
-0.969366886492
0.531321788383
2.10115768502
3.19175931551
3.41033283693
2.65479615474
1.12443372816
-0.5179396180378006
-2.095776703531058
-3.26548354491338
-3.8550426548720793
-3.864244163421162
-3.416821868097486
-2.701742599097429
-1.9282146280850725
-1.2957794124981348
-0.9653433378079654
-1.0200940168338946
-1.423682388100005
-2.001852736829605
-2.476213278897518
-2.55821228094
-2.38596823628
-1.69919363182
-0.789516703198
-0.100204460053
-0.0472022944236
-0.824257737912
-2.28279351623
-3.95144569007
-5.19957716796
-5.48173456171
-4.55925913618
-2.60237150916
-0.128786646409
2.19187154899
3.78035076983
4.33365039379
3.88432849496
2.72601721639
1.25826337411
-0.16794121207
-1.33754580046
-2.17141791578
-2.66810329637
-2.84217617374
-2.70370583061
-2.28651787369
-1.69394486008
-1.11447438798
-0.776665867688
-0.852934375003
-1.3605480502
-2.12050449492
-2.81067355716
-3.10005500977
-2.80338430153
-1.97753822206
-0.905714557778
0.0287410522414
0.518938138813
0.473173621292
0.0454401762749
-0.45673614332
-0.737230067309
-0.661183551797
-0.311369376901
0.075528506109
0.253455850473
0.10974932461
-0.273176243843
-0.66858036455
-0.834844357892
-0.645156163909
-0.140892318639
0.519958539178
1.18212003498
1.79880362997
2.44868928466
3.24434700649
4.18601230439
5.06133731346
5.47856434503
5.04794490539
3.63117756192
1.51668812763
-0.607098533629
-1.91391036066
-1.83880160775
-0.417338166052
1.63586764537
3.20170383404
3.29951021926
1.65447252369
-1.00749712426
-3.13825153866
-3.00580114366
0.457107283308
6.98371795758
14.8345701596
21.3248931624
23.8497578694
20.9875205596
13.1896188156
2.71872853015
-7.18113914357
-13.5525871232
-14.89121127
-11.7014339602
-6.19690637097
-1.28087335208
0.736177806445
-0.889556725492
-5.09325152635
-9.57544841318
-11.9039384528
-10.624742729
-5.87892550191
0.729545784376
6.91188151199
10.7211826959
11.3374381311
9.26548120725
5.90401370318
2.751365346
0.674123590911
-0.395460010725
-1.20973072654
-2.57572777844
-4.71407423533
-6.97476427446
-8.08324313125
-6.80432075619
-2.68266736443
3.53510439338
10.042221563
14.6450679876
15.6693309047
12.6787272586
6.66970036148
-0.347795416537
-6.18573393553
-9.34398983188
-9.52138780231
-7.56907691546
-4.95376066263
-3.02170221294
-2.42474299674
-2.96062147784
-3.85542845582
-4.29433365619
-3.89880879896
-2.90245598214
-1.95637086252
-1.69928393686
-2.34912256206
-3.55027308676
-4.56161748423
-4.67801150582
-3.64701099522
-1.84347859925
-0.0961319734803
0.748877129948
0.294522869839
-1.16743649359
-2.78626091892
-3.59909263487
-3.0686457375
-1.42509061626
0.386451613576
1.15596054692
0.0534136307944
-2.84630055745
-6.43280057071
-8.92135333244
-8.57312477468
-4.46857691071
3.00619049499
12.1797240026
20.6234423137
25.9744574976
26.7245891713
22.677800128
14.931874014
5.43999582043
-3.63721973914
-10.530894322
-14.2218883044
-14.4989681424
-11.7886603694
-6.89605477965
-0.781739795754
5.57107881688
11.2230453797
15.3410051629
17.3008353949
16.8201302548
14.0579676024
9.60714104092
4.34438849287
-0.824342768196
-5.22468305533
-8.56727879772
-10.9259367654
-12.5572781032
-13.65924782
-14.1989315439
-13.9062632661
-12.444586949
-9.67439759288
-5.87139133508
-1.77345441626
1.5916211178
3.24197244707
2.60481156134
2.2175098461977996
0.33672203233196285
-1.8963951386393205
-3.297493353020471
-3.01441380605
-3.37823257805
-2.09614135696
0.0782717406354
2.23844861408
3.61216157923
3.76472429812
2.67413048482
0.683190612082
-1.63399830776
-3.64415441162
-4.82402248281
-4.89456586104
-3.89412064925
-2.16953599092
-0.276225941188
1.19776744103
1.83655989998
1.55795999491
0.659863650635
-0.285508928817
-0.665069056865
-0.0988799258463
1.36424056513
3.22773884584
4.73189329557
5.17573685738
4.23882755013
2.15351101288
-0.362522126584
-2.39643905763
-3.23003070113
-2.65248937466
-1.04837105457
0.78597658906
2.01663742973
2.16305487066
1.31972060443
0.100147326385
-0.673620799506
-0.38945200834
1.02968339774
3.05334326013
4.76439973225
5.27330775511
4.13286051111
1.55900890259
-1.64546256366
-4.42787740017
-5.92581659186
-5.8086636992
-4.37070218668
-2.34719040371
-0.555333772739
0.461305662391
0.618841926212
0.235526627406
nan
nan
nan
nan
nan
nan
nan
nan
nan
nan
nan
nan
nan
nan
nan
nan
nan
nan
nan
nan
nan
nan
nan
nan
nan
nan
nan
nan
nan
nan
nan
nan
nan
nan
nan
nan
nan
nan
nan
nan
nan
nan
nan
nan
nan
nan
nan
nan
nan
nan
nan
nan
nan
nan
nan
nan
nan
nan
nan
nan
nan
nan
nan
nan
nan
nan
nan
nan
nan
nan
nan
nan
nan
nan
nan
nan
nan
nan
nan
nan
nan
nan
nan
nan
nan
nan
nan
nan
nan
nan
nan
nan
nan
