nan
nan
nan
1.15835206476
-0.789246709905
-2.22306184516
-2.6828912673
-2.13838891563
-0.923633875873
0.462931767216
1.58493477892
2.21754870048
2.36919546294
2.19377825076
1.86159605467
1.46517305765
1.00366538154
0.438245305577
-0.229533370059
-0.912939714465
-1.46017182227
-1.72845611299
-1.66709719085
-0.7959459185799886
0.13968112979542013
0.9427439591001274
1.5023619547686025
1.8494253465594142
2.1348895576528406
2.538447349293918
3.1533823427604517
3.9083779293116265
4.570731676711446
4.835836569219126
4.464776146603896
3.406821746567857
1.8487221978941903
0.16522039142525102
-1.2105737196228716
-1.9432033598582592
-1.9130786112120006
-1.2503977913460602
-0.27479008681673633
0.6309820813610827
1.1610329556207404
1.1868699216454672
0.7850851974097708
0.189295404736
-0.685822800494
-1.22263133208
-1.31236148515
-1.00443807235
-0.474284384006
0.0521998960004
0.388940567811
0.462451279797
0.340830623428
0.207028558383
0.283288424111
0.731914087252
1.56896715443
2.62688328053
3.58737295439
4.08069323669
3.82006387468
2.72184723425
0.962202719522
-1.05839501544
-2.83667525568
-3.93288224462
-4.12016707359
-3.45936650024
-2.26954029745
-1.00566185412
-0.0916598655025
0.226070343411
-0.0504134695857
-0.69812042342
-1.38177449427
-1.7953202635
-1.77863682545
-1.36634174192
-0.755985177102
-0.215262617496
0.0311001607481
-0.108793084767
-0.557475491038
-1.09300330169
-1.42253767124
-1.27900312435
-0.512028589498
0.851327181847
2.59232246329
4.33910269887
5.65328567963
6.14732371579
5.60342408439
4.05766273513
1.81615216594
-0.613076983114
-2.66101598755
-3.87040134927
-4.04079578701
-3.29010032772
-2.00425991807
-0.689875105368
0.214900573016
0.496075578564
0.222988541049
-0.311911695998
-0.743751120893
-0.807606125942
-0.454719493962
0.138606005682
0.670059667083
0.868178526565
0.630062136948
0.0731348117858
-0.523574011116
-0.859181021219
-0.762853589693
-0.283302851142
0.327982816603
0.731687721574
0.658123955588
0.0314569645926
-0.41751263584889386
-0.9664315442435907
-1.3015223577107378
-1.2395211238339954
-0.8022597589290967
-0.19245789340526187
0.31283297365803264
0.4963203643869747
0.2972811150356591
-0.17179556086811942
-0.6901470090950284
-1.0371704385963483
-1.088193017754847
-0.8524942392146073
-0.4413175492561976
0.009846196533985108
0.419087035942
0.199368205775
0.0222193310087
-0.02935561017
0.0696953197239
0.25830311126
0.414619599244
0.421783567311
0.238115528682
-0.0675683378199
-0.337067576737
-0.392678157014
-0.122933764407
0.457084035643
1.19982570928
1.87651285942
2.26182269977
2.21451369156
1.72120063941
0.889848637566
-0.0972579744617
-1.04594872712
-1.80169096479
-2.27515285164
-2.44243898871
-2.33152372856
-2.00741603933
-1.56128334068
-1.09978541481
-0.727380367138
-0.519312771024
-0.49312889809
-0.594402791843
-0.710981532325
-0.71786590094
-0.537303730389
-0.185800210999
0.219520216999
0.506169457151
0.528355171631
0.248992395576
-0.220849541804
-0.651609265676
-0.788713875241
-0.471702727545
0.276287236411
1.23509620624
2.06401019266
2.44003210776
2.19859857354
1.41264227767
0.371292876789
-0.535883462688
-0.979972376504
-0.82859370248
-0.196869757193
0.608007871716
1.22231173597
1.38002453395
1.01805269305
0.28924301688
-0.516840051715
-1.10447067345
-1.29284817325
-1.07613084878
-0.603000327135
-0.094678949663
0.253864502357
0.342870542352
0.181069831815
0.4447738707909963
0.6316430637141366
0.8069086505690137
1.0010190163897619
1.2351115803393924
1.5520350038198956
2.0223194844841004
2.710030087981039
3.6108117519765273
4.598150104094088
5.419303076346708
5.763739279873903
5.391087209903816
4.269421703325037
2.657240730527164
1.0754968829664193
0.15755840855693748
0.41897539112457594
2.031788635006322
4.698973832773262
7.695107459314059
10.078299171943684
11.009138453893073
10.063377744186155
7.4181735752442535
3.8325137707045513
0.417171318837
-2.87930150388
-4.19301294902
-3.4315338352
-1.14466708189
1.68251332441
3.98556951026
4.99190301223
4.46946999652
2.7643500531
0.621384156468
-1.1342492086
-1.92536834927
-1.63285942057
-0.611112684602
0.486967994704
0.995216504016
0.509004564594
-0.960853046057
-3.01059235605
-2.65570913063
-3.39647750295
-3.20730075374
-2.13578327847
-0.544832322938
1.05134037859
2.18937052347
2.6120434958
2.32183186963
1.52809083795
0.529229825702
-0.407836849549
-1.11944713025
-1.55015498341
-1.70976920014
-1.62231255798
-1.30252678383
-0.771026877911
-0.0901260888213
0.61371438437
1.16829529234
1.41691311459
1.2948392551
0.877795638292
0.368095390886
0.0147189397044
0.000265673099605
0.350159370429
0.913746374365
1.43356968702
1.67388107809
1.54577257542
1.16310531082
0.794707885363
0.730106698958
1.12258952714
1.89002590022
2.72995838825
3.2507964597
3.16168541602
2.42978923454
1.323937959
0.315046864855
-0.127340682977
0.24981701764
1.35833300843
2.79695253922
4.02365063413
4.59438395106
4.35764958205
3.51392548278
2.51269146831
1.83689404289
1.7781336731
2.30953404101
3.11533063134
3.7599592546
3.91190989491
3.51160139677
2.80049294885
2.19674801279
2.07776819331
2.57548501164
3.48466470048
4.33079653328
4.5685888747
3.82091065663
2.04985437284
-0.415964298873
-3.00725739668
-5.13392126131
-6.40094302945
-6.72977861904
-6.34228634339
-5.62789279427
-4.96389945072
-4.57214208582
-4.46937722512
-4.51918981505
-4.54524121818
-4.44177330721
-4.22652750124
-4.01604145347
-3.9444335752
-4.07368227464
-4.34416432105
-4.59066886548
-4.61473264046
-4.27653377456
-3.56156964005
-2.59126744979
-1.574241616
-0.722160330756
-0.168628393895
0.0742404934287
0.105426082014
0.078477994748
0.125101707829
0.291374968081
0.512153871918
0.633284825011
0.473123850158
-0.0990958345417
-1.09641047747
-2.38395105796
-3.69957432292
-4.72341626173
-5.17756598215
-4.92416920905
-4.02637424438
-2.74491919842
-1.46336394181
-0.561513360345
-0.279789945791
-0.626662990144
-1.37015004622
-2.12431717733
-2.50302796581
-2.28194327797
-1.50083764686
-0.458196959042
0.407173690369
0.704210679809
0.270784717215
-0.730492262352
-1.84832820223
-2.50346063267
-2.2140034541
-0.796452079746
1.53885893367
4.23756171624
6.57848243409
7.9111304184
7.86531963946
6.45942125101
4.07584093502
1.3228757008
-1.15966995815
-2.88131645081
-3.613002563
-3.4069339283
-2.53436389338
-1.37439093006
-0.293578598977
0.450704482017
0.763772139123
0.717724461231
0.509967349367
0.387524564505
0.555629757498
1.09566623555
1.92022402903
2.7870601058
3.37671302988
3.41389627301
2.79011373542
1.63603849658
0.304916232874
-0.738944818983
-1.09173865151
-0.576286741528
0.66744603054
2.21121799533
3.48240031957
3.96919908955
3.40554603251
1.86110234986
0.8231505364518767
-0.31575694348224204
-1.0850550676106536
-1.2110760615663168
-0.673849014888
-0.848112910181
-0.800441977222
-0.738513248012
-0.742509064243
-0.770948784317
-0.731190002181
-0.566620487893
-0.308844268281
-0.0671796159962
0.0347644918118
-0.0644346097
-0.321013397399
-0.603280245238
-0.761179303338
-0.709903404775
-0.480222326456
-0.205467154939
-0.0494808346128
-0.112715787583
-0.367132320353
-0.657039603542
-0.769320102351
-0.540153000891
0.0545822226263
0.871142103446
1.64772401061
2.11000014377
2.08363807206
1.56296568143
0.707395998421
-0.228009675799
-0.992214845492
-1.42269441327
-1.48204423649
-1.24063434775
-0.824739769766
-0.361150326521
0.0570927256565
0.377164476844
0.575955185391
0.650019110964
0.616442807456
0.520907470907
0.438662496216
0.455521962361
0.629509681777
0.95091298313
1.3271347491
1.61082993908
1.66721265578
1.4509039639
1.04986029039
0.664040503439
0.517506723952
0.739889887149
1.27620569863
1.87791308325
2.19243618409
1.91902951556
0.960914014665
-0.501640362978
-2.05952198594
-3.22940704476
-3.64687640383
-3.20875897789
-2.09842188059
-0.684908269444
0.650371898829
1.66997905319
2.34134005716
2.77670553442
3.0942123552
3.28771280671
3.19052782827
2.56653044171
1.28692780264
-0.506690322192
-2.35907670308
-3.63078082904
-3.76387614081
-2.56677946533
-0.373200504128
2.02455281371
3.66601442864
3.823714918
2.33686679319
-0.283665057568
-3.04394813351
-4.88026939712
-5.12000662501
-3.78331893931
-1.58506117109
0.370051678704
1.06633193665
0.0171281122312
-0.14637536759636305
-0.9423019405900703
-1.27026785596
-2.65501076785
-2.42459718182
-0.958053024211
0.916970808885
2.31456080396
2.67272841718
1.95705134462
0.609131199878
-0.713407201711
-1.46566721155
-1.45294041442
-0.874113234906
-0.170329402813
0.227488704974
0.117597706169
-0.393252698153
-0.977266826358
-1.28047214131
-1.11571709502
-0.553786209889
0.127585528578
0.600616396316
0.661433509452
0.32895668542
-0.178555076281
-0.569744945912
-0.636958123794
-0.359552105032
0.0973783158964
0.482000856599
0.594513496786
0.390070883729
-0.00640714797233
-0.376061747776
-0.526748786975
-0.391527872236
-0.0538686815973
0.309059215338
0.52883924234
0.535112414388
0.38353050696
0.210843802526
0.146943143526
0.236555796783
0.415645027046
0.554655867737
0.541796096404
0.356673248224
0.0904866726779
-0.100103505943
-0.0800874175065
0.184977013153
0.603401630365
1.00073034927
1.20905712134
1.1534942781
0.888389515349
0.563815364648
0.341702689545
0.308968108769
0.436301983701
0.605056086677
0.685560825516
0.620345959875
0.462367384826
0.343954626946
0.392809005857
0.644014900883
1.00241840606
1.28338160615
1.31524118255
1.04834865835
0.605830040326
0.237918184152
0.192770669329
0.565653628435
1.20809178793
1.75584579322
1.7780175178
0.986350568735
-0.593708499876
-2.57931153741
-4.34850387733
-5.27996684636
-5.01367808994
-3.61688973556
-1.57836391647
0.371045984789
1.53637340655
1.51692865441
0.337530553945
-0.7465039644214784
-1.991267881614462
-2.86189180031937
-3.0768233783231125
-2.6717197459044115
-1.9201164882565678
-1.1628697951889961
-0.6339375219012737
-0.362253728019
-1.03860339755
-1.56194778756
-1.73433342238
-1.50507351129
-0.986553429765
-0.389724162014
0.0807799363399
0.316592629156
0.338558535279
0.263048354824
0.22582607401
0.306016431691
0.488195685456
0.677813749631
0.757206827286
0.650664082221
0.365587504954
-0.00850666516865
-0.33953138617
-0.509631575719
-0.462328153034
-0.220485959071
0.12930612893
0.475606540259
0.725965794043
0.838405796843
0.830681440823
0.766944528676
0.728857378618
0.781786052843
0.946813315204
1.18719829423
1.41438756952
1.51381352642
1.38460302012
0.981190408681
0.34129845319
-0.413303042777
-1.10830127609
-1.57270436707
-1.69920363148
-1.48444996384
-1.03087059622
-0.507308925496
-0.0841371342622
0.129445998733
0.119064004579
-0.0430676187875
-0.240607072357
-0.365898493603
-0.356086075222
-0.197357953937
0.0975211071482
0.516316443269
1.05412072405
1.68898842659
2.33936289266
2.83556316327
2.93897055316
2.42149757949
1.18285507371
-0.647644324112
-2.68544071139
-4.37697554598
-5.18375818323
-4.79787220711
-3.29486730765
-1.14494769258
0.940709485343
2.27756859738
2.48050011217
1.62110845105
0.193034629088
-0.6337066161512297
-0.7506221620290603
0.04379516799380667
1.4686747800181337
2.878836946052459
3.5533914592899833
3.0275126601318902
1.3181102361575938
-1.0595796382306162
-3.293720411824438
-4.607192927073143
-4.5727977603356464
-3.2764011819156025
-1.262863063762694
0.7027034008544177
1.9468550816793595
2.136633346895394
1.3668387078973154
0.06657189426478283
-1.2131275501751162
-2.023804286904692
-2.15868010447
-2.2281418703
-1.86626827487
-1.29631391719
-0.671656110505
-0.059960403378
0.508366871014
0.978530867792
1.25071555416
1.22294196478
0.873430180495
0.325851383223
-0.157217398316
-0.269907915668
0.188034975459
1.18345467367
2.41790298025
3.42483654401
3.76448987904
3.23053549514
1.96794066535
0.437020955797
-0.770543022912
-1.18595086236
-0.672730098221
0.506524923172
1.79938831438
2.60054294788
2.50903824492
1.49028807153
-0.126457063993
-1.80664603848
-3.0452055018
-3.56708589537
-3.40621745858
-2.83895245388
-2.21896532651
-1.80370977577
-1.65801176478
-1.6731689649
-1.6764456945
-1.55974809954
-1.35088280913
-1.18740395675
-1.21072912931
-1.44529721602
-1.73845510444
-1.80536688148
-1.36597431317
-0.308212384895
1.20836929885
2.77012243773
3.85206842878
4.02788655852
3.15338456126
1.43863903429
3.9301350098
2.26552302199
1.2812341371
1.13858571029
1.6798683656
2.53000281666
3.27666083209
3.64477528321
3.5910295458
3.28628714488
3.00675022123
2.99256441501
3.33959784051
3.96646557911
4.65943251423
5.16335178554
5.27296779258
4.88902159192
4.02829448389
2.80043494115
1.37447202887
-0.0486792754688
-1.25721994203
-2.05485388883
-2.3036639184
-1.98000954247
-1.22075207087
-0.326919945157
0.29924686404
0.280441742663
-0.584166072555
-2.20310760245
-4.17115343018
-5.86933533622
-6.66419311926
-6.13811163492
-4.26196702497
-1.43746452652
1.61516734217
4.08756896344
5.34749872124
5.13880129968
3.64479621939
1.39717640012
-0.927756014022
-2.74335968594
-3.72984726197
-3.89626412237
-3.51877430159
-2.99466056311
-2.67825950481
-2.76225525403
-3.24020774651
-3.94863375826
-4.65646192906
-5.15787649214
-5.33319983231
-5.16399547922
-4.7109341005
-4.07583356936
-3.36870257283
-2.68994019308
-2.12496952701
-1.74124179998
-1.57921228773
-1.63733777701
-1.86018866489
-2.14202509839
-2.35278806145
-2.38172869165
-2.18217396397
-1.79615240692
-1.34353639208
-0.97531574739
-0.807979553192
-0.867247100227
-1.06833153512
-1.24583239075
-1.22474820444
-0.904457919459
-0.319048442664
0.355295256011
0.854259388294
0.923251138758
0.421817935349
-0.607573722935
-1.93594502802
-3.21362493519
-4.08218137379
-4.29090859323
-3.77490048655
-2.66752965475
-1.24622802887
0.164265097469
1.29291577937
1.99159813663
2.25281056984
2.17871834887
1.92276351898
1.63192999519
1.41139141916
1.3183079863
1.37618065065
1.59299552896
1.96865836024
2.48751863383
3.10362069125
3.73273943504
4.26258694481
4.58232738446
4.62051411462
4.37365865871
3.9100628718
3.34447994649
2.79315065064
2.32855204444
1.95365008968
1.60627048108
1.1901187949
0.617204633035
0.5154266562958298
0.22509019703005606
-0.19070164419665048
-0.6390182667428945
-1.0172210927991188
-1.22437939346
-1.85866106293
-2.14079027074
-2.01041453041
-1.45969992157
-0.562718726915
0.511626662342
1.52005519366
2.20271404152
2.36338791376
1.9419442156
1.04643164636
-0.0741226097172
-1.11051718193
-1.79776483228
-2.0012384529
-1.7500322682
-1.20655011331
-0.589919827724
-0.090338577429
0.18778551319
0.233996258246
0.098150417054
-0.157132724192
-0.486267518663
-0.85632577046
-1.21721838701
-1.47497960124
-1.49837679743
-1.1699101497
-0.462053092318
0.504063256598
1.46153399179
2.08031718625
2.10561046366
1.49110529064
0.456583069596
-0.573464141824
-1.13866669485
-0.950586592143
-0.041825436742
1.22390664418
2.30067056056
2.71072332962
2.28250974373
1.25713870314
0.198132329675
-0.2694783627
0.221941797999
1.55708893496
3.12496425736
4.04604626415
3.55432094186
1.36953060743
-2.11211330033
-5.90798317115
-8.79723534396
-9.78811465507
-8.50823477811
-5.351487471
-1.31953237356
2.37230585437
4.75519752247
5.44053420869
4.69722064595
3.25967972977
1.97044126001
1.4245582045
1.7671788716
2.71270362672
3.74716907039
4.39668130579
4.42901874124
3.90515764495
3.08239419868
2.24534410693
1.56805808631
1.07939471461
0.735340336173
0.535896118372
0.597562954225
1.11997439254
2.25136639057
3.92514722277
5.76995944159
7.16877383057
7.46957053769
6.26742136468
3.62880289755
0.141845473289
-3.25145147185
-5.58593425823
-6.23337288538
-5.13917469565
-2.83386655146
-0.215482908859
1.80139802617
2.61919955362
2.13683837494
0.713346011408
-1.04750481929
-2.57889506934
-3.5674183771
-4.01620387385
-4.14779702193
-4.2174273967
-4.34387860508
-4.44565903271
-4.30790158901
-3.73426444517
-2.69463554366
-1.38453316732
-0.161112857999
0.613131382716
0.739109172208
0.275708452591
-0.488559096244
-1.17326193207
-1.48468417056
-1.34713300083
-0.92315769564
-0.514785965478
-0.396860863712
-0.666498183051
-1.18389945443
-1.63432950608
-1.68174965982
-1.14024608929
-0.0808958552688
1.17770947891
2.1927282544
2.57938207124
2.17149349048
1.09043388308
-0.305583606492
-1.56733525592
-2.33125976656
-2.45247345755
-2.04172602004
-1.39693346774
-0.864327879327
-0.691251143006
-0.93207897593
-1.44276171629
-1.96040726586
-2.22904646657
-2.11537859465
-1.66498558953
-1.07642920817
-0.606191275411
-0.446988076033
-0.633662521063
-1.01984496237
-1.33902235122
-1.32719720681
-0.855811386883
-0.0154503436565
0.892175199235
1.45972075659
1.34059325653
0.409579852081
-1.15258433
-2.89433448593
-4.24377378074
-4.72037421593
-4.1237322324
-2.61985651248
-0.684959470712
1.07434212638
2.1523247852
2.33140605103
1.74768853059
0.809592723159
0.00846810861846
-0.293120094763
-0.00179799667922
0.696374360775
1.45336897095
1.94288291837
2.01990224473
1.78050240641
1.4969595443
1.4648728872
1.84126641555
2.55501348482
3.33283051813
3.82516831522
3.76657019003
3.08957762453
1.93749739509
0.575255026562
0.02956887088282656
-0.35831243283851677
-0.6197054583941508
-0.8629104587875247
-1.1470277505949014
-1.3816732567646852
-1.31974076841
-1.49934013188
-0.89990802451
0.394861928251
1.99492983958
3.31192703648
3.78240800598
3.11169783018
1.42481904629
-0.753180999395
-2.68964075062
-3.73156940592
-3.56397624743
-2.32629421676
-0.537344792136
1.13443147937
2.15024135377
2.30564805946
1.77539066645
0.989525360611
0.409236629296
0.312062353628
0.684052819898
1.25915532551
1.67378194386
1.65274877862
1.13523811803
0.286704524495
-0.596880989415
-1.23414875619
-1.47652106952
-1.34550643827
-0.982979495519
-0.554608106682
-0.166753749382
0.157854654806
0.44001149111
0.674348930782
0.782894948758
0.629931382649
0.0973604678662
-0.820581658803
-1.96241347011
-3.02723581378
-3.68504100445
-3.72190379861
-3.14734079111
-2.20377354424
-1.26419148063
-0.661179050372
-0.528814361183
-0.737358457119
-0.957882555412
-0.830140259049
-0.153874108516
0.991212512704
2.25951307855
3.1859090748
3.3974790226
2.78979900404
1.58232970473
0.224737779062
-0.802320125665
-1.19754276995
-0.961003658339
-0.371658452083
0.165561464274
0.32618905724
0.0246728494698
-0.5515045819
-1.04625647072
-1.12385504219
-0.647536452029
0.241052008069
1.18093460764
1.76074931151
1.71557288967
1.05664368113
0.071804474248
-0.803588852771
-1.18474607628
-0.913067611059
-0.130438795525
0.778247017707
1.34465061007
1.20556915113
0.239752909578
-0.8086050024660381
-2.1740979342778672
-3.436287751988786
-4.248211445464378
-4.422831816375833
-3.947402335799026
-2.9409495916307975
-1.5908990764307163
-0.10278845503457035
1.3229539349777895
2.496755916838339
3.2500324456568848
3.4655045536291595
3.1237206604588863
2.341527384581383
1.37154714014
-0.0617235230093
-1.04467314581
-1.40566206442
-1.17614546699
-0.579105638579
0.0642588785492
0.472317291943
0.523494681437
0.302027243124
0.0446681420659
0.0111980902652
0.34006865667
0.960639878898
1.6087854129
1.9436769516
1.71339561994
0.89030975375
-0.291982796159
-1.42371141144
-2.09160212536
-2.06120875394
-1.38341522148
-0.372957528039
0.533768103865
0.976702507833
0.832962735947
0.263431591047
-0.3786002994
-0.734152191413
-0.630386857966
-0.181789605249
0.254440132358
0.254994222135
-0.440045609071
-1.75442483621
-3.24916659244
-4.26851115386
-4.2059178585
-2.77928881565
-0.193785046203
2.8862021614
5.55504526518
6.99181061228
6.76458969638
4.99070368538
2.28883369314
-0.455989851742
-2.41867859859
-3.12207922647
-2.57742889288
-1.23193248472
0.242868429185
1.22755391613
1.38318953315
0.747042058963
-0.328780589571
-1.35549907565
-1.91991391709
-1.84294966661
-1.22731989072
-0.387264010578
0.299361856624
0.550302749093
0.285902054431
0.2636846361081808
0.15852523166367405
0.28682092128426007
0.8593288496207236
1.8927954247368746
3.193499831035723
4.4169283574446325
5.1832058328202635
5.21071309797361
4.424341529354976
3.0013200336659054
1.33533741828
-0.667823458473
-1.96686558107
-2.31113477091
-1.73490336639
-0.547664966682
0.77482728924
1.76229994198
2.11967457454
1.82615576159
1.12069352344
0.3777486595
-0.0736705644575
-0.10616782428
0.148914209736
0.374673615745
0.24229657835
-0.39594766356
-1.39117634581
-2.32613165527
-2.68791188524
-2.11450102616
-0.601567063112
1.43517527126
3.28667685973
4.22502391668
3.81202109349
2.10487876195
-0.338643616921
-2.66675227789
-4.06791488376
-4.08980189051
-2.80485252638
-0.752812404816
1.30887941742
2.73005673088
3.22031523189
2.91940629374
2.26470772466
1.73146634784
1.57941501254
1.73129404113
1.83964208719
1.50260119872
0.514698106062
-0.978710512127
-2.50632707692
-3.46853847564
-3.41478190394
-2.2670183281
-0.380481593916
1.58955238586
2.95424247971
3.26857547858
2.49525089025
0.987464326961
-0.690509183054
-2.01264301948
-2.69260814876
-2.75181429837
-2.43952780792
-2.06304115702
-1.82372706868
-1.74126308869
-1.69362406813
-1.53552021836
-1.21757466124
-0.833066068297
-0.564283866976
-0.560550341574
-0.821417762174
-1.15857132598
-1.26823721511
-0.884674580599
0.0624276584714
1.37195981928
2.62509510429
3.35292771472
3.24367431964
2.29197510562
0.817514936068
-0.659137218573
-1.6286548351
-1.79770177015
-1.19602406358
-0.14282187133
0.905106958875
1.54888240437
1.59751629524
1.11075190244
0.327297853517
-0.1556001573986947
-0.47922887029025674
-0.6315727802260795
-0.7433436774690563
-0.9921667831158629
-1.4882096151161335
-2.198076036850253
-2.9408269057370973
-3.4541601581554318
-3.498130036847357
-2.9513224442529804
-1.862666180029592
-0.44371039822372893
0.9905304243532385
2.108742063048041
2.651031705326787
2.4944010934736554
1.6815165893018644
0.406913858236
-1.27969262712
-2.82617476579
-3.99406040107
-4.67958396977
-4.92810702208
-4.88829218998
-4.72112000405
-4.50402449374
-4.18066693788
-3.59209468129
-2.58700583063
-1.1633213672
0.435818586951
1.74110458535
2.2128583177
1.48502750279
-0.410121432615
-2.9576664934
-5.28949668738
-6.50633572146
-6.07048716915
-4.09169297807
-1.35270329682
0.975304078814
1.83515522349
0.795900368395
-1.66311899228
-4.25447480291
-5.36678330074
-3.75062279864
0.881571798128
7.61368667038
14.5740538994
19.5978604093
21.0444386577
18.4340910142
12.6382926938
5.543460244
-0.669729340829
-4.330569365
-4.83891174581
-2.77036100976
0.483588718524
3.35418557389
4.72349048828
4.28324893219
2.50803054998
0.30732111325
-1.44432755396
-2.27058447174
-2.20162291772
-1.62032119524
-0.967886592096
-0.484209278384
-0.117236632762
0.370922953659
1.18497385872
2.30563192708
3.44422059731
4.17186797147
4.15114751927
3.33901265094
2.04438543269
0.802492458828
0.127374456155
0.270074966063
1.10768959396
2.21964590186
3.10956006859
3.45598848841
3.26255818825
2.83299637751
2.58928397307
2.83212794436
3.57007634381
4.50414122069
5.17137871256
5.16862977139
4.33966165849
2.83354576315
1.0137185924
-0.724214999852
-2.12451429007
-3.14526869759
-3.9067247069
-4.55821201501
-5.15075133848
-5.59327759912
-5.716160044
-5.39879283926
-4.67782003329
-3.76283484948
-2.94167777861
-2.42583813531
-2.2275216691
-2.14789572891
-1.89508248307
-1.27360323652
-0.338226222897
0.584996505627
1.04046411645
0.686713121514
-0.48362084805
-2.07382445532
-3.42032492746
-3.88812343345
-3.18686029626
-1.54752264002
0.340376414306
1.61597020841
1.62973019447
0.239742477022
-2.12324166845
-4.65550259627
-6.54773863347
-7.33949763111
-7.08700516257
-6.26610062783
-5.46787840431
-5.05148296163
-4.9406849837
-4.67572527918
-3.69708853039
-1.71261685596
1.05076711455
3.85664846005
5.74507619647
5.9667099427
4.35473297677
1.44637436998
-1.71633170866
-4.02122989794
-4.7547628745
-3.88517949715
-2.03011268522
-0.131266812044
1.00052464244
1.04778750561
0.285473646494
-0.620049623953
-0.999112305868
-0.550672491711
0.492202688852
1.48545311923
1.7202320832
0.813923183062
-1.05441324187
-3.18629217418
-4.66763693882
-4.78915119248
-3.38183551804
-0.908541579391
1.72955933271
3.57820650878
4.02770345966
3.0454914207
1.15056667448
-0.840770069554
-2.1679313957
-2.41546545326
-1.62191227559
-0.185989136242
1.35760276561
2.57173863204
3.25418783366
3.43736136491
3.28408863392
2.95898986736
2.55167628231
2.08328655235
1.57130754906
1.0927131819
0.790915713549
0.812287466716
1.2075243924
1.86157566318
2.50556745497
2.81995973036
2.58467279803
1.79964033678
0.707651906659
-0.302111345897
-0.870298708624
-0.840174861423
-0.34124372002
0.260903890726
0.528464106112
0.153097016849
-0.7978412505826498
-2.1667762195162084
-3.5140574977805557
-4.411243794513169
-4.621376533523019
-4.186882037837378
-3.3904602007265368
-2.6147170069618397
-2.1711492951091884
-2.1779443477232263
-2.5370231832072676
-3.0103178904238206
-3.3490854996142616
-3.4098435212800666
-3.203773075755919
-2.8639025493918524
-2.555847451513017
-2.3829154167175943
-2.33428994599
-2.49122675934
-2.51877190641
-2.32509068529
-1.92343488957
-1.42907630809
-1.000230325
-0.75159005269
-0.682502090762
-0.65579842859
-0.441339548715
0.189680139516
1.35601438361
2.98764993304
4.81231783489
6.41938546232
7.38447101775
7.41371957698
6.4557343529
4.73671980762
2.69945487027
0.861685810035
-0.35805720693
-0.782665989433
-0.53019442633
0.0451457375656
0.503806709423
0.502927141344
-0.0668868278056
-1.04902160804
-2.10616910363
-2.8830807225
-3.16906913557
-2.98143060408
-2.52896208535
-2.07528151227
-1.77518360685
-1.57539566048
-1.2415493372
-0.507712902003
0.724719627667
2.24863118075
3.5638593799
4.06083508486
3.30515267946
1.28949141865
-1.48165318891
-4.14030396206
-5.79245230064
-5.90198999593
-4.54210033986
-2.38462305992
-0.415271891276
0.505876323176
0.0379208267915
-1.48168403252
-3.19569091368
-4.13622928775
-3.6936683372
-1.91951282359
0.487358438958
2.51024012888
3.30347090549
2.60175297116
0.84518457213
-1.04745409791
-2.14964354585
-2.00854507671
-0.890521989041
0.344505474681
0.691712756575
-0.441638834463
-2.8513707112
-5.53281723413
-7.08916980282
-6.38071011696
-3.11672450239
1.89663199137
6.99042897475
10.2680950342
10.3737843497
7.05928825891
1.30013455837
-0.44387316358393036
-0.884851309627
-3.32554424271
-2.90535956143
-0.442265669917
2.62017253542
4.85845165147
5.43376587793
4.34415978835
2.29048441898
0.259798073099
-0.955566890935
-1.08048787743
-0.396083511423
0.484544742417
0.963689189643
0.74862975393
-0.0476293887861
-1.01851388371
-1.70654504979
-1.84021521395
-1.4482232374
-0.809467246723
-0.284547519321
-0.128645463554
-0.382647369325
-0.887068091528
-1.39417153844
-1.70566397619
-1.75953172441
-1.6273186204
-1.43763201525
-1.28131598923
-1.15783184879
-0.991691120488
-0.702573831024
-0.280239224034
0.186109430606
0.545129361498
0.666762388806
0.522046475755
0.210087304738
-0.0871200125728
-0.1993393464
-0.0597973142992
0.258562608836
0.58466521027
0.747423633485
0.676332467306
0.447335097167
0.245621134516
0.262463187281
0.580470666891
1.11011223525
1.61491219225
1.81659218653
1.52909475062
0.754440768691
-0.307750267737
-1.34153552303
-2.04571368077
-2.25019135195
-1.9634315692
-1.33452838084
-0.558072066814
0.222325606382
0.959378182117
1.6756229396
2.38654617584
3.02427448939
3.41352745155
3.32321861839
2.57493571858
1.15602174789
-0.722076919637
-2.65624501289
-4.16909685927
-4.86601351579
-4.56851178361
-3.37196647758
-1.60943967699
0.257720366168
1.77598168412
2.61316241014
2.61826941038
1.82353785597
0.406081386957
-0.9769433318262202
-2.409280203745581
-3.5934110491884184
-4.283236740608402
-4.326823368349153
-3.7023501445744245
-2.5326367236915814
-1.0637588919933592
0.3954134107498959
1.5582096312001426
2.2408446585221355
2.408091033622341
2.166407057081983
1.7094444100858084
1.2413337808475546
0.911094113428
0.326088029024
-0.0657341438482
-0.309575582246
-0.449031989258
-0.507461997585
-0.492673217471
-0.413090394383
-0.287430995154
-0.137196540245
0.0331591306732
0.250536825265
0.563485360492
1.00397827428
1.53739767777
2.03258488471
2.28136526964
2.07470826161
1.31034461983
0.0816225695284
-1.30449423566
-2.40609405192
-2.80297335728
-2.27103227139
-0.897398109534
0.921594171154
2.60879876887
3.61388560338
3.61573968175
2.63545462239
1.01426553987
-0.730336255144
-2.10546611172
-2.81529715905
-2.83838452632
-2.39004419224
-1.80111952921
-1.37552836376
-1.28747034507
-1.54997060986
-2.0478917947
-2.60167595398
-3.02500223214
-3.1575805303
-2.87875608327
-2.12138154265
-0.899666846519
0.655785056618
2.28247163094
3.61992037549
4.30310414131
4.09107101512
2.97732619244
1.22397714636
0.43408572992386496
-0.04344491965957786
0.137006908334
0.0283645365879
0.445262703068
1.02045044429
1.40823474472
1.44459441889
1.20573023123
0.938996514784
0.906686038445
1.22876583537
1.81047063714
2.39391799287
2.70427385771
2.60779807922
2.19115737606
1.7142700161
1.46003290143
1.56441071776
1.92510220441
2.24613804815
2.20009409131
1.62057173219
0.614916191073
-0.47371657269
-1.24364551721
-1.45904978024
-1.19570706822
-0.818485378889
-0.790907575598
-1.41341092719
-2.63532690971
-4.05502169887
-5.12427692307
-5.45713710937
-5.07420518404
-4.4338781887
-4.20877408619
-4.90663185623
-6.53462246147
-8.50471077497
-9.86604225775
-9.77851174129
-7.99745520328
-5.10395064038
-2.31897619241
-0.941801749264
-1.65686327016
-4.0526403401
-6.6292063149
-7.35669745298
-4.58005693256
2.12513589769
11.5551996265
21.167238014
27.9803874042
29.7305318688
25.7873963483
17.4312336474
7.36031172846
-1.36317146505
-6.47666386317
-7.29813792879
-4.81313338127
-1.0724795014
1.79256264665
2.48065916076
0.96407719848
-1.6863790007
-3.95294041937
-4.64962060049
-3.45159634565
-0.952628026121
1.72365255006
3.51778631215
3.91542371117
3.0856323881
1.64604347416
0.223912316985
-0.92161641611
-2.00309691091
-3.48736596456
-5.69631491798
-8.46949571158
-11.0995960388
-12.6012059494
-12.186911279
-9.70349767634
-5.79079542792
-1.66260918858
1.39788876371
2.5877008377
1.91174766855
0.131754046696
-1.63197003434
-2.44323602493
-1.96846526349
-0.572784105468
0.936059148826
1.7676643704
1.56794905137
0.584150153151
-0.497077774571
-0.938950373952
-0.357174281343
1.07710763308
2.73465758186
3.8649320651
3.98722615425
3.12831949994
1.78656158648
0.651075154509
0.233832182314
0.613601956328
1.42443216839
2.08556325631
2.13903322229
1.50603742304
0.521813406216
-0.266679129396
-0.424478132457
0.108803998468
0.965995837968
1.54152266259
1.32104750713
0.170873389272
-0.7893872556763881
-1.7068691884267366
-1.9761578186800364
-1.3473299338683091
-0.061257193684497224
1.2811229833802003
2.0503199211544683
1.944689344699114
1.17793789915
-0.480299519843
-1.42032708579
-1.20164154228
0.0588471987749
1.71020741631
2.87131420956
2.8669198164
1.57549041781
-0.490986113877
-2.42116415304
-3.33961614704
-2.82802632826
-1.12373144051
1.00089358536
2.61471085596
3.06997507895
2.29164842875
0.776735320215
-0.684793917557
-1.41696227086
-1.18326166063
-0.270447760737
0.700418811167
1.126034879
0.74660412433
-0.223698018595
-1.22335198459
-1.65308490169
-1.20085179465
-0.0109880771011
1.38812262636
2.3556658395
2.464573028
1.71291516338
0.515030523208
-0.516541746991
-0.880157708214
-0.424714273289
0.598394081829
1.68746707116
2.35729087622
2.37634483088
1.8535898088
1.13988891361
0.609512554927
0.448050466198
0.563271695106
0.662793557909
0.448222343986
-0.188408732573
-1.0793970167
-1.85724659963
-2.1509692918
-1.79448761285
-0.931060713942
0.0463282953382
0.689708213115
0.723603716109
0.18468355263
-0.600380628031
-1.18679499911
-1.24229569944
-0.715963829744
0.14055422674
0.905526357577
1.19853371231
0.857470715532
-0.00844983688815
-1.10768944071
-2.13644850739
-2.92681670155
-3.48817900686
-3.92478015136
-4.29060589858
-4.48552265339
-4.27681934863
-3.45577674336
-2.04968912829
-0.457357940347
0.604683787585
0.369315725385
-1.5937337707
-5.04853980298
-9.00414753337
-11.9597254036
-12.4298492762
-9.55700965246
-3.55524885333
4.22284749586
11.658650673
16.561076708
17.4242202835
13.9576571181
7.18430921566
2.3851724142546544
-1.530894309676654
-2.82733161025
-4.1448726746
-2.52049835952
0.781372679749
4.17996935105
6.35761549223
6.66307205111
5.21773561275
2.73155125739
0.143151754126
-1.75369056539
-2.55769963695
-2.31487786613
-1.39921848628
-0.300673053159
0.579484127182
1.0497582173
1.13867665452
1.01605140658
0.877224256312
0.845501658909
0.928956356003
1.0386754968
1.04961235218
0.871442488661
0.497777310761
0.0146481908401
-0.432912514598
-0.700858895233
-0.707582324493
-0.47152294422
-0.108872501369
0.209165241225
0.323732561136
0.153589203606
-0.268979057518
-0.808047673411
-1.27761635936
-1.51798205604
-1.46342041305
-1.17239054952
-0.806940963601
-0.569618229758
-0.624248576276
-1.03322748175
-1.73569670159
-2.57241410493
-3.343253767
-3.87139693721
-4.04927991656
-3.85345903498
-3.33152811896
-2.57555177432
-1.69794655288
-0.818077357407
-0.0569003214106
0.469913856278
0.668446742364
0.491933509305
-0.0356036249521
-0.812533581632
-1.67950154084
-2.46323050271
-3.0280271153
-3.31245398816
-3.3336993839
-3.15675574042
-2.84240097912
-2.39853323182
-1.75832684242
-0.796781725108
0.61919608845
2.56503253441
4.99923341059
7.72864268942
10.4079921992
12.5764945604
13.7304281115
13.4275685866
11.4122218068
7.73632816353
2.83688391525
-2.4767823865
-7.15911513631
-10.1835887924
-10.8601003204
-9.11114658479
-5.58973153762
-1.55795456292
1.47293237686
2.24052938642
0.192313299182
2.825943983462409
4.28432913015
-1.02372531274
-4.35733016167
-4.96467548805
-3.09437992028
0.131703801478
3.19404862177
4.80206840552
4.40680018316
2.38234064116
-0.196513786454
-2.07460650951
-2.39747020572
-1.09161183152
1.12292781582
3.08497958654
3.74050867435
2.63149689452
0.103172276419
-2.85791792166
-5.07072951284
-5.67941306083
-4.50851854404
-2.10196137934
0.553743650837
2.47695290064
3.09508240223
2.42693953173
0.981759118369
-0.1221347729113802
-0.7839722432369172
-0.8577801037325514
-0.5751573930659504
-0.3498358497125338
-0.5129311535268499
-1.1252284138952149
-1.9593275419521916
-2.6464215832235567
-2.8940377223117935
-2.64845803545478
-2.1131860188258287
-1.6191039877107585
-1.4252129975016459
-1.5656704585497323
-1.8304140768129855
-1.8901389883355506
-1.494792735202637
-0.6331193279485205
0.43828427533601655
1.3162701825066279
1.659730657721866
1.37360173177
0.294850374434
-0.785504889091
-1.4485909781
-1.4785340672
-0.958523693484
-0.210182513594
0.387756181321
0.60118292153
0.453060250363
0.18726263963
0.107068247528
0.381173826652
0.928496128072
1.44973615893
1.59193688914
1.15660954051
0.23428004493
-0.815165307268
-1.5346341921
-1.6084560583
-1.04099792448
-0.175423652793
0.46583949308
0.44315884852
0.589810697522509
0.21546961319798186
-0.13848849638185357
0.0772957536448331
1.1401569011836017
2.9009706076404456
4.834798158195511
6.274603743946415
6.715396287905378
6.042161680783295
4.574224786715405
2.9103952923240257
1.6563301506592438
1.16919452068
0.651920275368
0.580371769688
0.541410280362
0.245821740649
-0.336317789875
-0.990517404741
-1.40125294427
-1.3372532422
-0.777242520033
0.0853429369093
0.950114034372
1.5610597969
1.81443619904
1.76815087427
1.55914438067
1.28990928362
0.961293623182
0.497146398812
-0.15401239847
-0.908372289004
-1.50890570997
-1.60523131194
-0.928094121534
0.526932110983
2.41151880419
4.0996385738
4.91385591361
4.41074219182
2.59424087695
-0.0490912711451
-2.71957721453
-4.60967158142
-5.21167691764
-4.4937494401
-2.87290932672
-1.00878584682
0.478226160844
1.2342792182
1.25206769163
0.789528925019
0.191374290757
-0.284440553781
-0.551427817676
-0.666429843923
-0.730077197199
-0.791646431304
-0.82022966181
-0.753404905948
-0.579667447907
-0.386236421265
-0.325467908191
-0.508683391754
-0.891764752509
-1.23624004021
-1.19617559181
-0.509267109617
0.800749956084
2.33066127112
3.39463415846
3.30045920547
1.69345883957
-1.19849931642
-4.55909650549
-7.25421721109
-8.28310176176
-7.21534058924
-4.40831043047
-0.888788010038
2.06602844522
3.46978752116
3.04769499326
1.34223485962
-0.548725930473
-1.48441570803
-0.810096769046
1.33988068173
4.10213642327
6.2760352488
6.86370719437
5.51073062721
2.65216295386
-0.69038086377
-3.35430358723
-4.51400702472
-3.979964578
-2.20431436328
-0.0211541047239
1.73264259622
2.53231226026
2.28565427636
1.2398447747
1.3652210153553312
1.343007352092286
1.288277185374369
1.2094731878582081
1.1481134301863989
1.28413034945
0.145035521004
-0.214737143137
0.26725713823
1.3146882956
2.35832924104
2.75658039545
2.09739850986
0.430399111512
-1.7023344481
-3.47566930363
-4.14900454097
-3.42229397521
-1.60405427743
0.502867470589
1.95794628678
2.12132578342
0.966128098534
-0.890199814577
-2.4605701127
-2.84830078126
-1.6804254411
0.690015535377
3.31231887005
5.04407284458
5.05297496491
3.18836407556
0.0564169462979
-3.23161683239
-5.52194565186
-6.0849132122
-4.88485622189
-2.54770844935
-0.0588102244513
1.66125661854
2.11324273749
1.36456383041
-0.0541772270711
-1.42633395437
-2.15805521003
-1.98247664403
-0.99076428964
0.487721385292
2.06701601408
3.44636693772
4.45285707231
4.99375883112
4.98200423399
4.30871945857
2.89920408803
0.826201824544
-1.59568718894
-3.81686778985
-5.19829156173
-5.25783198465
-3.91354867883
-1.60048222676
0.819463153712
2.34543767558
2.21887218089
0.239021705635
-2.324350685142491
-5.3095073216012025
-7.618049625838438
-8.453017584969231
-7.628158421024452
-5.621888748434941
-3.3538048709845896
-1.7825095019128554
-1.5006874288415872
-2.5019262456188756
-4.214748590512727
-5.779108157073267
-6.4341073314054995
-5.840884773129474
-4.200474107543059
-2.124562526733726
-0.3308325505557832
0.68880125026
0.295926789673
-0.570681251252
-1.33392365015
-1.49611768496
-0.877673887179
0.31249862924
1.60068078532
2.49693634434
2.7413558555
2.42648993419
1.93933456495
1.75667057324
2.19860880027
3.26258893996
4.6168915395
5.75211047844
6.21204417688
5.79016314545
4.60031458888
2.99722032841
1.39815293611
0.102978667524
-0.79688102397
-1.38371660752
-1.78702637186
-2.04881859925
-2.06603350408
-1.64868981539
-0.662948638395
0.825379038051
2.49870425713
3.87378992918
4.49828125085
4.16494991122
3.03211510418
1.57874636987
0.403607127772
-0.0412285366145
0.346307635756
1.28073196446
2.23978534492
2.73145891529
2.54428225676
1.85314862313
1.12368238311
0.859880880402
1.32114863452
2.35375598801
3.42719612085
3.86431691219
3.15642502953
1.21047718495
-1.59216503255
-4.55316559804
-6.95239129977
-8.33674599589
-8.66651569864
-8.25959878303
-7.57855223443
-6.98307790472
-6.58099416274
-6.24938929894
-5.79851216311
-5.16857477129
-4.52997473256
-4.21276985841
-4.49266769461
-5.35281398844
-6.37048791106
-6.82426834981
-6.00373143375
-3.58782439164
0.0976765553558
4.09418008314
7.12558819579
8.09857327131
6.57230577742
2.98193548043
-1.49647718206
-5.39160366778
-7.50374487576
-7.34902247614
-5.29506301654
-2.34478925915
0.317306545383
1.80385685191
1.8211060293
0.677038981417
-0.962574174856
-2.42196169174
-3.28980485336
-3.50495928284
-3.25117165761
-2.75952854633
-2.15310771508
-1.42398252853
-0.53858457205
0.419267757692
1.18583330453
1.40476877146
0.836248260916
-0.428967181968
-1.89264330171
-2.79234800871
-2.43090720036
-0.545088344623
2.47799551267
5.67291531977
7.85807688436
8.14114303145
6.33530885286
3.08024580528
-0.406936409254
-2.84960262659
-3.46369094712
-2.28624350867
-0.124893244014
1.8472209718
2.65649606047
1.9828338015
0.286983243773
-1.44405642533
-2.20301315751
-1.46924311796
0.529564571082
2.92241217886
4.60705076436
4.76213968237
3.21117884769
0.471708334075
-2.51630459111
-4.83260510024
-5.96468771496
-5.95868095372
-5.28143650902
-4.49247283687
-3.91559262484
-3.48737672993
-2.85415878419
-1.64955507715
0.213697929604
2.40953342276
4.30574546984
5.26296126939
4.96903452433
3.62926626394
1.90518927352
0.624083000611
0.399830070488
1.35157307549
3.05685946971
4.75750533381
5.71120873725
5.51405041695
4.24132212863
2.35212916744
0.423952297274
0.5024243626663889
1.0227188693948364
1.758914896627573
2.3825303089500096
2.7029444967848946
2.81634604293
1.03217760626
-0.144932581471
-0.403079189793
0.265270876494
1.54782526759
2.94508393232
3.97459711969
4.34097986209
3.99553778278
3.0773639468
1.79285874278
0.315666811151
-1.23782961111
-2.7614884411
-4.09765218305
-5.02949017745
-5.35861862826
-5.03439836235
-4.25080160772
-3.42618022342
-3.03819170143
-3.37296014465
-4.3149764993
-5.30850162273
-5.55026804589
-4.35685234639
-1.54702423514
2.35253336618
6.20551606429
8.65934469904
8.68001275089
5.99475015219
1.23738057777
1.4963423867152557
2.47673733251
-0.12644445486
-0.614339236177
0.518141352638
2.28127170658
3.67864076562
4.13873169272
3.69745787748
2.87144183484
2.31492871825
2.45035183023
3.25852905284
4.31765345998
5.04613032575
5.00461128139
4.09682244696
2.57903837242
0.899929975372
-0.518612487494
-1.43149980943
-1.78219350734
-1.60328077103
-0.905640848964
0.340855389791
2.10200112218
4.11664322258
5.81070931935
6.40538531024
5.23541394812
2.15704069991
-2.16791341922
-6.31147906315
-8.51076616514
-7.36502609545
-2.51176247385
5.04215845315
13.1373026396
19.1936846332
21.1819024627
18.4253277488
11.8769800685
3.73594289515
-3.43897347399
-7.73303028889
-8.55893885005
-6.73216765074
-3.93392745344
-1.83945690081
-1.33499116619
-2.18787886358
-3.30197672928
-3.40034352164
-1.77215475993
1.3000574561
4.64629155004
6.78776821
6.68913986015
4.29972595831
0.608418914735
-2.81677101724
-4.57514385513
-4.0953172654
-1.88780710603
0.730312172506
2.29496903243
1.90882075336
-0.34019291476
-3.45097646807
-6.02116275593
-6.93363681569
-5.87619762966
-3.44810756941
-0.821126071448
0.855793746455
1.00084665092
-0.173782346728
-1.84615023622
-3.06097908834
-3.2369583121
-2.44120494529
-1.30065907562
-0.615759648988
-0.895873344096
-2.0697104443
-3.52320008526
-4.43834534861
-4.24533902033
-2.94138353127
-1.1027465167
0.418531660449
0.952987193674
0.383030917758
-0.775842981251
-1.63082549211
-1.37672009142
0.268944838931
2.88729836408
5.53299379345
7.17904659916
7.20944189274
5.71152947642
3.42067999006
1.3453939628
0.262933573021
0.341623439317
1.08272409185
1.61374408636
1.18667524347
-0.372056301654
-2.49468985245
-4.08771551641
-4.04257426861
-1.80610232967
2.26250464367
6.93059720414
10.5318985003
11.6304049238
9.6278083097
5.05395136956
-0.587314814633
-5.35918427102
-7.60507023205
-6.5549185404
-2.59626904486
2.88013657277
7.98550708668
10.9890807403
10.8844284268
7.67595789655
2.30958300637
-3.69937082441
-8.790943379
-11.852228369
-12.5197989367
-11.213416296
-8.91510872938
-6.78719480075
-5.76583286211
-6.26387665886
-8.07252596199
-10.4810960065
-12.5607357191
-13.5046826188
-12.9024469861
-10.8539217621
-7.89220962839
-4.75786311276
-2.12338630935
-0.381979204173
0.418558957593
0.483667953845
0.0814785347296
-0.641432696331
-1.73837375812
-3.3895204703
-5.71112358497
-8.54687230467
-11.3616896118
-13.3195626987
-13.544031979
-11.4694705277
-7.13575836764
-1.2868028466
4.79488265544
9.67819836139
12.2617018575
12.1591348362
9.83969517117
6.46154656507
3.45414219883
2.00110961923
2.61306297183
4.94542054976
7.92518996173
10.138677246
10.3407980731
7.90748968014
3.0763819658
-3.10417769151
-9.099020933
-13.3748766444
-14.8933387053
-13.4468112845
-9.72633602949
-5.09576833741
-1.14199817523
0.853549428376
0.346105297531
-2.28777680811
-5.88188661359
-8.88990609021
-9.93392772194
-8.29798846923
-4.18708321102
1.34491522799
6.77187131618
10.6335504783
12.0298719565
10.8847279596
7.88758010676
4.15334652253
0.755258927344
-1.66782653872
-3.06923977565
-3.86760685097
-4.61580056527
-5.63724329788
-6.81116970698
-7.61328164844
-7.39295547797
-5.75153929797
-2.83336121711
0.622600140697
3.5130118292
4.79309768133
3.90968423829
1.05129060173
-2.90032959503
-6.70217556646
-9.2260216
-9.87672764878
-8.7784057753
-6.65750290262
-4.48427080066
-3.03635536863
-2.57624358509
-2.77807105048
-2.92614196517
-2.28857461885
-0.496300427292
2.24021409462
5.17067674957
7.28444907999
7.71285127281
6.08849070038
2.71591030391
-1.51440022825
-5.43467570585
-8.01198387816
-8.70763692147
-7.65079602641
-5.56476472747
-3.4764381875
-2.31789240384
-2.56679766867
-4.05713912815
-6.03001393863
-7.40809873724
-7.19687767512
-4.86913367456
-0.593406062399
4.77849183932
9.96381055631
13.6531788756
14.9237004326
13.5153655386
9.87788084247
4.98262895016
-0.0173504432486
-4.14324000887
-6.82940166041
-7.97042073973
-7.78785212818
-6.60523492707
-4.65295923588
-1.99928715854
1.36713381096
5.36031161829
9.63616533755
13.5564014876
16.3266467386
17.2700890558
16.1222333342
13.2073777862
9.39815912315
5.85027726226
3.60520981085
3.21808229439
4.56489718933
6.91212344645
9.22233136191
10.5699362268
10.4951221298
9.1518860461
7.19539791043
5.4651554553
4.60527008593
4.7856219258
5.6394786229
6.43711699
6.41361496458
5.10578137292
2.55382516277
-0.714603074289
-3.90530376602
-6.28382261955
-7.46530086741
-7.54470338045
-7.01450459172
-6.50836528335
-6.48367821381
-6.98257820615
-7.57936996552
-7.54523222644
-6.16963470658
-3.10915323732
1.38332384786
6.45406655409
10.8871396498
13.50678226
13.5939804429
11.1549217431
6.93133490897
2.14165568962
-1.95099618231
-4.47668616362
-5.23040870583
-4.67223596122
-3.66237120953
-3.04871260338
-3.28686974073
-4.25768219185
-5.35975368025
-5.83146391543
-5.15268512136
-3.33855589274
-0.984879358799
0.962739311081
1.6164118297
0.546665334778
-1.6851888237375334
-4.57575563091153
-7.0518747408859355
-8.24292176588331
-7.840756552701393
-6.212017772753086
-4.218178624209244
-2.8307288138757514
-2.717949774804481
-3.9855075804663187
-6.175123012863011
-8.503214074812092
-10.213975854774759
-10.879031709066979
-10.515378109171863
-9.491081252542571
-8.292773350783577
-7.288150309926493
-6.60347818249636
-6.161867769133067
-5.835217751094362
-5.60184108515125
-5.604791588326151
-6.069453785450648
-7.126694831022434
-8.650235385699517
-10.217931993045909
-11.24369539336793
-11.232345519283868
-10.03470160207226
-7.966841276045926
-5.7164077741070685
-4.062625384577473
-3.533097292766584
-4.159267243929904
-5.45154436912
-6.89955459037
-7.46716456822
-6.78627708463
-5.02489585663
-2.79376266351
-0.852527013203
0.242908207696
0.385874974429
-0.0534981122043
-0.423458780827
-0.109226350307
1.17696933719
3.26510399667
5.60564924522
7.50842166405
8.42529345375
8.15145847858
6.86918839485
5.03583427208
3.184505053
1.73195707712
0.867998739601
0.551768850833
0.591159332819
0.755374253002
0.873318234634
0.891507455148
0.886762876374
1.03896184201
1.56833732361
2.64120747782
4.25844011593
6.16236780296
7.81616601798
8.50445645597
7.56312408475
4.67910736719
0.138487501148
-5.1165962798
-9.70915004924
-12.2987418759
-12.1435812636
-9.51110541474
-5.71533091508
-2.69324783838
-2.2339635198
-5.1549448106
-10.7883009022
-17.0480245819
-21.1201783761
-20.5446264909
-14.2620789034
-3.18069613689
10.0057627977
21.7098946281
28.7114457018
29.2827448886
23.728550709
14.1403283363
3.50046334588
-5.45836625478
-11.1502991464
-13.4388381142
-13.2828288023
-11.9664028653
-10.3279426889
-8.37206009154
-5.43416174791
-0.778820950135
5.70695182315
13.1107408515
19.6208949756
23.1566919469
22.2260878689
16.6172684574
7.60056702999
-2.46195643444
-10.9383223782
-15.8357620112
-16.4305690669
-13.3909904569
-8.39194082177
-3.42571793341
-0.10798272438
0.76612681215
-0.694201868691
-3.69725119742
-7.13634381736
-9.93460333179
-11.268873348
-10.6691147244
-8.04924429993
-3.72221121191
1.59838323921
6.85977270641
10.8521974623
12.5178127
11.3072152607
7.43863005114
1.91704155663
-0.027273742425748537
-0.596401723635
-2.52092507486
-1.98242359054
0.251699952237
2.89844930919
4.71311617579
4.99376292794
3.81565052187
1.90529392375
0.235158869123
-0.452303101137
0.0391317281078
1.34100122812
2.78077166788
3.76349067264
4.06523251503
3.88939615458
3.6732652948
3.76988665764
4.19536490553
4.59033577856
4.42065425028
3.30468705447
1.27892946058
-1.15766588478
-3.26145546531
-4.41931877149
-4.48356358499
-3.88016678613
-3.41684931266
-3.87432351941
-5.58273950639
-8.20222096595
-10.8300184028
-12.3947093538
-12.1522656836
-10.0442560644
-6.7433506516
-3.36324124782
-0.97265831399
-0.145200894608
-0.753629361038
-2.09314625073
-3.25734549296
-3.57376156464
-2.88920956506
-1.58190525982
-0.319033031867
0.298931219156
0.0225543185055
-0.965603276462
-2.19068784176
-3.14974326502
-3.55084740362
-3.40754700818
-2.95958779402
-2.48864930041
-2.14848827835
-1.90765785772
-1.62645801323
-1.20517629773
-0.69803613716
-0.310909255565
-0.275897288597
-0.677211952099
-1.34111935191
-1.87320273911
-1.84321914062
-1.02765947551
0.424685826873
2.00929652662
3.07772261304
3.15087432892
2.1767968807
0.593419426535
-0.850121522776
-1.43741795921
-0.829402044421
0.761694055222
2.65960952473
4.03466191094
4.28874159105
3.32886056717
1.59947387506
-0.136167935196
-1.15279606214
-1.08194292978
-0.0431310801836
1.46244799192
2.8258607497
3.62408436855
3.78714818946
3.56868505355
3.356724283
3.44138618933
3.86825446138
4.44821224593
4.90200885801
5.04350165172
4.88974502071
4.63502317592
4.50917098371
4.60926833845
4.80875131413
4.80154706178
4.25891544257
3.01026515953
1.14512729776
-1.02016128441
-3.08810352278
-4.74978124043
-5.87868831109
-6.49842600161
-6.65626775047
-6.29918541137
-5.25388176322
-3.3497479396
-0.626744301615
2.50328963428
5.27384118075
6.80775593658
6.50680178465
4.400218829
1.25019593105
-1.6910517737
-3.20688725594
-2.69745787888
-0.526617354305
2.07354584676
3.54818827264
2.79463816164
-0.195144963799
-4.16040015231
-7.0054364514
-6.69811509798
-2.25183691714
5.66283299821
14.7923846804
22.0800012931
24.8489147415
21.8911004858
13.9871092152
3.6227882891
-5.98192998146
-12.1169700089
-13.5699644266
-10.9526296989
-6.26147665066
-1.90706931216
0.333274543912
-0.0219730051209
-2.13988006679
-4.4488025859
-5.49178649159
-4.63670336025
-2.32080536933
0.249136128564
1.75508835251
1.43929038434
-0.539629980111
-3.22090111645
-5.34304429089
-5.96577682654
-4.90259553581
-2.76461682696
-0.617511762533
0.557937844806
0.326675090169
-1.03807408737
-2.75012636423
-3.94302389882
-4.10938101255
-3.32671291854
-2.16913064182
-1.36783019338
-1.40713640374
-2.26701009414
-3.43973023578
-4.20400530451
-4.00874078506
-2.76626764258
-0.904864938482
0.844825998029
1.81928368005
1.75843312638
0.935991287581
0.0134604542546
-0.314501680853
0.290889669026
1.58655682355
2.80993508873
3.02031480056
1.57435301532
-1.48236665158
-5.30177954027
-8.47814509854
-9.57574173865
-7.73291194483
-3.08743406225
3.17344818333
9.18980910533
13.1089532512
13.8110444111
11.3879716611
7.16593633283
3.23539756278
1.64945477435
3.59432969701
8.86238680663
15.8521834223
22.117932312
25.2705797174
23.8841075213
18.0481169712
9.34196562921
0.236210803943
-6.83952691144
-10.3852191051
-10.3169201886
-7.86250906866
-4.92923595779
-3.22986162603
-3.55305632786
-5.49262143269
-7.73971754071
-8.78655860137
-7.70465167999
-4.63046120643
-0.730703769009
2.33555141703
3.20370417212
1.46663879649
-2.10252427851
-5.87892821561
-8.11792759176
-7.75212577105
-4.8827968399
-0.736517988114
2.89308915526
4.45911450673
3.35378553289
0.161981037988
-3.63472668035
-6.35756973849
-6.9024755736
-5.22519523503
-2.32065824692
0.28237469453
1.26432351398
0.142035228814
-2.51248961168
-5.35844544168
-6.93653142488
-6.37416562326
-3.81454769249
-0.36943202008
2.38404015815
3.13435943884
1.46475263997
-1.90245182811
-5.35854424196
-7.05493682646
-5.67379530131
-1.00472797102
5.90601258069
13.0911698315
18.3485917742
20.0130918619
17.5270989862
11.6099547543
3.98117187787
-3.24507993262
-8.26717782867
-10.1548849771
-9.07526031335
-6.12669928043
-2.86182014207
-0.685672089159
-0.352752992622
-1.74309018777
-3.98960654184
-5.894393463
-6.45970213806
-5.31414426064
-2.8567226847
-0.0583120935565
1.99269213732
2.59821741425
1.77859056167
0.261294766034
-0.877060693043
-0.75771149912
0.823455325072
3.23192596225
5.25021535609
5.66073472931
3.89282999329
0.41497807294
-3.35084164921
-5.60150938305
-4.98325251816
-1.3044507014
4.22322324686
9.37583682584
11.8159182751
10.1273594343
4.52538464281
-3.10037550636
-9.86854051107
-13.0501452761
-11.194722967
-4.75324152328
4.07537744616
12.2114057161
16.903556345
16.7667617249
12.2222647384
5.18709391024
-1.80892575423
-6.66331933767
-8.44357273526
-7.54446594545
-5.2579823519
-3.01886502363
-1.71144400001
-1.35528075946
-1.27427938911
-0.60890875067
1.1246841241
3.72170536029
6.36581318902
8.030161774
7.97554880738
6.08584749988
2.88401483123
-0.751148838436
-3.9938227973
-6.38146150274
-7.87609392078
-8.67753827249
-8.93199761874
-8.53422312938
-7.1594544342
-4.51879538399
-0.689334531781
3.69064289408
7.51329285648
9.58257658294
9.12586570492
6.18833783625
1.69986542404
-2.84741064039
-5.9850387947
-6.85935941934
-5.55956354459
-3.03424359883
-0.639282005059
0.470491381004
-0.172692227905
-2.19749422824
-4.62314728519
-6.34014793067
-6.60450136731
-5.32051573504
-3.00554935834
-0.489858675282
1.47537905526
2.50482967609
2.63973749727
2.1913769258
1.48786637526
0.682103122568
-0.273402798012
-1.48629113053
-2.9210140431
-4.27333938792
-5.01996003703
-4.63959527176
-2.89968320162
-0.0551868567802
3.16015104374
5.77093329949
6.93282392469
6.27730310368
4.07246976248
1.12570200691
-1.53037001572
-3.03306270839
-3.00071530329
-1.63890899395
0.385239947135
2.23076402233
3.20501334065
2.994887869
1.73420830728
-0.0929450626852
-1.85389698953
-2.99042689271
-3.19065918933
-2.46925549973
-1.14924053904
0.23781077345
1.10483558896
0.981235692025
1.3534471132924324
0.6824844464517668
-0.5422846245841839
-1.62279337697
-3.60612537191
-4.31656921292
-3.72938152658
-2.25555545564
-0.591722023256
0.550622032318
0.727949670865
-0.0630136157582
-1.40314342837
-2.65434335724
-3.25716879613
-2.98464456661
-2.03309035627
-0.908413292039
-0.165943443968
-0.133999466235
-0.758968394515
-1.64782155207
-2.28330915632
-2.29880984771
-1.66958450456
-0.721128470111
0.0488632209393
0.240360620391
-0.230755675587
-1.0831198825
-1.817497273
-1.98546309663
-1.4373007009
-0.415703193691
0.558954701254
0.956715548385
0.522019622159
-0.575868677942
-1.80953597339
-2.55006991996
-2.38765448972
-1.35388396612
0.0708327629238
1.17650181504
1.36931885802
0.480653242008
-1.10819613977
-2.58695592534
-3.03159158649
-1.77688633985
1.3099532732
5.75992642143
10.6500846678
14.8941524284
17.5574580524
18.0899104039
16.4230533466
12.9368934501
8.33964782334
3.50800431587
-0.682126508825
-3.52178164923
-4.61960231707
-4.00776684089
-2.15784800877
0.131857350571
1.9757592649
2.70432141055
2.11833537891
0.576163822505
-1.14847727099
-2.20139349945
-2.04061041456
-0.70722199798
1.16581805252
2.63294134634
2.89014799517
1.69521028739
-0.455280544224
-2.49795180013
-3.26685730893
-2.04739365942
1.03800182366
5.00393991033
8.36645781111
9.74709327237
8.45154015281
4.76579598617
-0.15947963471
-4.77876188056
-7.76091205255
-8.46949721007
-7.11780191713
-4.56101397625
-1.85438624136
0.199640033737
1.31085579894
1.67700997892
1.73249082285
1.83091781618
2.03573730515
2.11612033757
1.72604649012
0.648286531594
-1.03928252917
-2.96320961742
-4.61093886235
-5.55190533954
-5.60577848694
-4.88211182798
-3.69441234845
-2.41836070469
-1.38009621792
-0.820769848434
-0.918032978575
-1.79997716092
-3.49517630489
-5.82159042518
-8.2889210077
-10.12143091
-10.4679898403
-8.76298911251
-5.08881214971
-0.337578560336
3.97647838727
6.25049080111
5.48470876629
1.8247648344
-3.33392119268
-7.79763093938
-9.44553394979
-7.16524966724
-1.4276546878
5.79475761612
11.7786325246
14.1715636477
11.9972117541
6.0862382244
-1.27719816784
-7.34801019623
-10.1081775753
-9.10958774234
-5.58672559373
-1.79317202296
0.120544389918
-0.845009738287
-4.06018942303
-7.58215705959
-9.11066964521
-7.12683844562
-1.67381253068
5.58868408987
12.0791439591
15.4110503944
14.4142869151
9.60051108217
2.88164695554
2.48392916679
-1.18975968792
-1.7105460938
0.228936450932
3.04206835682
5.06823534745
5.32308040689
3.84314126188
1.51254967659
-0.483936407808
-1.27472965112
-0.677888933896
0.812101034953
2.36806345043
3.2859980603
3.30415214583
2.63828761725
1.75509457508
1.04598623227
0.601755774561
0.211520293202
-0.432455296301
-1.46554882553
-2.69378484652
-3.65546418014
-3.87492943579
-3.16364777244
-1.78830520223
-0.394211466835
0.292344119377
-0.167796850148
-1.6858277802
-3.66833413817
-5.30375546369
-5.96923299811
-5.54655770753
-4.47883346507
-3.53291100665
-3.38708813641
-4.25756840909
-5.76052497413
-7.0870126243
-7.40704880031
-6.3002354202
-3.99474488816
-1.29209631853
0.787589083329
1.46676558171
0.555103428572
-1.48350459196
-3.76306378977
-5.38324544009
-5.81153580903
-5.06360214122
-3.61576683602
-2.11843730043
-1.06982490608
-0.612776697108
-0.538849881538
-0.469779607514
-0.0991374703511
0.640372192286
1.56289721512
2.35541752335
2.75521220835
2.67232780543
2.19521933479
1.4944191336
0.700381561611
-0.158584536516
-1.11819782485
-2.17137437584
-3.17586157455
-3.85730761951
-3.93102931574
-3.28545445436
-2.11649155697
-0.911626591159
-0.256903023159
-0.542032264018
-1.71172439104
-3.2093353387
-4.17473646335
-3.82987833281
-1.87846078017
1.28021546043
4.64816762945
7.01664218334
7.48065102579
5.84483794615
2.72721076588
-0.694910172699
-3.18433342893
-3.96055567782
-2.99892051239
-0.984364118208
1.04216758494
2.16347237044
1.96094073809
0.618815199605
-1.26371283171
-3.02711012463
-4.2728374581
-4.98543608146
-5.41025347509
-5.78221251611
-6.08434957965
-5.99546429367
-5.07437431598
-3.08488183941
-0.270189816306
2.6060947969
4.52170036787
4.66632930592
2.89947746038
-0.0480722628136
-2.76913125406
-3.72713050649
-1.93374176598
2.54636972688
8.50861456357
14.007180849
17.0909320576
16.5726367423
12.5059067769
6.16734203192
-0.446175087938
-5.38921855266
-7.48481003346
-6.69783445531
-4.03348353964
-1.03505343953
0.882652792735
0.977616148496
-0.608754512402
-3.02679684453
-5.16446117432
-6.14644659292
-5.67019962113
-4.0562158574
-2.0266298229
-0.341522138552
0.531213506563
0.571852599477
0.142637033456
-0.245335141582
-0.208727311683
0.318665894823
1.06440724012
1.56391360454
1.40110899991
0.431927048483
-1.10938165776
-2.66945328605
-3.57965567555
-3.32460900188
-1.7682143472
0.756139038252
3.535185033
5.72204423489
6.65481419435
6.13038760318
4.52549240822
2.70724807694
1.75117893606
2.55881938557
5.51110484578
10.2882327394
15.9302955247
21.1249331456
24.6220530884
25.6260973761
24.0246043845
20.3756495662
15.670395244
10.9717607501
7.07134564592
4.28869396072
2.47028209421
1.16147751068
-0.139744881547
-1.75758573672
-3.722460738
-5.78638261485
-7.53472133334
-8.53006379964
-8.43107019768
-7.06146974202
-4.43822407688
-0.782290526118
3.47612040607
7.71177193084
11.1701320152
13.1083027919
12.9979400581
10.7291263085
6.72454333593
1.88616023221
-2.64408532717
-5.84459602288
-7.16227604922
-6.70068117512
-5.15456469369
-3.50269700495
-2.58172001965
-2.72675645647
-3.64479108345
-4.58725162088
-4.75060811733
-3.72143996746
-1.75058188889
0.290224867158
1.27297860893
0.349667076818
-2.58221104787
-6.7123335574
-10.5547176222
-12.5182326661
-11.5836537479
-7.79746469968
-2.35425667977
2.79647425661
5.68470202712
5.11176908864
1.18063704843
-4.65956673523
-10.0905442578
-12.7538805335
-11.1228711634
-5.08890900283
3.95758471109
13.5804571487
21.1152982355
24.5507978139
23.1592421487
17.6640085489
9.908395856
2.17135264235
-3.60603571641
-6.40479120444
-6.33324824387
-4.41641656789
-2.08851600163
-0.607154524739
-0.616270966895
-2.00538798669
-4.08201294944
-5.94775001775
-6.8978401973
-6.67411235941
-5.48313391937
-3.80487364815
-2.11030483402
-0.637898624687
0.662986500025
2.00660652473
3.54521897252
5.17866250368
6.51690670147
7.03287378673
6.33908262737
4.44733803927
1.86566190875
-0.542512101262
-1.89671989556
-1.69139259693
-0.0576136123984
2.24081882143
4.09524116891
4.50944425483
3.02766229467
-0.0591207357756
-3.82391999536
-7.0836100013
-8.87783555008
-8.83425664915
-7.26451617424
-4.96418275093
-2.82772809013
-1.46963927195
-1.02747703339
-1.22220009109
-1.61781011639
-1.92432247786
-2.17421816789
-2.67806266058
-3.78894927362
-5.61217273942
-7.82978258999
-9.75172859161
-10.5862916625
-9.80459185859
-7.4190545509
-4.03305035294
-0.629831695447
1.80350547848
2.64238553627
1.8163371041
3.9687341370638762
5.553540383180774
7.177424661339586
9.17962122665
6.29529862052
3.77843782899
1.63003131222
0.0286317163653
-0.732752829018
-0.449251513089
0.777718925487
2.45375792582
3.81904173194
4.15351936401
3.11365186409
0.918506639662
-1.73336912767
-3.99889604172
-5.32061335267
-5.72871854844
-5.83943262694
-6.51999505542
-8.36523416227
-11.2450968202
-14.173269409
-15.6099801678
-14.1073611402
-9.03015874389
-1.02481312298
8.00026725281
15.4177076336
18.7567212536
16.5742110134
8.98181835218
nan
nan
nan
nan
nan
nan
nan
nan
nan
nan
nan
nan
nan
nan
nan
nan
nan
nan
nan
nan
nan
nan
nan
nan
nan
nan
nan
nan
nan
nan
nan
nan
nan
nan
nan
nan
nan
nan
nan
nan
nan
nan
nan
nan
nan
nan
nan
nan
nan
nan
nan
nan
nan
nan
nan
nan
nan
nan
nan
nan
nan
nan
nan
nan
nan
nan
nan
nan
nan
nan
nan
nan
nan
nan
nan
nan
nan
nan
nan
nan
nan
nan
nan
nan
nan
nan
nan
nan
nan
nan
nan
nan
nan
nan
nan
nan
nan
nan
nan
nan
nan
nan
nan
nan
nan
nan
nan
nan
nan
nan
nan
nan
nan
nan
nan
nan
nan
nan
nan
nan
nan
nan
nan
nan
nan
nan
nan
nan
nan
nan
nan
nan
nan
nan
nan
nan
nan
nan
nan
nan
nan
nan
nan
nan
nan
nan
nan
nan
nan
nan
nan
nan
nan
nan
nan
nan
nan
nan
nan
nan
nan
nan
nan
nan
nan
nan
nan
nan
nan
nan
nan
nan
nan
nan
nan
nan
nan
nan
nan
nan
nan
nan
nan
nan
nan
nan
nan
nan
nan
nan
nan
nan
nan
nan
nan
nan
nan
nan
nan
nan
nan
nan
nan
nan
nan
nan
nan
nan
nan
nan
nan
nan
nan
nan
nan
nan
nan
nan
nan
nan
nan
nan
nan
nan
nan
nan
nan
nan
nan
nan
nan
nan
nan
nan
nan
nan
nan
nan
nan
nan
nan
nan
nan
nan
nan
nan
nan
nan
nan
nan
nan
nan
nan
nan
nan
nan
nan
nan
nan
nan
nan
nan
nan
nan
nan
nan
nan
nan
nan
nan
nan
nan
nan
nan
nan
nan
nan
nan
nan
nan
nan
nan
nan
nan
nan
nan
nan
nan
nan
nan
nan
nan
nan
nan
nan
nan
nan
nan
nan
nan
nan
nan
nan
nan
nan
nan
nan
nan
nan
nan
nan
nan
nan
nan
nan
nan
nan
nan
nan
nan
nan
nan
nan
nan
nan
nan
nan
nan
nan
nan
nan
nan
nan
nan
nan
nan
nan
nan
nan
nan
nan
nan
nan
nan
nan
nan
nan
nan
nan
nan
nan
nan
nan
nan
nan
nan
nan
nan
nan
nan
nan
nan
nan
nan
nan
nan
nan
nan
nan
nan
nan
nan
nan
nan
nan
nan
nan
nan
nan
nan
nan
nan
nan
nan
nan
nan
nan
nan
nan
nan
nan
nan
nan
nan
nan
nan
nan
nan
nan
nan
nan
nan
nan
nan
nan
nan
nan
nan
nan
nan
nan
nan
nan
nan
nan
nan
nan
nan
nan
nan
nan
nan
nan
nan
nan
nan
nan
nan
nan
nan
nan
nan
nan
nan
nan
nan
nan
nan
nan
nan
nan
nan
nan
nan
nan
nan
nan
nan
nan
nan
nan
nan
nan
nan
nan
nan
nan
nan
nan
nan
nan
nan
nan
nan
nan
nan
nan
nan
nan
nan
nan
nan
nan
nan
nan
nan
nan
nan
nan
nan
nan
nan
nan
nan
nan
nan
nan
nan
nan
nan
nan
nan
nan
nan
nan
nan
nan
nan
nan
nan
nan
nan
nan
nan
nan
nan
nan
nan
nan
nan
nan
nan
nan
nan
nan
nan
nan
nan
nan
nan
nan
nan
nan
nan
nan
nan
nan
nan
nan
nan
nan
nan
nan
nan
nan
nan
nan
nan
nan
nan
nan
nan
nan
nan
nan
nan
nan
nan
nan
nan
nan
nan
nan
nan
nan
nan
nan
nan
nan
nan
nan
nan
nan
nan
nan
nan
nan
nan
nan
nan
nan
nan
nan
nan
nan
nan
nan
nan
nan
nan
nan
nan
nan
nan
nan
nan
nan
nan
nan
nan
nan
nan
nan
nan
nan
nan
nan
nan
nan
nan
nan
nan
nan
nan
nan
nan
nan
nan
nan
nan
nan
nan
nan
nan
nan
nan
nan
nan
nan
nan
nan
nan
nan
nan
nan
nan
nan
nan
nan
nan
nan
nan
nan
nan
nan
nan
nan
nan
nan
nan
nan
nan
