nan
nan
nan
nan
nan
nan
nan
nan
nan
nan
nan
nan
nan
nan
0.777823693162
-1.05548527504
-2.75033692617
-3.94731178017
-4.28900551518
-3.56790245344
-1.85582035373
0.461159163832
2.77750593756
4.46452835389
5.08750583752
4.54980685543
3.10311291383
1.2249011315
-0.57628723603
-1.93969218975
-2.74296428792
-3.08028754983
-3.15753131368
-3.16657748327
-3.1989691592
-3.22838407686
-3.15231555772
-2.85761226767
-2.27343904008
-1.39424051957
-0.278578629408
0.958954362575
2.15233035508
3.09216555234
3.55651116531
3.37767889699
2.53381943332
1.22458486643
-0.123012257067
-0.95452493493
-0.782723763563
0.589449181244
2.9174516628
5.52301263916
7.48935218965
7.98768133145
6.60978335515
3.56369767578
-0.362825257247
-4.07068661023
-6.54761235329
-7.23418843175
-6.2070166768
-4.10696897291
-1.85097210302
-0.257012339836
0.257346856875
-0.215297388145
-1.18037891266
-1.9970353373
-2.15477111842
-1.45201877113
-0.0187929474195
1.79444161807
3.58245480075
5.01791353135
5.90186410691
6.1410787357
5.70369744764
4.60731987848
2.95780652303
1.00721837963
-0.830924885994
-2.05918726132
-2.2656856505
-1.32176824642
0.492917844755
2.52365272517
3.95126824159
4.1112132352
2.78747793251
0.34322001556
-2.38648878973
-4.4091884697
-4.96882809999
-3.8493047173
-1.45483794449
1.36648128966
3.67427432629
4.80430467047
4.59378626745
3.37636761375
1.77013696362
0.375956126954
-0.464073748891
-0.740469409737
-0.667788592451
-0.473486750826
-0.212502855651
0.284999745451
1.30251964588
3.02447932951
5.34199022325
7.79180131576
9.6768638288
10.3241043435
9.36305077796
6.89435433063
3.46718747061
-0.126175021225
-3.14580354276
-5.15802392733
-6.14051279704
-6.40474251673
-6.38736380111
-6.41826799591
-6.57495419647
-6.68300576091
-6.44824192069
-5.64463125929
-4.26166292264
-2.54192701603
-0.897173341429
0.251028901071
0.629176757656
0.199503430604
-0.852546516372
-2.21338344578
-3.56804187619
-4.70228857141
-5.54391197618
-6.13914704049
-6.58729187313
-6.96768200115
-7.28763032386
-7.46538009542
-7.34829456398
-6.75898679342
-5.55986364696
-3.72456518073
-1.39926933209
1.07043932519
3.17327457808
4.34117162685
4.12124053874
2.36435420415
-0.641373707972
-4.16346322882
-7.18123234826
-8.68183665134
-8.00907488263
-5.13959693823
-0.769895841743
3.84383042955
7.26135573069
8.3323216401
6.60473310675
2.51868130893
-2.69236676322
-7.3677006417
-9.93331139134
-9.39300233428
-5.636355256
0.531126477177
7.63561569419
13.9711230852
18.0813581284
19.1406643714
17.129719826
12.7717984538
7.26879192355
1.93083977691
-2.18429461804
-4.51898378418
-5.08912994149
-4.37838638257
-3.10343515026
-1.93785705118
-1.29034674812
-1.20915029373
-1.43602918977
-1.57647296625
-1.30930458435
-0.545773928075
0.527990261654
1.53958021348
2.10628981344
2.01593554927
1.32835767385
0.350610924286
-0.50183184365
-0.891810934414
-0.706765785623
-0.096421756634
0.613018332013
1.08283783775
1.12127965401
0.760218914854
0.214454227611
0.29253355843334816
0.6176830328669212
1.1671774319123074
1.748222700195413
2.1114899126698816
2.0951443331491078
1.7184554463944295
1.171931266039536
0.7085989470094347
0.4973588573870842
0.5229976717260598
0.5941845390509002
0.4617064625966947
-0.014324627121595768
-0.7423263769
-2.02486664737
-2.81335976837
-2.79811680128
-1.96090848511
-0.624022497789
0.668463976547
1.38933661356
1.27339414181
0.445739976354
-0.63645916861
-1.40625901024
-1.46646897638
-0.787189321373
0.279889990335
1.18066763608
1.44296083763
0.922158935053
-0.118445369695
-1.1367011519
-1.58730935603
-1.2050893071
-0.150522321535
1.05936834431
1.80298009684
1.66332715628
0.638406619744
-0.854201787135
-2.18132451686
-2.80360492021
-2.53372305797
-1.61352373818
-0.573410331545
0.0508258020288
-0.00412251274527
-0.600417377406
-1.28506552797
-1.54374805636
-1.08795760871
-0.0233365939488
1.19109651671
1.97401218695
1.92452495274
1.03954412528
-0.26839378026
-1.36455304978
-1.69959989747
-1.0753466656
0.265902691006
1.77211318923
2.8628788059
3.21481437031
2.90333858511
2.32870310861
1.96725152399
2.08128483736
2.54476739789
2.88466243256
2.52764289469
1.13473486017
-1.14383267212
-3.62916088891
-5.32606198575
-5.30575456477
-3.09695663576
1.08219837698
6.34944728104
11.4289119336
15.0559458056
16.3603226108
15.0950246211
11.6515080736
6.88785116904
1.85545584041
-2.47663515127
-5.42765766011
-6.71283294223
-6.45916107963
-5.14812199209
-3.4990177906
-2.30036475349
-2.20413832083
-3.5206889704
-6.07690714464
-9.20523080746
-11.9015558277
-13.1296954654
-12.1825588791
-8.96921515007
-4.10818274451
1.22671236773
5.66527802465
8.0771986013
7.92378408532
5.3967945817
1.3028794307
-0.5281866531630186
-1.770016872136921
-1.7383932653
-2.97057363699
-2.93725120966
-2.08424710884
-0.888196740053
0.283551896301
1.21791965731
1.82750118139
2.09882950595
2.06097934229
1.7860271555
1.40008607837
1.07208138982
0.963860640489
1.15751936735
1.60108141397
2.11292811953
2.45595189936
2.45047725252
2.06640296521
1.43967045135
0.797046534188
0.326180625486
0.0641623707439
-0.126333176833
-0.470457231576
-1.12626525838
-2.05040259465
-2.97214137756
-3.50955799699
-3.38057122969
-2.59754247642
-1.5263393495
-0.750554095942
-0.783355612151
-1.76137794723
-3.28519103832
-4.51576363173
-4.51617046996
-2.69951629816
0.826109031605
5.19551074373
9.0650977948
11.1307485644
10.6629566729
7.81809734581
3.58006522842
-0.646067379872
-3.60683266958
-4.68303664496
-4.07215891998
-2.60513447955
-1.30404531723
-0.902219212397
-1.55185399179
-2.8387003743
-4.06530583733
-4.63532402419
-4.33537138116
-3.3816894771
-2.23418157479
-1.30544447528
-0.740336013125
-0.389162598455
0.0229530667462
0.646950963909
1.3465120973
1.73633639268
1.41616535332
0.270008271836
-1.35461305533
-2.72097625789
-3.02928912553
-1.84527154032
0.595297574912
3.39026775939
5.31944330741
5.39326783911
3.33917024071
0.10817305434936486
-3.3752684179486323
-5.78101387679321
-6.328975230928137
-5.156760263927026
-3.2427589046719305
-1.9119460898324547
-2.1625869132902125
-4.148216040654702
-7.078387570874938
-9.59567336370796
-10.447127256524666
-9.117041987008108
-6.102830347834214
-2.6921038819234866
-0.34890376001379764
-0.014216329170423592
-1.6695737021934463
-4.379437681049268
-6.78521814307453
-7.7948962006303475
-7.114570837643143
-5.3522379380983836
-3.6468549326048816
-3.02254712987
-4.12132584076
-6.07002891965
-7.69650692315
-7.84583016835
-6.01990315185
-2.68821756738
0.906250136393
3.3605850025
3.83704896859
2.52460328923
0.587259931085
-0.393122339982
0.786956776915
4.31214362481
9.18826167515
13.6527562489
15.9627428966
15.1797218571
11.5715975833
6.44336925263
1.4915988187
-1.98847987237
-3.64789225559
-4.11865416081
-4.53976438019
-5.83556281426
-8.13133096138
-10.6168657605
-11.9355466626
-10.9036361077
-7.19126746481
-1.61076951999
4.14773071105
8.21753764
9.35911484505
7.48040761117
3.62793837453
-0.536866249697
-3.51192971666
-4.59979894883
-4.11837563743
-3.09476094616
-2.61864113117
-3.1968294178
-4.4421549407
-5.25565050003
-4.41065891331
-1.24623394054
3.8770924651
9.59035329562
14.0039487274
15.4531145155
13.1693763483
7.58962661879
0.187156085043
-7.07732045555
-12.4336890422
-14.8315443058
-14.1410170719
-11.0101281636
-6.5082360704
-1.74503519279
2.38562573018
5.29070493841
6.64602122787
6.34540395892
4.49967363675
1.48039985396
-1.4285271520819833
-4.018420493424543
-5.477893140293119
-5.319836259720205
-3.6168402438704135
-1.0439772911396261
1.3319389972102442
2.458957512230228
1.7406486822164027
-0.6845905515859982
-3.9615158143186022
-6.840836010917002
-8.17682984328718
-7.388833098981408
-4.690272607229971
-0.9920828195227216
2.4699738672049847
4.618701371535494
4.926442056035128
3.5633119212615014
1.2657464502272262
-0.993139082906
-2.99504315646
-3.69958729578
-3.17349919579
-1.8689499314
-0.405121758779
0.66346086801
1.01242252693
0.612291459719
-0.299806597164
-1.31197136907
-1.96237608832
-1.87407118023
-0.878658579136
0.89954005473
3.03455567761
4.89308168696
5.82864700511
5.42487669966
3.69678561174
1.15288590237
-1.33706949
-2.84424873577
-2.74523708786
-0.997047389291
1.80625460704
4.63714408407
6.42547744807
6.47504033847
4.72689967228
1.75657228906
-1.487734474
-4.08114717892
-5.47043431111
-5.62348197933
-4.93177802415
-3.94010696563
-3.05701135308
-2.39622032412
-1.81715687983
-1.11754533605
-0.24631014295
0.602853229653
1.08309557603
0.922697153303
0.151408947872
-0.826000650693
-1.38242948349
-0.992185653445
0.439183586485
2.43053823822
4.07837942365
4.46846057985
3.15978481679
0.492968584129
-2.46119129054
-4.32997318281
-4.06915250109
-1.50198728006
2.50663001068
6.3554508298
8.37976885817
7.59511417332
4.16506218647
-0.637450018708
-4.97397682838
-7.2493519703
-6.81489223529
-4.23936364633
-1.02118070571
1.12238988713
1.05416734057
-0.5858003736922228
-3.445791850466577
-5.927662212214429
-6.645714942877333
-5.082752746564623
-1.8189672082602186
1.7660999145172411
4.164903196309936
4.4582438000188205
2.7347991432598775
0.0226175689713
-2.85842229731
-4.07674509154
-3.24685943973
-0.932147743852
1.6668103464
3.30801397221
3.2907880075
1.74818311827
-0.47551128826
-2.28057677869
-2.86244835033
-2.08489238003
-0.50411474462
0.94857121309
1.45131108051
0.696513991343
-0.978944855503
-2.78771747416
-3.89765363588
-3.83846127641
-2.70960410943
-1.09858619049
0.233463988177
0.730654624044
0.295628148378
-0.699145880086
-1.63166871288
-1.95796437405
-1.47751581341
-0.409326090953
0.745851294393
1.47334795671
1.49966709191
0.90855516666
0.0705752860162
-0.564228911321
-0.69594676603
-0.30975266718
0.343617258927
0.898549988901
1.06840156049
0.780120021806
0.186822619697
-0.435607512637
-0.84183567047
-0.934031485174
-0.783618646188
-0.556006694577
-0.390408056097
-0.308491517459
-0.204903474683
0.0769492596476
0.630353513438
1.40090999932
2.18445094907
2.71338678797
2.78813505837
2.3843944096
1.67850786329
0.975449929101
0.574194972155
0.636808206781
1.12447990553
1.82850794761
2.47621076621
2.85613492259
2.9013696223
2.69545736952
2.40712245353
2.19513122318
2.13523558242
2.20360835331
2.31702636331
2.39905962933
2.43043506024
2.45526061054
2.54356914237
2.73715637307
3.01451919906
3.29727609799
3.49342948751
3.54886140947
3.4723699363
3.31559285536
3.11825781544
2.8539371029
2.41609069108
1.66390217919
0.511995401762
-0.98285174969
-2.59251223733
-3.97723744143
-4.82104200571
-4.98534944604
-4.60396419138
-4.06077766358
-3.84250171973
-4.31957488794
-5.54972460867
-7.19850581438
-8.62631685642
-9.12009162811
-8.18174714305
-5.75509614738
-2.29338292329
1.3668683617
4.28062887798
5.71188477419
5.3717851359
3.48977704418
0.699267445324
-0.20321907490973956
-0.5430514603840635
0.0470793833883
-0.605290673715
-0.610338562741
-0.357053007847
-0.161240746933
-0.153826482284
-0.27266338135
-0.344386911115
-0.206061177758
0.194317761716
0.762486644276
1.29775694986
1.58351574168
1.48370944593
1.0018765894
0.279079455458
-0.464930238881
-1.01937909921
-1.26118239884
-1.19346929105
-2.6878965203
-2.21419226818
-1.86733907157
-1.71990382356
-1.74386463695
-1.832673508
-1.85575152962
-1.72097003214
-1.41819970688
-1.02551665268
-0.675588188726
-0.49670183886
-0.553973649373
-0.816796807993
-1.16801099007
-1.45257899804
-1.54592381116
-1.41208881236
-1.12436459962
-0.835790706079
-0.7084808415
-0.830158109304
-1.15494011962
-1.4985607753
-1.59744137307
-1.21403631638
-0.248691886902
1.18922942704
2.7864589749
4.11481964953
4.77789955485
4.56271656055
3.53613273454
2.04196626991
0.590328125449
-0.326873784802
-0.42752060595
0.237829825115
1.28688172364
2.14055632757
2.24874951777
1.32272723524
-0.520441275895
-2.7684764072
-4.68855737529
-5.60771088621
-5.19116107019
-3.60227100506
-1.46769684934
0.352359449041
1.10580304105
0.464770266677
-1.32046857123
-3.50594146602
-5.15406497951
-5.53054851412
-4.42909848008
-2.27702184622
0.0352952900578
1.53647746452
1.60359765338
0.244636176569
-1.90213050193
-3.86261823954
-4.78828272655
-4.37136696857
-3.01141457719
-1.63857143653
-1.25994738678
-2.43485502698
-4.93416540902
-7.76789267706
-9.59903132032
-9.37396658423
-6.87962228847
-2.94801721264
0.825092908403
2.75913636293
1.87975098893
-1.54065104398
-5.96757714138
-9.16667156972
-9.13371926514
-5.00051065589
2.48913122793
11.1691753586
18.2587712592
21.4642754429
19.9124140221
14.5118752095
7.58057413269
1.89128754678
-0.45999733104
1.11704831356
5.52706089993
10.5201484306
13.6898922754
13.4996422198
9.9001216747
4.29282885129
-1.11524502964
-4.2613061785
-4.06264065719
-0.794411428216
4.11606551542
8.74577359207
11.4696265416
11.5487301999
9.29388678346
5.79158439861
2.36881283174
0.0607901012414
-0.696658069271
-0.065526683158
1.43420539052
3.23505393016
4.93714647563
6.34771975348
7.3788015545
7.91435872786
7.76002574609
6.72056083706
4.75715577117
2.11557561653
-0.676392298181
-2.97119758904
-4.25661375478
-4.37349507903
-3.5742481846
-2.37915368382
-1.2968370502
-0.55479920715
0.0101620969132
0.830352023027
2.30618240032
4.4811001271
6.87480167432
8.58840157661
8.66107481904
6.52413014289
2.33446121986
-2.98863075405
-8.06690020904
-11.5896429118
-12.834480164
-11.947573611
-9.85321241375
-7.83039787425
-6.94576989061
-7.59649199326
-9.36386536118
-11.2345195764
-12.0795509146
-11.1704493864
-8.50350498589
-4.80046638328
-1.20334849909
1.18632383502
1.7181065692
0.388195231699
-0.3232805991370924
-1.4634797013942062
-2.20734046526303
-2.01768289414
-2.69791196495
-2.4085262884
-1.42973137231
-0.0611560214668
1.43368794815
2.81382653241
3.82991856705
4.2331084498
3.84494467918
2.65764618074
0.899771279271
-0.991025501669
-2.50043646008
-3.22732782053
-3.04380316505
-2.14426932304
-0.95322457977
0.0680713657052
0.623371555749
0.6933118441
0.504535824486
0.376768167566
0.531465132685
0.964517549259
1.44999921017
1.6709187848
1.40430749616
0.658627330698
-0.312680547228
-1.13046613778
-1.47857812061
-1.26046142538
-0.639150863487
0.0603908547657
0.532072683181
0.651777133751
0.530893972886
0.42883071375
0.572678519664
0.987381197947
1.43891581138
1.53434552759
0.93603747875
-0.420747355561
-2.22896311702
-3.89692153253
-4.794062388
-4.54186315531
-3.20518933513
-1.28217027373
0.511642200061
1.56514512895
1.64336289669
0.974346720607
0.10767787124
-0.383745278484
-0.206122502401
0.505046370092
1.26660305004
1.52120705777
0.961007390097
-0.270726258523
-1.61412344406
-2.35820235703
-2.01135843551
-0.590534552502
1.32453993311
2.81383107448
3.02137413372
1.55325685318
-0.6014890708184879
-3.3286574524462935
-5.58118340539562
-6.545729337381701
-5.975020452303426
-4.255516555667398
-2.1878042480820312
-0.5938053189394878
0.05664097993049211
-0.1756818913061693
-0.789164857159534
-1.1384079980610409
-0.7779590917306791
0.32337693505415643
1.7999614433934141
3.1172255213323297
3.8797684790511795
4.05069120396
2.52765536414
1.25144460774
0.59480506344
0.561944952487
0.754218115574
0.569794406849
-0.456763301801
-2.35008983385
-4.59270170553
-6.30002996283
-6.60805076024
-5.09816734234
-2.05455720962
1.58080200024
4.55212350868
5.78857523592
4.83744654281
2.03730845069
-1.64644933631
-3.320102739662886
-3.8410032209346525
-2.9758504679076623
-1.1710126284627052
0.7128903249001723
1.8413955805471147
1.813346569421597
0.8486567723477378
-0.322636317908
-1.83640385799
-2.03432094998
-0.840443870109
1.22436683883
3.26803437812
4.41081292721
4.15220114765
2.56227923299
0.224192864094
-2.03237474674
-3.47873761084
-3.7622643088
-2.99951209688
-1.6665210238
-0.355210286597
0.484241442947
0.702360745519
0.454574821297
0.0700421151256
-0.137105860879
-0.0198381330134
0.352247351824
0.756424191424
0.950029026156
0.802485606401
0.363875668842
-0.155750651647
-0.478128251695
-0.371436806101
0.263901957022
1.36918072835
2.76016854013
4.19212125435
5.42291918874
6.25164615714
6.53104393044
6.16940826546
5.14046602458
3.50749421024
1.4488161927
-0.741121610866
-2.6974746804
-4.07905246002
-4.68334811727
-4.53399885782
-3.89253847517
-3.17260956988
-2.77805489944
-2.92720489659
-3.54309422171
-4.27075632768
-4.63162773672
-4.26128294361
-3.12891811868
-1.63013513935
-0.487517788288
-0.472955762272
-2.04980909988
-5.08399061196
-8.7637517063
-11.7954474267
-12.8318883194
-10.9856217237
-6.2276322684
0.500310351821
7.52929585341
12.9938000659
15.4607613353
14.420416633
10.448210561
4.97238792718
0.18312006852515594
-2.938624256704628
-3.7628466811209904
-2.605802872993138
-0.504179308725071
1.2750926525468458
1.7758744699118836
0.7206952784262342
-1.4343399321789434
-3.757618664416839
-5.280174440059099
-5.412664033555046
-4.163208841949967
-2.07832920013
-0.335735741118
0.754939621452
0.890350649305
0.219679067009
-0.800310842583
-1.66969053785
-2.08702665411
-2.0505328016
-1.7826525626
-1.53718063062
-1.40773536474
-1.25103939384
-0.772276660228
0.271814380506
1.86519105755
3.64255164037
4.98354970955
5.26359993962
4.14933048652
1.79543779403
-1.16102096496
-3.82055222429
-5.36588915704
-5.38110949404
-4.00429715353
-1.84824611465
0.270894767177
1.67192684544
2.06350719116
1.61029183137
0.7965516313
0.166537474581
0.0712231268629
0.537058887139
1.30455495067
1.99906636473
2.33589592015
2.2546433428
1.92333528124
1.62442741723
1.59390562693
1.90184886931
2.43209004668
2.95980413408
3.27270224244
3.26295838083
2.94155442314
2.37832206698
1.61836544002
0.640200513695
-0.606669148266
-2.10148974473
-3.65511104738
-4.89421496381
-5.36908225509
-4.75798551081
-3.07567616339
-0.769813680992
1.37309084832
2.50388895014
2.06532441528
0.066053718526
-2.86598842347
-5.70035265918
-7.41623985885
-7.43615556381
-5.88361970924
-3.53660934864
-1.482982227
-0.623614637575
-1.24718273381
-2.87728848416
-4.47434326452
-4.91293309529
-3.52431461384
-0.45532053822
3.33006981377
6.42335621652
7.56632814018
6.21181352102
2.80264655465
-1.36019301587
-4.61279138362
-5.58313821095
-3.73442732447
0.424691747964
5.54156304359
9.93941205074
12.2362132707
11.8145256765
8.97049459321
4.71251274452
0.323440918724
-3.1162534729
-5.0540513133
-5.53523378557
-5.03262226152
-4.14992562866
-3.34797219323
-2.80756786205
-2.46073227031
-2.13706612609
-1.72438196773
-1.25116927254
-0.852990119734
-0.654008747842
-0.642326415115
-0.620556883793
-0.271621260534
0.683430206686
2.31110474786
4.36529695026
6.3219596299
7.54833374948
7.54305207313
6.14717769839
3.63405623582
0.634635609558
-2.0766586316
-3.85197929299
-4.38904977899
-3.8131962206
-2.59288618556
-1.32704106723
-0.493573189336
-0.26250694636
-0.448604107571
-0.619793245201
-0.313046574407
0.735070530985
2.44219113506
4.38278550122
5.94267773935
6.56475143476
5.98515157995
4.35988156225
2.22373047838
0.290985997061
-0.826479430766
-0.870683905241
-0.0532399340459
1.0184956935
1.58276367785
1.04038584647
-0.779159036875
-3.51316280675
-6.37150824558
-8.41834098391
-8.92357459343
-7.64815975615
-4.95125610668
-1.67648010283
1.13967221922
2.62609605685
2.3678208287
0.524978299028
-1.631393813865273
-3.8404762194040813
-5.292103565137708
-5.506793105599513
-4.452693332240344
-2.498469230033507
-0.23995423581473574
1.7215500246329611
2.9664189893086075
3.353052083454827
3.0097291446349317
2.247055901791441
1.4366963019886327
0.900846425167
0.08952691981
-0.19306949128
-0.0282037766556
0.407035311975
0.893474609818
1.22930378737
1.28505859703
1.04076004452
0.591058075009
0.110637960147
-0.213689756023
-0.261244118562
-0.0332872383964
0.341774356016
0.661926744011
0.744205813829
0.514961685881
0.0527471431349
-0.441820582974
-0.740110279168
-0.700685960296
-0.348229432597
0.127404960722
0.457757245773
0.429622389839
0.000144537766388
-0.668357849276
-1.27821733704
-1.54241663699
-1.33613542563
-0.774705361452
-0.17107317148
0.114761395885
-0.135800787962
-0.869544064989
-1.76296577837
-2.36735057405
-2.33532591322
-1.61874304019
-0.531911401414
0.367196642936
0.537378513812
-0.259354001604
-1.7851939266
-3.3651480022
-4.140820299
-3.44103362183
-1.10825048701
2.3711719047
6.00457350671
8.65298311445
9.46711744723
8.21533223359
5.36384046417
1.87688237591
-1.17357917648
-3.01815733318
-3.44648271356
-2.81055685084
-1.79265627593
-1.05966728762
-0.969398210619
-1.45908237312
-2.15134941848
-2.60574344779
-2.57649503873
-2.14134797563
-1.63795904491
-1.44676029424
-1.74054834628
-2.34057911403
-2.76655391342
-2.46924164643
-1.13836584433
1.0671729998
3.49088069341
5.1852544644
5.27596270374
3.32845755333
3.4080479475698695
2.4697164639403866
1.63055867373
-1.83052011809
-3.60918234141
-3.75169785118
-2.82079448713
-1.60418099689
-0.763629182389
-0.579265163349
-0.891650698374
-1.24959484695
-1.17929143415
-0.441877208884
0.838812329957
2.22923346756
3.18492447569
3.2960216299
2.46582268019
0.946765788495
-0.772418965057
-2.16806236709
-2.87755686963
-2.80811210844
-2.12409516846
-1.13669637235
-0.159746945149
0.599143863369
1.07103333995
1.28467636763
1.29171501788
1.10899562717
0.711823558991
0.0777567709543
-0.751177405767
-1.63208098151
-2.34136701
-2.65092478892
-2.4273412367
-1.70517274095
-0.694137328109
0.290103955054
0.945704871875
1.1040976942
0.79670218471
0.238958459687
-0.26207188841
-0.437116990707
-0.166288073942
0.473369395651
1.24262796409
1.84092260735
2.03092322273
1.73686224872
1.07924538378
0.334666474713
-0.162316103113
-0.138672648365
0.517784510317
1.71142132771
3.15770695299
4.46098931943
5.22756946581
5.18171969985
4.25210796127
2.60370144988
0.603895048141
-1.27109815275
-2.56611677003
-2.97671737087
-2.43852801194
-1.14514938067
0.51549314173
2.08885336508
3.20343156107
3.6889608987
3.61805707548
3.25347875065
2.92000109107
2.85190619788
3.08018787207
3.41046740368
3.50674846814
3.05113682937
1.91421628287
0.260858833208
-1.4621049985
-2.66385250481
-2.82815324047
-1.73030657149
0.435449607846
3.07603427727
5.37030368198
6.53518902257
6.09288894742
4.04125700477
0.863406404016
-2.62884566644
-5.56216245524
-7.28396434677
-7.56010776945
-6.62099822268
-5.04577301775
-3.53298699183
-2.64533444142
-2.62151601572
-3.31955301372
-4.30460995895
-5.04051791575
-5.10771146935
-4.3640159697
-2.98981243502
-1.40508670887
-0.0948917440887
0.586569981012
0.556827346855
0.0373794945021
-0.533805250531
-0.674898912004
-0.0516510844929
1.38459422309
3.36321912791
5.37607184532
6.84299220829
7.30015633444
6.54488138247
4.68994714689
2.11588060308
-0.653603578895
-3.10392019576
-4.85756172938
-5.74220538044
-5.79067340869
-5.18952053699
-4.20589149337
-3.11972411254
-2.17492931203
-1.54823251471
-1.3268197546
-1.48937966763
-1.89593704895
-2.30131747612
-2.40648896382
-1.9481958095
-0.805247727784
0.918934619518
2.88105329436
4.57476621332
5.48831736124
5.29270215349
3.98702011939
1.93435496825
-0.240580552549
-1.86504736487
-2.46596209756
-1.95323197176
-0.660192181525
0.782024115812
1.69069480388
1.60052918503
0.445686281101
-1.42004185538
-3.3718343895
-4.76674629156
-5.19300484709
-4.61179507209
-3.33718381098
-1.87235855362
-0.682823187585
-0.0113419577482
0.185094084766
0.156823114993
0.190050817089
0.433625118669
0.813014313789
1.07480925005
0.938553499974
0.277732654988
-0.764909102154
-1.79263369752
-2.30311622911
-1.90756508112
-0.52161023495
1.56143412577
3.75296025975
5.37588976261
5.90969164433
5.17163926089
3.36230281014
0.964023869275
-0.9427399955438744
-2.4227327537158345
-3.273414890737513
-3.5462198266688887
-3.449967499443659
-3.208647531058773
-2.9457419236399858
-2.645472183825376
-2.198130851017325
-1.49466149954
-1.09948954763
-0.533024611157
0.00746557428087
0.312363168712
0.245263407343
-0.206669113293
-0.936350946471
-1.7646636844
-2.50338478147
-3.00313341257
-3.17220157506
-2.9734103472
-2.41884275779
-1.57834010976
-0.59966290392
0.281654532353
0.771847197428
0.603071490614
-0.343540300172
-1.92416421664
-3.690839478
-4.96909169217
-5.05611674057
-3.48403835382
-0.250455142064
4.08617468639
8.50801277115
11.8244331179
13.05491519
11.7720538693
8.27344616772
3.50968305926
-1.21403142366
-4.65891658152
-6.0455003288
-5.27874413104
-2.93054324377
0.00341948836451
2.47332253472
3.73139446622
3.54902526825
2.22989825693
0.434751313295
-1.09882879979
-1.82808629651
-1.5704745001
-0.515937681732
0.897716185984
2.18072052714
2.97451995206
3.15437742909
2.8240262273
2.22110204586
1.58525544462
1.04949923061
0.598695136846
0.10623613641
-0.574524351775
-1.50975431023
-2.62297781791
-3.7004319509
-4.46304633786
-4.67496170327
-4.24230428896
-3.25949423291
-1.9823777415
-0.738859791506
0.18490480967
0.633558712921
0.60841558084
0.220653747844
0.22193907887850628
0.037117256239667995
-0.40013184227579757
-1.231142980494809
-2.5635155439323114
-4.345619070394676
-6.292241930343948
-7.914202864890015
-8.661052029909982
-8.131477373395143
-6.265814619451447
-3.43020159548621
-0.3388765094514241
2.172834691328461
3.444877387586047
3.2403585277031084
1.8387398687634402
-0.0722777722756
-2.21626538042
-3.41186758168
-3.45931327903
-2.64989338776
-1.61069600886
-1.00450941465
-1.21718273018
-2.17196042286
-3.35540476663
-4.04602094791
-3.6460038477
-1.96934464397
0.64263881686
3.4321040556
5.51649608217
6.23718981506
5.41695058251
3.41925877913
0.989294527586
-1.05031535769
-2.11709492274
-2.06804200041
-1.20594497587
-0.104072484091
0.663127631667
0.76204952974
0.214513399819
-0.652218556723
-1.3827899741
-1.60918076878
-1.20640142665
-0.325924381006
0.695862792553
1.50130116026
1.86740269837
1.78554996192
1.43732745994
1.08829582413
0.95639120623
1.11752812423
1.48791307017
1.8836507337
2.12253691709
2.11639853194
1.9108374429
1.65687505483
1.53180107731
1.64932797134
2.00234037534
2.4648139184
2.85130179932
3.00571764528
2.87771720076
2.55046148742
2.20540516688
2.03851713036
2.16550130861
2.56069410111
3.06133679743
3.44026150876
3.51732175315
3.25773918104
2.80547851134
2.42479289838
2.36502331657
2.70522074627
3.2561600175
3.58407618228
3.17312048761
1.6785655755
-0.83195081064
-3.76837291222
-6.12207549383
-6.78441387521
-4.98366367025
-0.673823580633
5.29845666268
11.3543036018
15.6522829977
16.7178238683
14.0003673537
8.13325949965
0.773219331668
-5.94323279366
-10.1340423643
-10.8208680273
-8.24428560054
-3.72521584106
0.867280028399
3.82627813267
4.21434033657
2.13835501246
-1.39327743125
-4.9427803079
-7.22879245494
-7.58159777244
-6.10072231828
-3.49014980183
-0.686148685989
1.53274908259
2.78327251554
3.0877227945
2.7018790431
1.88825178382
0.770550094177
-0.659496761193
-2.4099490042
-4.33448779175
-6.07280383445
-7.14566378226
-7.17066125212
-6.08565065234
-4.24836355054
-2.33608371433
-1.07188494901
-0.90036854778
-1.77352555861
-3.16265528202
-4.30408382643
-4.56788255214
-3.77082694402
-2.27483354784
-0.813678601845
-0.125517194396
-0.569493297632
-1.91939205252
-3.44553774867
-4.2559589977
-3.73761491639
-1.88338971102
0.660119100818
2.85727599998
3.74292788365
2.86283940955
0.487189055516
-2.50424936327
-5.01094648831
-6.19081144435
-5.80568163771
-4.2767083194
-2.43510520944
-1.09990300905
-0.693471443772
-1.07995539326
-1.69572875894
-1.89325556168
-1.31410225226
-0.0953434769145
1.19896121011
1.88764331917
1.56502391747
0.372007449296
-1.00172888433
-1.60040044304
-0.644107717367
2.07742692933
6.04929762402
10.1948309169
13.2905894274
14.4490219368
13.4547469479
10.8098690455
7.478416517
4.45581433598
2.36324811302
1.24654216772
0.657358821796
-0.0388613855689
-1.28603299738
-3.07471569123
-4.91649740564
-6.06393815238
-5.87023675397
-4.12050002835
-1.18211680958
2.09501766424
4.68656391202
5.77905382698
5.07165093994
2.87288442517
-0.0408297185789
-2.74013848884
-4.4994720064
-5.05306715032
-4.65424526099
-3.92391491221
-3.55798751751
-4.01643119079
-5.32011556523
-7.03591762479
-8.45441968995
-8.88736520363
-7.96338482566
-5.7994931194
-2.9740677773
-0.307137675319
1.4650507906
1.98550421853
1.41278765244
0.332095433738
-0.528147819185
-0.653062522535
-0.00810678891609
0.917587397397
1.32951994547
0.523510787973
-1.71963378553
-4.93654175602
-8.101246317
-10.0407898597
-9.9772688525
-7.94607407284
-4.87186690113
-2.22511836136
-1.37586288628
-2.91938989203
-6.29118688208
-9.88397289649
-11.664414015
-10.0536806235
-4.69334751951
3.25947870269
11.4750743757
17.321188887
18.9060968505
15.8466428616
9.41967851654
2.02088283957
-3.83736548205
-6.54869731974
-6.00506714864
-3.50401449259
-1.03120513205
-0.266269776731
-1.7847561663
-4.83059545328
-7.75704142149
-8.91045399198
-7.51567209468
-4.11908267514
-0.359364563834
1.8349246618
1.23572923306
-1.99433224504
-6.26690644081
-9.23378465497
-8.86112811075
-4.41449086974
3.11364057948
11.3491643854
17.5113055425
19.5791950786
17.1213606006
11.4162207297
4.82188776845
-0.299284192833
-2.59585176798
-2.21661779616
-0.567111785848
0.522260598249
-0.204508283613
-2.75404921581
-5.85920931181
-7.61223853204
-6.44418656778
-1.97355572198
4.68869326044
11.3308040269
15.5521761722
15.7772351788
11.9105875994
5.34569409828
-1.293282357793828
-6.2059800466945205
-8.171262559846923
-7.293866019379635
-4.779853173622996
-2.256799817454066
-0.9860601745825193
-1.3378670253902811
-2.748383988461171
-4.133046002673936
-4.514548626487056
-3.5383212822580674
-1.6267460415905646
0.2816628460565056
1.2518587477302674
0.8528588974207594
-0.6161642353641952
-2.281456999163126
-3.143463241847286
-2.5860179285337495
-0.6893884754181698
1.8053667730231098
3.8571483370719477
4.627876714542921
3.880109552348472
2.07928481636
-0.401362857659
-2.04951634879
-2.33778798249
-1.3887387787
0.117276957354
1.29653088908
1.50036454733
0.625730866549
-0.846067739431
-2.09294833487
-2.35521612543
-1.30502324221
0.789060410178
3.17323338039
4.93779579731
5.41062619439
4.43860576492
2.43859731902
0.206617280863
-1.42073960926
-1.90124693183
-1.17938393998
0.331745499066
1.95264692275
3.02331174039
3.14792955791
2.30475467434
0.794839324898
-0.925913217796
-2.44375060516
-3.52553639915
-4.14944574666
-4.43417114047
-4.51896973704
-4.46358308627
-4.21936818102
-3.68175026447
-2.79020582054
-1.61647120306
-0.386434674148
0.586138485344
1.03063742876
0.855668333065
0.221105467981
-0.498982525075
-0.859467869272
-0.538918622919
0.498839348196
1.95418962733
3.28562341077
3.91725426104
3.47390765079
1.93868502734
0.9113783832623028
-0.3102397894802351
-1.2169607155940412
-1.5655539444974522
-1.465441769749333
-1.2795126554311338
-1.38205233297
-2.92524238509
-4.6054822245
-5.82773246706
-5.95233302429
-4.65499340388
-2.18752474879
0.615515668514
2.62815271099
2.91849383639
1.21140655649
-1.90555496445
-5.16768443374
-7.16607164413
-7.00630826405
-4.78369607835
-1.62150618274
0.794252130057
1.01048129444
-1.42016052121
-5.56923676806
-9.39082093101
-10.5552482278
-7.52573873993
-0.397690706865
8.91370266251
17.2863568752
21.5977334898
20.0312435488
12.9094715447
2.65828077937
-7.12675158029
-13.140738297
-13.7353044707
-9.5872627268
-3.35809685711
1.52738849947
2.45878636503
-1.12223102548
-7.38542234795
-12.8493431714
-13.8926459863
-8.39226642135
3.2244730679
17.9802693125
31.4160267778
39.2849535177
39.1676886252
31.3469867001
18.6057669834
5.07153053238
-5.37959068461
-10.490663326
-10.2317125645
-6.46994738596
-1.93130377832
1.03978077336
1.37852291121
-0.485048622665
-3.10040772416
-4.86060865428
-4.81395406742
-3.05320344219
-0.547655175974
1.44064380258
2.03094902141
1.14882429554
-0.487535790203
-1.78043479603
-1.83363641835
-0.403513479022
1.99411061555
4.35422846459
5.67734356408
5.43680829202
3.79651162953
1.49168924041
-0.546488511052
-1.62495872207
-1.57103853403
-0.742524338157
0.213460359098
0.712207987209
0.511949025463
-0.207146438429
-0.984391346276
-1.34808043529
-1.0650244242
-0.245355094774
0.73797766773
1.45794753535
1.65293886775
1.34416502427
0.800382168826
0.382233372382
0.357512180726
0.784577598844
1.51511974487
2.29814042217
2.91377379676
3.25674709425
3.32721492299
3.14749123417
2.67072294285
1.7538308929
0.227870315183
-1.96371950384
-4.63857731978
-7.34724979456
-9.48648749782
-10.5232093729
-10.2323987639
-8.83072895602
-6.92595895629
-5.28504116528
-4.51251352183
-4.78115496271
-5.74203607347
-6.66492977015
-6.75643310127
-5.52014469561
-3.00019389527
0.201911003373
3.14833062106
4.93089346158
5.0266257481
3.49406115049
0.933002641145
-1.7668693713
-3.77551196849
-4.62235228572
-4.32915640396
-3.33720066575
-2.2790270215
-1.70488966807
-1.88091670438
-2.73181597313
-3.93018560436
-5.0713971913
-5.84505778999
-6.12983758411
-5.98545977103
-5.56806982626
-5.02736883025
-4.44257557342
-3.82398059744
-3.16611360853
-2.5096384025
-1.96657204644
-1.68720967837
-1.78325795314
-2.25001085129
-2.93521340956
-3.58030703871
-3.92192902657
-3.80739968203
-3.26582790722
-2.49418383778
-1.75813260768
-1.25154738523
-0.984296002008
-0.760647126141
-0.27116567524
0.734226187958
2.26976486264
4.02432320256
5.41962625128
5.81466054181
4.78537517623
2.36370386349
-0.877686755658
-3.95487459398
-5.79026171309
-5.60854786936
-3.25708987023
0.685823195629
5.07454307833
8.58391143607
10.1795527463
9.48841176759
6.92085438897
3.49235612681
0.414344846858
-1.38052361267
-1.58497599466
-0.594688942825
0.711053037726
1.38763536225
0.859876680539
-0.815204135079
-2.97041532328
-4.62325087747
-4.91240481742
-3.48365242352
-0.656744433733
2.69700895267
5.50877876262
6.93965092247
6.69485840736
5.09371693577
2.87697962013
0.851088588989
-0.46232525496
-1.01377438908
-1.17502689362
-1.48977686027
-2.3577812929
-3.81088745034
-5.48923975496
-6.82481505989
-7.3368986421
-6.88971546872
-5.78186460451
-4.62022941287
-4.03679202162
-4.38380296979
-5.55392545744
-7.01230417575
-8.02625886231
-7.98451868394
-6.65657154019
-4.27307870557
-1.39500146661
1.36011630576
3.59974976818
5.30993070577
6.80875177682
8.52530482806
10.713609878
13.2423253969
15.5657309631
16.8975087616
16.5162161785
14.0726298062
9.76959682593
4.34169876899
-1.15328859215
-5.64531813076
-8.34744685417
-8.93678516018
-7.57803746558
-4.8104560605
-1.36234711045
2.03449582217
4.78069611207
6.48126156578
6.96705166207
6.2872615837
4.68480511717
2.55165821775
0.355361077715
-1.46254457508
-2.59561403027
-2.95236735056
-2.67084825996
-2.05368605894
-1.44399678887
-1.09207398338
-1.07052103523
-1.27473446394
-1.50503706723
-1.58637096474
-1.46261697832
-1.21627244726
-1.00442834867
-0.948168315164
-1.03988666511
-1.12579958145
-0.981290587593
-0.444583045308
0.462638336802
1.49945816198
2.28773383902
2.48457854711
1.96688003025
0.934804308877
-0.126785358911
-0.624940259474
-0.102007902153
1.56128791202
4.07562135338
6.83906458648
9.15689249971
10.487143532
10.605554722
9.6261481601
7.88559612457
5.76412898296
3.54063954227
1.35279876515
-0.730706098721
-2.58505150644
-3.94356626861
-4.42460647751
-3.68145105945
-1.6114889387
1.4848586011
4.89574761262
7.67656549259
8.96281699443
8.29307562321
5.80116262538
2.18594842794
-1.53836342296
-4.41215904079
-5.86796718668
-5.89819112555
-4.99201353328
-3.8822742291
-3.22287432302
-3.33897828148
-4.14845225452
-5.26743213557
-6.22836029046
-6.69539661045
-6.57778865472
-6.00444036937
-5.19762446155
-4.33144907652
-3.45825599761
-2.53797217275
-1.54025065112
-0.544195901782
0.238919395186
0.54827985777
0.2236496384
-0.663173703928
-1.78284197791
-2.6656189861
-2.9200006711
-2.44737036716
-1.53379427363
-0.749901325854
-0.682754192334
-1.61502687402
-3.30898573296
-5.01937553741
-5.76020589363
-4.72915990538
-1.70759926865
2.75182259968
7.45564572876
10.9866699893
12.2450148451
10.8866965158
7.46871192907
3.23173500585
-0.392594846463
-2.34266956819
-2.31902196901
-0.844534853759
1.02475531596
2.2038876901
2.0731228697
0.746696960147
-0.994941470625
-2.07024084132
-1.59115346367
0.731471454769
4.44378629075
8.51858214481
11.7544838869
13.227844532
12.6099204684
10.2327613525
6.90241621597
3.56313020315
0.965475496204
-0.53172982904
-0.973146283419
-0.669473973691
-0.00668022427848
0.699061509972
1.24843915746
1.52224559432
1.42308082112
0.862027726036
-0.182885048628
-1.56849634429
-2.92289965317
-3.68900079832
-3.29866527718
-1.42734649635
1.78012639493
5.63235012503
9.03229394642
10.8135942493
10.1562708297
6.91706994053
1.73173777247
-4.16596901574
-9.34744670185
-12.6598979719
-13.5813977942
-12.3275554328
-9.68354566016
-6.6501650724
-4.06427358129
-2.35156661116
-1.49695621184
-1.21134519122
-1.18454560645
-1.28401635432
-1.59992782221
-2.32589672203
-3.55546275589
-5.12064464456
-6.57714506019
-7.36198649606
-7.0538387624
-5.60364400768
-3.40738060348
-1.164822041
0.425688057172
0.998449649709
0.715324649743
0.217202896021
0.336458847169
1.69114469525
4.34634920777
7.70758539353
10.7113472248
12.2432353778
11.6064660514
8.8342344885
4.7038766072
0.441111328878
-2.76012433739
-4.1953433876
-3.88943479631
-2.52260619072
-1.08655324643
-0.432447495151
-0.913695438909
-2.27486624292
-3.82013613018
-4.76658456953
-4.60917082713
-3.32961904775
-1.36455846311
0.63352510368
2.11330917402
2.8618919369
3.05371328109
3.10189936196
3.40137418057
4.10224300694
5.02918334254
5.78197023338
5.95656309463
5.3647333034
4.13395178992
2.63529262068
1.28050524874
0.301151636107
-0.365229820512
-1.01207140189
-1.94899940591
-3.24684478831
-4.58597025656
-5.30969590307
-4.68641593174
-2.27589269182
1.7692731752
6.62245980956
10.9881284463
13.5324951766
13.3728194861
10.4225804083
5.44312824535
-0.226966498393
-5.15828106484
-8.33552142267
-9.47798326717
-9.05288216207
-7.99003922177
-7.2306655112
-7.30731289093
-8.13080149961
-9.06514670878
-9.24629682573
-7.99912263029
-5.17121731481
-1.24360146408
2.82380040597
5.94344221642
7.30237783917
6.65500841117
4.39613599072
1.39494329926
-1.33647423761
-3.00753256418
-3.30943583007
-2.48152017574
-1.17143653265
-0.153735345307
-0.0194411755259
-0.953241939514
-2.67660087487
-4.57072368583
-5.92699220914
-6.22749363061
-5.34951132752
-3.61738242775
-1.68201815049
-0.272419392474
0.0880996020043
-0.706720101386
-2.29007606048
-3.94781233558
-4.8837543528
-4.52776776207
-2.76998410032
-0.0291638659465
2.87593873122
5.00859144648
5.64616521995
4.5382421252
1.99394509018
-1.233220855
-4.21727745582
-6.18359253506
-6.76233832385
-6.07990256172
-4.6620461729
-3.19605478787
-2.25117623353
-2.06751548589
-2.49083391532
-3.06946782465
-3.26546773682
-2.69031189985
-1.2710021748
0.715661973942
2.74899675107
4.26504637438
4.87260315939
4.50260921336
3.43614829916
2.20189249021
1.38101307567
1.39003869548
2.3196295499
3.88793678586
5.5278363587
6.58079520276
6.53178383005
5.20273334031
2.83343640201
0.0162160296517
-2.298781312160642
-3.6556574379732325
-3.7223197798795695
-2.60158186072546
-0.7865933095551583
1.0243717785776312
2.18257399869988
2.3140949153389556
1.4293015717771453
-0.12156097130301191
-1.820235658378877
-3.2007137582538547
-4.021434414583453
-4.318808542792169
-4.328689047276157
-4.3243263744206075
-4.456662344194484
-4.677733870303882
-4.783127567039827
-4.547095974385272
-3.8753610107877847
-2.8905868409574396
-1.8996827797803633
-1.25369422819
-1.66324793356
-2.5892609927
-3.72228426569
-4.61365714397
-4.8722730499
-4.33522405787
-3.12584675023
-1.56897772273
-0.00728817402971
1.38375713897
2.68056601071
4.14368246724
6.02571424618
8.35290468006
10.8008238306
12.7452447285
13.4847522748
12.5428490904
9.90930783234
6.09971128792
1.99219748482
-1.49572704029
-3.75011342148
-4.67088829024
-4.65763048885
-4.38358435543
-4.46913349216
-5.21010978677
-6.48462570404
-7.87057139548
-8.90035822366
-9.31288438139
-9.16855316669
-8.76846972582
-8.42530195567
-8.21602585858
-7.86240877874
-6.82360124135
-4.57576074052
-0.950619008976
3.63883259845
8.21701676179
11.5320187059
12.5064929205
10.6663883955
6.36010144585
0.665759474335
-3.9575023952312307
-7.250100312038569
-8.506456571014951
-7.788113114323892
-5.807628008163746
-3.5765029959256793
-1.9782098574851261
-1.4458047926748208
-1.864007471841063
-2.7096528073276005
-3.3421692978746194
-3.3016962331009267
-2.4858421071139816
-1.1442661585120248
0.282675254043
0.618380722059
0.44565273062
-0.145056557257
-0.854609215108
-1.3307559897
-1.33011585781
-0.814713003334
0.0513821850104
0.992438990447
1.74996855373
2.19087897332
2.35044909869
2.39642411463
2.53319717304
2.88762125327
3.42416445525
3.92662916822
4.06066076751
3.50242713923
2.0921317158
-0.0450752140741
-2.46625001369
-4.49779642898
-5.43316962304
-4.78504668297
-2.50246097812
0.939051445661
4.62995108626
7.49102857542
8.62660637953
7.63741661351
4.76817509684
0.823764623767
-3.11949268523
-6.09396560773
-7.55757950471
-7.51932404104
-6.43067847197
-4.90662130285
-3.41727789647
-2.1013472733
-0.788418661845
0.791077187658
2.72894075073
4.75536831881
6.2649677742
6.56195054792
5.21474712953
2.34080341869
-1.33851693886
-4.72940873581
-6.79958180243
-7.02263107181
-5.62125162278
-3.48167852203
-1.7628989365
-1.3712754354
-2.5420190142
-4.72613225903
-6.84215028117
-7.78094895796
-6.93072573735
-4.4769678775
-1.33596078569
1.24859123503
2.25930638185
1.35438059777
-0.990528328563
-3.70473818401
-5.59728063706
-5.86046574516
-4.37583912662
-1.69902702627
1.24464937174
3.59068602805
4.88343990305
5.19028397056
4.95613903804
4.70081559145
4.72871877947
4.99722939521
5.19446866281
4.96297533548
4.13333004843
2.83627088462
1.43653537914
0.333030189346
0.19700771801535666
0.4967250943657433
0.9163622337784005
1.0881573910386209
0.8050747180147795
0.13989013427008956
-0.595306266438115
-1.0258517580940065
-0.9283206554888039
-0.3614940799408828
0.359896650665263
0.8363811014065448
0.8073360091080986
0.30434051858341604
-0.3515359717924156
-0.7105700144071534
-0.42989990966626124
0.5407231758886724
1.9217305150968969
3.235350485395827
4.0371963224329335
4.127028304786521
3.6306420928362115
2.914842444191521
2.3865303598
1.54951535874
1.11636059887
0.850488274928
0.476318149693
-0.130974249029
-0.84762321423
-1.35164015114
-1.29414331066
-0.496599164864
0.93556326559
2.64579948622
4.1869827635
5.22020422131
5.64259793876
5.57731498368
5.23944762583
4.76456954252
4.10906619367
3.08904053233
1.53997093522
-0.499280909912
-2.69990423956
-4.52913711414
-5.4870664868
-5.3779217193
-4.4626390105
-3.38706021243
-2.89344437964
-3.44471429023
-4.95411746167
-6.77735253732
-7.99987610922
-7.89804783228
-6.34862777558
-3.96621222273
-1.86873140868
-1.15359754636
-2.32228677426
-4.93811662954
-7.70989531317
-9.00039640777
-7.55323291992
-3.11440938333
3.34394717402
9.92017883469
14.4905139861
15.5314992365
12.7080161033
6.98114538213
0.201977826849
-4.260378279307801
-6.343000271546941
-5.655031550665754
-2.8379472240466015
0.8361961118142318
4.0554202753292685
5.9800255962167626
6.477318546013024
6.027097132032196
5.39559848045
4.20335341292
3.83139637491
4.19658141863
4.92443419728
5.54941084776
5.69527351889
5.17679839499
4.02244864727
2.45241534948
0.841462097868
-0.334694363542
-0.594867603923
0.394400447195
2.6369521379
5.6779240532
8.62768837512
10.3961085866
10.0968921174
7.47454254869
3.15107071972
-1.46929251662
-4.66346618324
-5.0714913589
-2.31734237463
2.72255319331
8.16518968524
11.8217221704
12.0786708352
8.5820579556
2.41359691441
-4.33664894541
-9.42741627311
-11.3814580384
-10.0561696713
-6.62167323899
-2.96872976393
-0.828374911684
-1.01153338206
-3.11106952934
-5.78395735556
-7.45662368246
-7.10368676247
-4.72929996647
-1.3363639814
1.57848618014
2.7419726551
1.68256765567
-1.09624582097
-4.40557742722
-6.95588524582
-7.93813533538
-7.32532706469
-5.77493854123
-4.21770045278
-3.36594352859
-3.39480713207
-3.93987417996
-4.37977393955
-4.22642879874
-3.403003356
-2.26635144482
-1.37925782073
-1.17474545324
-1.70693641272
-2.62594257243
-3.38361109555
-3.54703122063
-3.03915868235
-2.17073004768
-1.44781537477
-1.26684556829
-1.67268236353
-2.32023908307
-2.66613846243
-2.28722875796
-1.1492402554
0.327708139883
1.45196350961
1.60260732039
0.554714882545
-1.38227011291
-3.48600596771
-4.94059608413
-5.19122628045
-4.15824574282
-2.21412687061
0.0461492920274
2.1054190071
3.73213687226
4.99514855149
6.09999861052
7.16274574091
8.06799145792
8.50177423066
8.14077871339
6.88112901736
4.96096669114
2.8895959743
1.20984332671
0.223724325748
-0.157392329479
-0.340337134822
-0.783492227092
-1.68224173434
-2.79369694496
-3.52219235234
-3.24495703627
-1.7146387279
0.686774602247
3.00828176284
4.11235323317
3.21172574564
0.293848074068
-3.79671217316
-7.68613254849
-10.070621507
-10.3027655532
-8.67593136318
-6.2618394227
-4.37895907162
-3.95643968713
-5.11160037321
-7.14843030765
-8.96584890378
-9.65159672249
-8.94330339717
-7.31378089377
-5.64400510493
-4.67448744354
-4.55032976363
-4.72684667193
-4.30358840536
-2.61051411015
0.285098365803
3.45849459687
5.50304867146
5.23829906753
2.38705807172
-2.15520096409
-6.64349936477
-9.27800125362
-9.08744090665
-6.44437281759
-2.91944103057
-0.511305452742
-0.61889089622
-3.27936401644
-7.08667892255
-9.87371930707
-9.84660419508
-6.60387545636
-1.49572594581
2.91738722292
4.10184537025
0.9104553042
-5.6107086858
-12.4157394237
-15.6409656326
-12.2890342746
-1.66710876577
14.085334082
30.648542528
43.0993958846
47.7487395605
43.4687492883
31.9807307761
17.0412048362
2.93599879373
-7.04682948148
-11.5499835125
-11.1940364881
-7.86644478104
-3.69163390654
-0.18910232923
2.05418267902
3.18167337694
3.58882225322
3.51485734098
2.94006248273
1.79244764162
0.259717643937
-1.0612715922
-1.3333264337
0.0936071580721
3.2419505925
7.33961397495
11.0775399482
13.2018255062
13.1418367781
11.3239048044
8.96656450367
7.42826874541
7.43552316591
8.61310012094
9.6050140414
8.77299282081
5.14175403897
-0.901688881368
-7.55725671917
-12.302008848
-13.0342195694
-9.12969448441
-1.87739117645
5.95885941047
11.2862116021
12.0177062348
7.97165939061
0.909867045779
-6.30101873685
-11.0005403079
-11.8914855461
-9.50242047892
-5.76482495942
-2.95106829219
-2.52493748975
-4.47932630054
-7.46941252325
-9.6343232647
-9.65021721795
-7.45120964965
-4.24275777182
-1.81354863737
-1.52581125116
-3.53456742759
-6.66446190665
-9.02214456987
-9.0263774747
-6.30562311518
-1.9688230833
1.92486119647
3.44987105446
1.89901852353
-1.70999384238
-5.01183460307
-5.41808225654
-1.46260507058
6.29780917636
15.3049998922
21.9903468302
23.3160411484
18.1715136408
7.97877004728
-3.7868280534
-12.9636247349
-16.3643030209
-13.0135611521
-4.44908966084
6.00288606493
14.6206517268
18.7275270672
17.5837285301
12.4166908405
5.67192955143
-0.112692923722
-3.29563064458
-3.59569691819
-1.92284135628
0.245794924593
1.60092779052
1.5171823413
0.177342308717
-1.6638986429
-3.09752276459
-3.44595752165
-2.47454414996
-0.401786640675
2.22786145802
4.71904338714
6.39055517393
6.72065119365
5.4835558391
2.86605029646
-0.489481204772
-3.58821099518
-5.36712458716
-5.10461576086
-2.80151336181
0.662354585432
3.73412949412
4.74447726233
2.6240145542
-2.52711123181
-9.30423038589
-15.4208357591
-18.5656469312
-17.3556382482
-11.9711232366
-4.17138032988
3.35074264988
8.02356613429
8.41831418112
4.79969086366
-1.03099107763
-6.5268120599
-9.4708338979
-8.86957206744
-5.29057595848
-0.526525542075
3.23322564542
4.33842974889
2.31364152684
4.80458612386208
6.55653098207
1.91700253625
-0.703187846411
-1.16391625488
-0.150696003935
1.27378817961
2.20606947922
2.26979200226
1.67074641416
0.960717982877
0.667152804582
0.989415902216
1.70436458665
2.30399996023
2.27131702011
1.34319046509
-0.368095871601
-2.44073656561
-4.34756665982
-5.68828112921
-6.33725641828
-6.44489730731
-6.30380493012
-6.15182922559
-6.00775821125
-5.61720269593
-4.53876457173
-2.34460795841
1.13566645815
5.62100255414
10.3214954985
14.0696236643
15.6340554382
14.1407915663
9.46683011737
2.44782883094
-5.22475559099
-11.4460472922
-14.3757171982
-13.1271729384
-8.19396398621
-1.39973352817
4.67623579743
7.63079597488
6.1846307026
0.756745116861
-6.6055289046
-12.9623782007
-15.6218495024
-13.2326819321
-6.37254507797
2.63003722394
10.5828053442
14.66425453
13.4917781524
7.58231051646
0.6140244797324215
-6.253939558868794
-10.752989741734922
-11.901537323933354
-10.189520463373299
-7.111959759355159
-4.328414648311039
-2.8760529344398833
-2.801682858419227
-3.342737582977165
-3.503077012191568
-2.680970321736112
-1.0051029146760158
0.7870609742641221
1.8355009077428406
1.71573042614
-0.362720108994
-2.37979221765
-3.32202146352
-2.67594963043
-0.775133376589
1.31810754571
2.36050055768
1.62741813767
-0.614830254267
-3.14312343771
-4.34096990686
-3.03155241264
0.83978943504
6.04228845938
10.5384838559
12.4065640201
10.7730951529
6.29684519032
0.946786081382
-2.84692418726
-3.28486265729
-0.0251185902193
5.64309295817
11.3604360328
14.7303548275
14.3457009643
10.3457285483
4.27283283034
-1.66885583885
-5.58113821245
-6.61352932057
-5.16533594514
-2.5120931258
-0.0945080861222
1.15515257134
1.13225409771
0.416854731834
-0.195292852417
-0.199978772317
0.346761366977
0.919800576177
0.890245228687
-0.0651024764564
-1.74812823628
-3.53137856417
-4.69103958488
-4.78121131954
-3.83637889847
-2.29796746302
-0.725567276697
0.522908320663
1.4465971784
2.30365165603
3.33180919458
4.4787017015
5.33669688713
5.35770714842
4.24621311344
2.29696066538
0.44084623229
-0.0971657931524
1.59208116162
5.52033116166
10.5762826268
14.8382762539
16.3466368794
14.0089983704
8.20858958106
0.791896834029
-5.6109773546
-8.66150735813
-7.30839658072
-2.24606320097
4.38384055274
9.9190935355
12.3103307742
10.9451223681
6.79658899573
1.85268134628
-1.87948069186
-3.30860632629
-2.69360860444
-1.39302865268
-1.08210029744
-2.84263207069
-6.57870955112
-11.0371667918
-14.4077480326
-15.1964709312
-12.9432039479
-8.44437536127
-3.39149193502
0.382671533546
1.68349190136
0.403005532446
-2.53988798557
-5.69469757363
-7.74225687578
-8.00792377855
-6.61519981335
-4.26697672462
-1.82159078348
0.0949321572422
1.25716639564
1.75170802422
1.74114711421
1.2579441927
0.164167685278
-1.70542320682
-4.32151101316
-7.31795792781
-10.0431993091
-11.8041401803
-12.1829832982
-11.2547917493
-9.57818884275
-7.9499161122
-7.04099553483
-7.09780163088
-7.85899520943
-8.72625089018
-9.09423496225
-8.66474617892
-7.58383127692
-6.33980492184
-5.48916911875
-5.3659358239
-5.93084496572
-6.8323851019
-7.63038911028
-8.04363324344
-8.07482424795
-7.94291450253
-7.86940461977
-7.85508008084
-7.59440973059
-6.59891483889
-4.47957818076
-1.23960169326
2.59080097574
6.07256150407
8.19486534597
8.28108974115
6.27268082867
2.75702576549
-1.26994591905
-4.78915199742
-7.11174645789
-8.05149061402
-7.87021089549
-7.065949757
-6.13769439238
-5.44230828789
-5.1767295895
-5.42776380594
-6.19274572758
-7.31353723267
-8.35903268521
-8.57421610718
-7.02240253102
-2.95756026225
3.68717028565
11.9360224573
19.7902553069
24.7571904116
24.7762639997
19.1944087308
9.33892176149
-1.65874874789
-9.83999818429
-11.8840406144
-6.48386651573
4.9686715973
18.7403300555
30.0770591069
34.9837549451
31.7377024485
21.5029664388
7.78912668289
0.490748809094967
-2.34678414591
-5.01778600627
-2.87120909453
1.3430246753
4.57045857383
4.8428482909
2.03756115667
-2.28952360693
-5.84558545702
-6.81266944808
-4.73070810418
-0.648748112243
3.47956156368
5.81005322727
5.50429526236
3.06848093289
-0.00305408003813
-2.06146068609
-2.16510359123
-0.525770876464
1.67406876607
2.97564108168
2.47215534388
0.333411930311
-2.24535140328
-3.64158957589
-2.64182108121
0.909944618926
5.97727428724
10.7730122574
13.5532160517
13.3717774276
10.437736427
5.92776233815
1.3809325228
-1.99970141612
-3.79124119204
-4.34866361456
-4.40974003029
-4.56456259453
-4.90278296641
-5.03406505646
-4.45398376753
-3.02215754028
-1.24518675727
-0.156982414443
-0.812641355358
-3.64067105829
-8.00739395351
-12.2714293382
-14.3749445825
-12.7437650056
-7.08928109485
1.28274146925
9.84443503886
15.7784859947
17.0854740698
13.3865966735
6.06809473656
-2.29721065363
-8.9963326823
-12.2327475358
-11.7412881864
-8.71784717475
-5.13234192883
-2.76412966854
-2.40688207721
-3.59159377939
-4.92453591431
-4.85240598862
-2.48048704886
1.93832525528
7.05988582208
11.0105862514
12.1883291701
9.94053693918
4.82745349002
-0.1522365312943208
-4.608026235191417
-7.06117999910083
-6.930083092897419
-4.640702191400891
-1.3300530319120156
1.690887639656296
3.465598525961056
3.696160353292086
2.7308168791216474
1.2913717646114549
0.10188550520190631
-0.40078185925574417
-0.15961012169390187
0.6115953882554948
1.64567138395
1.26754525518
1.09759725872
1.3231417083
2.06680410573
3.22859397288
4.44614298675
5.20738605514
5.06874103382
3.87416800473
1.86491948522
-0.38117761811
-2.16250470595
-2.92844575188
-2.49653253265
-1.11832391443
0.630910944255
2.08524562666
2.73913794083
2.41054892005
1.25767077724
-0.337972678319
-1.94980923644
-3.25445761043
-4.08701419723
-4.39945718931
-4.17479260009
-3.37233756338
-1.95540983068
0.00558098452461
2.22127394089
4.15437271042
5.13604637134
4.61608364735
2.45162954568
-0.908084978839
-4.46286717431
-6.96148860426
-7.37200593669
-5.33718928174
-1.40879700028
3.07114926351
6.42936883864
7.29473877558
5.14948842357
0.559996310583
-5.02458021604
-9.83493077304
-12.4759176737
-12.4610023908
-10.3603999047
-7.50239775782
-5.36074458358
-4.89597047477
-6.1350871119
-8.16621292487
-9.54224218316
-8.9130270053
-5.61499329701
0.0235121702478
6.7727854018
12.9318378357
16.910555477
17.7348902704
15.3016638346
10.3266756132
4.05029982711
-0.670526760413594
-4.19913339639173
-5.8755702917004555
-5.5814051368406155
-3.6792237816296733
-0.861661926739373
2.0510172890654275
4.332850531785439
5.556066150591278
5.723660862882866
5.270987093302949
4.901573263923353
5.284024473880152
6.713604617955795
8.891954211332063
10.961313426764775
11.834121502671124
10.716705665070336
7.6034457371
1.40945377771
-4.03839761478
-6.88284714892
-5.98272948218
-1.5389611064
4.80255839991
10.4899702795
13.0732156007
11.2649574133
5.57085407289
-1.83764117789
-8.00752932442
-10.4908984398
-8.46625517179
-3.16749819827
2.6145704679
5.77352489906
4.33120482743
-1.57558906568
-9.64168765301
-16.3363061774
-18.4475738433
-14.5457426782
-5.70112788589
4.88217090472
13.1703256758
15.9719413114
12.2431875326
3.45940406789
2.068114618517484
2.57276148922
-1.09816804922
0.0525599806096
4.3765453887
9.07643312729
11.5464985339
10.5083606501
6.44917403538
1.22359894193
-2.92525452725
-4.42412825817
-3.01255372135
0.284620111315
3.76997204031
5.917279887
6.01911426487
4.35384289055
1.85711629411
-0.467088440833
-2.0559149116
-2.95999571457
-3.63260916461
-4.50752641677
-5.64334909442
-6.65398996988
-6.96283327744
-6.2191751571
-4.61364724436
-2.88233578244
-1.96779467407
-2.50894653233
-4.44518936101
-6.97527054481
-8.92724216173
-9.36847596635
-8.13785375978
-6.00034196398
-4.30598142194
-4.29199619578
-6.36616976009
-9.744728464
-12.6630663275
-13.1039009409
-9.72853006332
-2.58218072034
6.76608735603
15.7350206043
21.6836855383
22.8955187877
19.1766687406
11.8337602128
3.07761971292
-3.8090845663545565
-8.380980149885872
-10.2520771181335
-10.002836689128884
-8.686403234444086
-7.262497086864698
-6.228790838110385
-5.578936828871704
-5.0320980984171655
-4.349104652891853
-3.535858284936225
-2.829944698161185
-2.5082298491342954
-2.658457744501021
-3.0701419242063395
-3.3188461739674295
-2.995731964301939
-1.9443965667461498
-0.3615025841878605
1.30183812024
1.78372903481
1.65512439154
1.02794750644
0.258088669429
-0.29331014887
-0.493971119411
-0.520767225149
-0.725329336167
-1.3548457884
-2.29588084494
-3.01408738816
-2.76473684391
-0.996313903282
2.25529261785
6.20833872175
9.53965251135
10.9003718205
9.52266281097
5.62817552804
0.422631157399
-4.35196799589
-7.12423334534
-7.14455242624
-4.78227956985
-1.3311032556
1.58692576308
2.742161999
1.81248926566
-0.534452520592
-3.01094083215
-4.33879995172
-3.83475978843
-1.68411376233
1.20284500296
3.65416886735
4.77826757166
4.32530187362
2.71679196224
0.764953522735
-0.749398841115
-1.42075526362
-1.32826385966
-0.889764163112
-0.571938252744
-0.628659665436
-1.00322734792
-1.42466311459
-1.61662625962
-1.48168749789
-1.15083584949
-0.877374498809
-0.850926912787
-1.0544235188
-1.25836680129
-1.16072402949
-0.589146227778
0.36027924918
1.34058713136
1.92997558496
1.87212000537
1.24131358144
0.427869404532
-0.0622157227259
0.108987852138
0.902582607776
1.89617503824
2.500405347
2.29455639014
1.30173330704
0.0434433442302
-0.6776845302
-0.174344711095
1.74533690558
4.61381135234
7.45489062473
9.19058564858
9.11238715013
7.18733987985
4.04845005192
0.676755983092
-2.06183542319
-3.78909095769
-4.70958911448
-5.38812135744
-6.33708264769
-7.64324658364
-8.84440641847
-9.13530193082
-7.80639832025
-4.69008731224
-0.375039681799
3.9401249313
6.90321300094
7.56704842902
5.78782375104
2.27652958637
-1.71579614907
-4.92416276245
-6.55854644916
-6.53832141892
-5.3908170657
-3.90035107335
-2.70707833051
-2.05846831406
-1.81488605692
-1.66440809878
-1.39194395656
-1.03230461771
-0.820279135863
-0.981917852959
-1.5128053638
-2.10127055569
-2.26869863434
-1.66370367246
-0.340728136941
1.15811056242
2.00258196311
1.48304031606
-0.575640494613
-3.62765138021
-6.58077272118
-8.28172832758
-8.08820290906
-6.23423420909
-3.77721818454
-2.11527915874
-2.2863366438
-4.39000791773
-7.43695860991
-9.73569951581
-9.66411020894
-6.47156735359
-0.721983508459
5.85620476696
11.0695035318
13.1981214711
11.7399231044
7.60890501574
2.69230319708
-1.02457029827
-2.34942265429
-1.36638113685
0.71379396305
2.25369803785
2.0875405358
0.167929437924
-2.36649390788
-3.74665503459
-2.4882165592
1.77961360112
7.98512547226
13.9657409995
17.3587866962
16.6319313163
11.7824380052
4.38280561141
-3.05228194197
-8.09636292295
-9.38380081453
-7.10516619316
-2.82931641462
1.2406554961
3.22766443875
2.33171713196
-0.05050153152201631
-3.326704039676585
-5.779036468371075
-6.211337010767821
-4.412383234985654
-1.1481159912569154
2.2667513367625247
4.587653398881443
5.159874397893091
4.124692566109488
2.2602328697160345
0.572329261401
-1.09190728144
-1.51719788666
-0.959981566149
-0.00366908120446
0.751778682257
0.949787411418
0.580424172901
-0.0906190556676
-0.703171004667
-0.991613619215
-0.89521478751
-0.555446153875
-0.223345521094
-0.134563948444
-0.410416359202
-1.01800236021
-1.79023832096
-2.48491752593
-2.85742766902
-2.72923014576
-2.04264344622
-0.894100098301
0.466123558013
1.68120219554
2.38559071732
2.33428024411
1.51892958762
0.214566819418
-1.08414803935
-1.83537354043
-1.67544883027
-0.602619702153
0.974779160937
2.37199470577
2.9108666893
2.24386612319
0.575647634711
-1.33368403062
-2.4144849006
-1.70513715704
1.22033535387
5.99563757437
11.4990086718
16.190596791
18.6332839165
18.0002074372
14.3725971166
8.7130153064
2.52763716461
-2.64735661773
-5.73639388764
-6.41197890468
-5.08923881058
-2.65895878006
-0.0905047326249
1.92539557763
3.15857965941
3.7980611077
4.23818928921
4.81045370198
5.58863024714
6.34819333963
6.68354435459
6.21553971278
4.78775794686
2.56427540111
-0.00696915032927
-2.33976148345
-3.89593810951
-4.3371673391
-3.59404160639
-1.84814089668
0.540445357561
3.11525237734
5.38520753584
6.86576428436
7.12354730701
5.85099869932
2.97415707056
-1.24013945622
-6.13929212239
-10.7620869168
-14.0587894271
-15.2108073445
-13.9452056696
-10.7130132982
-6.62937353498
-3.15515557873
-1.60521961416
-2.65419942904
-6.03544032348
-10.5736505218
-14.5710506114
-16.4248323461
-15.2487683099
-11.2515647431
-5.7046565294
-0.486900701238
2.63600401525
2.72302665202
0.0743847487204
-3.82884723877
-6.86182714858
-7.07932048897
-3.51355730874
3.36679927904
11.7277049439
18.9616809795
22.5910415131
21.1508214071
14.724498093
4.93515421942
-5.6015287639
-14.1572215359
-18.7806530802
-18.8799225157
-15.3045904916
-9.92635687254
-4.90101664658
-1.90118500463
-1.60184279912
-3.5871167355
-6.6752229825
-9.49769693597
-11.0805841163
-11.1906121651
-10.3186189948
-9.32944700538
-8.94821100941
-9.32074886978
-9.85392342626
-9.42199335689
-6.86654794669
-1.58442393285
6.05308817526
14.6508082507
22.1668166913
26.5958903424
26.7014308789
22.5004466556
15.2904030116
7.18497182247
0.328307311116
-3.90013282733
-5.36050635946
-5.09976724543
-4.78167028276
-5.83544413383
-8.69396289416
-12.472435257
-15.2630892038
-14.9573565063
-10.2650439979
-1.48755587922
9.32324222673
18.9485696822
24.1452993191
22.9124325893
15.3658522102
3.83917363997
-7.87149372069
-15.8549762001
-17.51247855
-12.5086188698
-2.87170386537
7.79526115728
15.6792397592
18.1601690194
14.7101246805
6.95932945398
0.12945828533428028
-4.784599522863331
-5.667319461117984
-2.1986311874807853
4.171404969717358
10.937947451053077
15.616097220711865
16.724492669913786
14.29635352982531
9.753648498159166
5.246544503
0.14168513944
-1.85519838051
-0.890073548111
1.85123868152
4.7184591604
6.29200732993
5.90901979338
3.82671103684
0.993444574671
-1.44127699468
-2.65239123513
-2.47856349787
-1.44537143961
-0.480217094931
-0.453298470478
-1.74601554496
-4.03287097779
-6.37419656923
-7.59056828598
-6.77414474701
-3.73138882271
0.830308802187
5.46741552961
8.47796466904
8.52781763937
5.19228039434
-0.801870145856
-7.74559462252
-13.4870913068
-16.156480621
-14.8126765207
-9.77199880578
-2.49578178505
4.91776307002
10.441258895
12.7574825187
11.5993159047
7.68863386937
2.33771790525
1.4950863614781866
1.5261992108277411
2.78336914185
0.921602431278
-0.225796762235
-0.924015511997
-1.18383055531
-0.818517169728
0.340499726703
2.21253877507
4.37017123565
6.14800202946
6.91358231628
6.36212509093
4.67626861187
2.4577171077
0.455609818133
-0.775314153248
-1.11356215303
-0.884674501635
-0.645093145241
-0.853323625872
-1.60703614088
-2.59081974997
-3.26566782026
-3.19725662689
-2.33825711121
-1.09742264992
-0.140118272433
-0.0146021413971
-0.805365149256
-2.01735629424
-2.784153804
-2.32119821901
-0.400929039289
2.40954819236
4.90726591446
5.77269575901
4.21917612971
0.45041003526
-4.32866845648
-8.39774024106
-10.3057751445
-9.58814751972
-7.05195403271
-4.44967092769
-3.6492563627
-5.66539366693
-10.0140454781
-14.733379493
-17.1226792551
-14.9162763243
-7.38755310978
4.12226075178
16.5250954613
26.0672896186
29.7452552284
26.4730389418
17.5143525876
5.99800491508
-4.28135697096
-10.2829334756
-10.7882301884
-6.71117724245
-0.569909911786
4.6166395874
6.53095685821
4.37950469792
-0.948865735408
-7.38112902571
-12.5487344996
-14.6794687504
-13.1560228677
-8.58368033941
-2.4237937299
3.59551503788
8.0389380306
10.1093564668
9.71970352706
7.34747549299
3.7861838273
0.66376026084356
-2.03513014520847
-3.795131175928404
-4.399441217995374
-3.9480934340157177
-2.816353979599114
-1.5370774783034022
-0.6159565448597988
-0.33120243098483115
-0.6009412208650389
-0.9946473826328486
-0.9112039974981627
0.13401116845896865
2.2367439231092163
4.9825698745982265
7.556925719771655
9.062082142836687
8.912264842518198
7.12748417356
3.2084557862
-0.587092920277
-3.18978742594
-3.97969949251
-3.02594307696
-1.02321626308
1.0438502643
2.34949487478
2.57649439894
2.00302532899
1.29097272608
1.08566989858
1.62981174884
2.58862193657
3.18140196764
2.56513322536
0.290636253755
-3.3889585613
-7.51432219132
-10.7398244692
-11.8488487106
-10.2468506218
-6.22331650295
-0.874548375721
4.27588872767
7.79895035218
8.81519388046
7.21637528954
3.59494777819
0.807113635590639
-1.9967001783897729
-4.094332389327732
-5.189443753270027
-5.361138404413623
-4.895320775825297
-4.099893253635017
-3.187862790875542
-2.258901882248921
-1.3526171196484995
-0.5147444514304027
0.17682313925681115
0.6441862309483497
0.8759098943721
0.979262714157
-0.496752913271
-1.61993765982
-2.20460066282
-2.23827205349
-1.90948758849
-1.53918867298
-1.43515035961
-1.72873762688
-2.2692328799
-2.63432752028
-2.27123605949
-0.728036314114
2.10889724787
5.86955017846
9.72136570716
12.5751126247
13.4240283456
11.7065114508
7.55973965979
1.85702549848
-4.00858687252
-8.53996883378
-10.6155820531
-9.86195930475
-6.77579245298
-2.53968915157
1.40794495294
3.88858700534
4.38444378079
3.16524591071
1.09214382702
-0.814102871125
-1.8499956399
-1.93747785845
-1.62155355294
-1.75459551787
-3.0107107154
-5.45966369195
-8.41309271222
-10.6387093058
-10.870328402
-8.39854363875
-3.47621194379
2.65787062672
8.17177373587
11.3008128891
11.0046386995
7.34667973735
1.43989023756
-3.9673970506301828
-8.274751322292687
-10.476267467540396
-10.462828261775016
-8.886766235750514
-6.731238825708502
-4.809914197163764
-3.4363949760806634
-2.402608559432821
-1.243712667246669
0.37530666067065965
2.3700162833245457
4.203890343933281
5.133639662239588
4.60580763931
1.87230552003
-1.73764975696
-5.19357754125
-7.45836233164
-7.92389172669
-6.65480698335
-4.32433001019
-1.87642580751
-0.0816406555268
0.796020906627
1.06117265459
1.35383356172
2.2433787311
3.8574591206
5.73630591081
6.99216183651
6.70453409469
4.36725705487
0.177678601631
-4.96786600559
-9.77233405527
-12.9982564341
-13.8919269376
-12.4000835662
-9.10942352915
-4.96383761225
-0.902248272579
2.4258192605
4.76800755888
6.19597579806
6.92837517303
7.15754525734
6.96002512622
6.30891587358
5.14812347686
3.46577051593
1.32372713353
-1.15663097315
-3.81742626367
-6.45872427386
-8.79898591053
-10.4397020695
-10.8948303506
-9.72455446375
-6.75226929435
-2.27495125359
2.85678559013
7.38163820764
9.99341584335
9.81425375435
6.78086398172
1.75520839888
-3.72831026556
-8.00939120607
-9.92961848664
-9.27323392617
-6.81936092056
-3.97099888847
-2.11955093137
-2.03182927981
-3.54369559718
-5.70534547957
-7.30883182266
-7.53981748617
-6.42612788088
-4.84484943777
-4.06105382858
-5.00679990063
-7.65454797788
-10.8187165555
-12.5339148331
-10.8889540188
-4.96647631776
4.54057783213
15.3486330293
24.2873861375
28.4376436331
26.254128293
18.2155808058
6.7313000349
-4.66567184636
-12.5238542716
-14.6145434201
-10.5925611701
-1.97080775302
8.5206708681
17.8981232758
23.8354603716
25.225190498
22.271187715
16.1882457856
8.70390445667
1.56887730944
-3.7955105762
-6.49042815574
-6.22137332376
-3.32104317051
1.28180206003
6.19329240956
9.83613862761
10.8743402604
8.67731558751
3.64479308988
-2.78391666613
-8.51295511888
-11.4781495233
-10.4002604996
-5.30079678922
2.45053439293
10.6028106769
16.8319544498
19.5640512749
18.4774565025
14.4880264096
9.25112859787
4.42506345004
1.03389200957
-0.799338649137
-1.66995732917
-2.40115649727
-3.52683810838
-5.02033555706
-6.39286539113
-7.07705300842
-6.85319110347
-6.05305111207
-5.40135657435
-5.56299612456
-6.64345211875
-7.94127855327
-8.13997813503
-5.90276507939
-0.609917690226
7.12712193723
15.4653866686
21.9054421716
24.2283601575
21.3946449606
14.003140878
4.09739363346
-5.59960641434
-12.6841117359
-15.8684743517
-15.2499717963
-11.9851495916
-7.58421206526
-3.20358915431
0.717064464378
4.33280427595
7.91494559226
11.3361794737
13.852213876
14.3411538043
11.8966555165
6.45464123176
-0.91464694029
-8.26439668944
-13.5129443055
-15.3385978073
-13.7889221967
-10.280120152
-6.95033240833
-5.65264513802
-7.06622187313
-10.3641443304
-13.6157445922
-14.7432304615
-12.573778396
-7.47042682109
-1.22220899978
3.76668588214
5.60297197589
3.79929030992
-0.500760949472
-5.08131034308
-7.72605654617
-7.27930275442
-4.17618799691
-0.183064112879
2.52116655156
2.4658013508
-0.346483025569
-4.41270252902
-7.45925081256
-7.57299214995
-4.18010194945
1.60716131287
7.44717651914
10.8107923962
10.1104429904
5.38473946841
1.2429597790214189
-2.9335688118436707
-5.023005959345966
-4.036433874916284
-0.382756740701
1.33791504455
2.77069882954
2.99925650304
2.12130410957
1.03510764599
0.796123894274
1.91924352107
4.01614444611
5.9649784331
6.51682187431
5.00606726765
1.77456094417
-1.929762278
-4.54076851069
-4.95106162151
-3.07740891994
0.0798681790838
2.91857172193
4.01474824288
2.80680848671
-0.158966205351
-3.53697027293
-5.87671039011
-6.34193981833
-5.08932162987
-3.12574933096
-1.73737494697
-1.80283695246
-3.35433406614
-5.60887614565
-7.43566807002
-7.99167254738
-7.17065657771
-5.61733115852
-4.30025657479
-3.88473154842
-4.26558412048
-4.54276758647
-3.48695985161
-0.270777476695
4.92127621467
10.7534541621
15.1937994534
16.3848801831
13.5263199499
7.33577103201
-0.157616328484
-6.41763993821
-9.44506230839
-8.58427039662
-4.72683600297
0.167126138216
3.98772353456
5.39315463091
4.30345344864
1.76749042486
0.5182137943146188
0.5294719510031598
2.0648202711123957
4.409871191051124
6.324493516368875
6.748283137050279
5.385739799697134
2.8763377863422193
0.4787387477764611
-0.5519507294843748
0.43250182811428317
3.19083571312
5.60221930146
7.62426419751
8.40318149877
7.77364438969
6.23134073544
4.58071746111
3.47346431526
3.09428267249
3.1513588494
3.14972784424
2.76731154501
2.10210389135
1.64004415839
1.95854416674
3.33666720952
5.50210405771
7.67404644329
8.89864830558
8.5094405446
6.46983396818
3.41140263936
0.340789368555
-1.83573877738
-2.72345782904
-2.57410168308
-2.08160016915
-1.9588928729
-2.53377561179
-3.58908548863
-4.5351446575
-4.8143199968
-4.30201217854
-3.46190525072
-3.143410778
-4.10863841978
-6.53741619672
-9.79134504028
-12.5975749644
-13.5975195197
-12.0061206292
-8.05058937952
-2.94994449462
1.58281296833
4.09458079267
4.04466454107
2.03805528156
-0.479101818475
-1.91903540677
-1.31093589497
1.24523847607
4.64227503529
7.30480467548
7.93262803123
6.08590578898
2.34002496127
-2.04029502057
-5.7199054513
-7.88347434615
-8.51002456079
-8.22374515873
-7.83842369974
-7.86521137076
-8.25521832458
-8.50394324332
-8.03621121004
-6.63343104685
-4.64523290973
-2.8545879985
-2.06782059984
-2.66461950165
-4.37434370928
-6.42205681106
-7.97545679277
-8.63990845862
-8.70058218623
-8.93527024207
-10.0610827198
-12.1066518438
-14.0886385862
-14.2539258202
-10.8693772102
-3.23301089528
7.59503485863
18.7796513495
26.5579050126
27.6848829674
20.8954699224
7.72268979379
-7.76227735594
-20.2814072444
-25.2764852182
-20.670621753
-7.73916008521
9.2867994494
24.7451318652
33.5955656629
33.1925593522
24.1006265075
9.68078786251
-3.95153828960801
-13.836177651957314
-17.522924159639118
-15.04564013504708
-8.529135758849478
-1.0739676216818452
4.55052606243774
6.866401100168957
5.977452853512844
3.188177243143315
0.22643433971961713
-1.5367097275208295
-1.545773230736458
-0.072963132133
0.782129717796
1.57192022105
1.82380635757
1.4745290606
0.737125083109
-0.127907998682
-0.982537381336
-1.83202171036
-2.71190713593
-3.54030696692
-4.05217823427
-3.87861805779
-2.74317527771
-0.671100756171
1.91161253996
4.26421297495
5.58637808193
5.34014736501
3.4968334842
0.594298517973
-2.42966120571
-4.56623653822
-5.09714449766
-3.84736232431
-1.23455662012
1.89660794806
4.58457892279
6.08495879298
6.10722122559
4.87666699553
3.01205683546
1.27463737758
0.284714051606
0.306503247458
1.17259547707
2.36812582108
3.23921121239
3.24806297243
2.18168739861
0.237601961361
-2.04602825075
-3.99110029699
-5.03590413876
-4.94793268629
-3.90813383621
-2.43086789581
-1.15042050475
-0.561692989365
-0.824407622269
-1.71512846434
-2.74815539647
-3.41147139503
-3.41096572319
-2.81034320129
-1.99993133601
-1.50551139644
-1.72302926971
-2.70168246732
-4.07855532658
-5.20077822357
-5.38679355073
-4.21562431433
-1.72071710916
1.5921957041
4.90668270981
7.36508532654
8.3351404151
7.57497259783
5.25101509579
1.82953773938
0.7084325895065717
-0.33222962704324743
-0.82207831154318
-0.427168765507
-1.68870400487
-1.80854164203
-0.898561534097
0.732424353586
2.59505699191
4.11213938055
4.78120064095
4.35330677863
2.94762507596
1.03449924892
-0.727619030524
-1.74708369425
-1.74069253834
-0.852584236258
0.410292820146
1.40499756396
1.64381822222
1.01814637385
-0.149405682159
-1.25150617016
-1.67618224522
-1.09279030199
0.387063468906
2.24668874863
3.78110769864
4.39344087094
3.83737748575
2.30141010689
0.306616178677
-1.52483078453
-2.71916183584
-3.10831872742
-2.83711663454
-2.23729567785
-1.64536545385
-1.25794401595
-1.08733462818
-1.02102849834
-0.934295546672
-0.783119138106
-0.624612277012
-0.560046022042
-0.643461319698
-0.819409605514
-0.935430972717
-0.828952051894
-0.440709733824
0.114759057712
0.572862071763
0.638427693877
0.147025338555
-0.816249176111
-1.91191039321
-2.67377193673
-2.72032176197
-1.95284625574
-0.640723395165
0.658691875243
1.32206349901
0.931114831377
-0.528685750209
-2.63569139152
-4.68740643285
-5.98061141451
-6.09580755176
-5.06188796599
-3.32931848878
-1.5648042932
-0.359070147678
0.0232925206579
-0.256868747734
-0.705799675626
-0.737644051665
0.0439266621261
1.64669589155
3.65959086419
5.40424903423
6.20526307104
5.66807786139
3.85256100459
1.27414028675
-1.26695695024
-2.96282159338
-3.27904274182
-2.14067788088
0.0380145925169
2.48458309578
4.31123146592
4.78785786239
3.55971969851
0.74683047785
0.6555288832786204
0.35075688955578244
0.682823998118
-1.60026106552
-2.3269117927
-1.65112107157
-0.083261344247
1.68279648414
2.98950906533
3.41306181597
2.87583369715
1.63897171164
0.180519839137
-0.995515881044
-1.54881273744
-1.42092728088
-0.838563687967
-0.202590753196
0.0915101537599
-0.171790477211
-0.930829619449
-1.86831107295
-2.54440427559
-2.58724151395
-1.86134758683
-0.542036771679
0.938162873575
2.05181381775
2.38226562992
1.78816584918
0.458491996546
0.911389984377
-0.289965867978
-0.876699449892
-0.729521047919
-0.0275455764166
0.848994271964
1.49440674741
1.65289615492
1.31738555102
0.711703511109
0.169353000888
-0.0316046219082
0.200329818735
0.733104481084
1.28306697495
1.55902650257
1.40787093113
0.891188741031
0.256027506823
-0.185767974009
-0.210795053407
0.20501985412
0.872627939869
1.48090297054
1.74901928097
1.56605180792
1.04891359017
0.488745800579
0.210078591893
0.410213751568
1.0570873511
1.89659814475
2.56783919379
2.77220477908
2.41560840037
1.65538012389
0.829131006061
0.299848355851
0.291865465748
0.796244946858
1.58950679989
2.35352908331
2.8346130802
2.96094831819
2.859518602
2.76514184351
2.87006884705
3.19428079247
3.54791066846
3.61169607987
3.10117208666
1.9352904679
0.323179207244
-1.28168646163
-2.34888370907
-2.49042698386
-1.63534309503
-0.0801213336583
1.61004731124
2.80865091156
3.0565591999
2.21801538114
0.50497719427
-1.62983696082
-3.67545044882
-5.23834712805
-6.14137321381
-6.41824710808
-6.22643464053
-5.73501927919
-5.04706899129
-4.18949860716
-3.1633989872
-2.01550856082
-0.882677528342
0.0214234575378
0.475179299181
0.340750957506
-0.366789470224
-1.46763797587
-2.6699930172
-3.66485056635
-4.22296544969
-4.25633311032
-3.82545246941
-3.09837089321
-2.28567665347
-1.57965710655
-1.1163906005
-0.963980835668
-1.12782193666
-1.5606413522
-2.1707503905
-2.83077434848
-3.39415037011
-3.72402793704
-3.73046931533
-3.4028960971
-2.82195788565
-2.14127676843
-1.54228426117
-1.17799622443
-1.12719830701
-1.37600291087
-1.83147999556
-2.35855269274
-2.8234074727
-3.12758634253
-3.22480590319
-3.12180224306
-2.86955389358
-2.55006284965
-2.25915041614
-2.08278216602
-2.06727827843
-2.19172729633
-2.35834158824
-2.41600186652
-2.21994309097
-1.7098972986
-0.97058681377
-0.234874204053
0.191719353293
0.070148750966
-0.62279745829
-1.60825484668
-2.34175229943
-2.18458384409
-0.659064002028
2.31312032739
6.29948203207
10.4403347475
13.7159429028
15.3022081524
14.8717620052
12.7107035589
9.59480919468
6.47261023964
4.08966460069
2.71717761713
2.10291534293
1.66169177617
0.812312181704
-0.700429055839
-2.65307756763
-4.43429130787
-5.336886873
-4.91186157654
-3.2138823809
-0.817999829373
1.40450687119
2.64892521532
2.51074060159
1.13692374219
-0.7066858440019388
-2.4207829813471164
-3.4262841990472737
-3.564458380432143
-3.1175595409695376
-2.616543971946342
-2.5414753858170798
-3.0686079839062614
-3.989161251532451
-4.834572860478033
-5.13775696128252
-4.692477940714284
-3.6764197862639207
-2.5748764466628273
-1.9441816508404202
-2.135075336466855
-3.115602561415244
-4.481939354855527
-5.650506604323496
-6.134326389908608
-5.7661989924347665
-4.760425575473221
-3.5876092873125884
-2.7308816787139847
-2.4492564695240873
-2.6665110402125265
-3.03705187229
-3.29004584358
-3.03625096099
-2.32935667289
-1.49789991561
-0.968893724929
-1.03357212796
-1.67629871794
-2.55522494531
-3.14647345296
-2.98202577478
-1.86623192094
0.031290290152
2.2457721708
4.21014677567
5.47432990524
5.84927253091
5.4195599934
4.43858191352
3.1776620524
1.81567166954
0.422781052302
-0.968613176084
-2.26626116029
-3.27027907718
-3.72112095911
-3.42885379732
-2.41344185221
-0.967350730843
0.415749961675
1.23336619132
1.20471916006
0.423958419638
-0.65332226562
-1.40341117066
-1.32999975378
-0.32454066855
1.2416474201
2.65563325775
3.18628165724
2.45407162538
0.674895383694
-1.34887561679
-2.50907002782
-1.8407451013
1.04525617723
5.73317982378
11.0835518468
15.6033912363
17.9636389568
17.4613628076
14.2488866983
9.2495306447
3.80665104782
-0.785393245486
-3.68412620022
-4.69288753826
-4.19864055053
-2.91211182642
-1.53946597733
-0.524563728311
0.0476919060197
0.376093263034
0.758342124184
1.3955712934
2.27411243871
3.16571120125
3.73037325639
3.66500580874
2.83103107703
1.31386287594
-0.597855313996
-2.49353608946
-3.94710759789
-4.61605075088
-4.31409255896
-3.05214333063
-1.04782304818
1.29809104639
3.4632426184
4.90494879333
5.18972599084
4.12147901144
1.82590367919
-1.2482669943
-4.42770236334
-6.99302234526
-8.38347439094
-8.3576726565
-7.052325174
-4.91813469582
-2.55948708474
-0.541322002347
0.763955507756
1.23874390216
0.983881187862
0.219039532259
-0.821884035531
-1.94994086383
-3.01755806498
-3.87501768422
-4.33480233059
-4.18730200641
-3.27913497205
-1.62216222385
0.528596381295
2.68767014111
4.2647204047
4.76890253258
4.01038271774
2.20488307536
-0.0796368137723
-2.12775664853
-3.35507920334
-3.54195381016
-2.91621417586
-2.04188713717
-1.55794728884
-1.88198113838
-3.01351253138
-4.52902735131
-5.77338365892
-6.16048535347
-5.44357061204
-3.82836040098
-1.87585528709
-0.241467077366
0.624456039601
0.671176968834
0.244867296702
-0.107033931593
0.0748888597017
0.924650968122
2.18491365079
3.34565356669
3.91659854121
3.69304546583
2.8756391214
1.97723623335
1.55887312762
1.92739325989
2.95248740364
4.10558171548
4.71254180212
4.30091978733
2.86725846674
0.92132011849
-0.730086638518
-1.36695403886
-0.724981075112
0.835971004211
2.46007452831
3.17549780354
2.35587576173
0.0454052450072
-3.0143012431
-5.68169074494
-6.91077803259
-6.2219220432
-3.93148231076
-1.03158018501
1.22974138371
1.88144779281
0.639003020302
-1.98761981753
-4.92731666236
-7.0102559441
-7.45083187996
-6.14444968138
-3.66542439366
-0.991172725803
0.906386727497
1.41905230521
0.471099668761
-1.53925206217
-3.95909421478
-6.13683963163
-7.60225031124
-8.1219834583
-7.65791152419
-6.29954575539
-4.2331613173
-1.76010291456
0.678900154525
2.5392603775
3.30545404506
2.69352973827
0.831851020046
-1.69095818567
-3.97736008876
-5.14458358409
-4.69693560042
-2.77618638419
-0.154564059766
2.0564982884
2.8745253663
1.88938344491
-0.523973411503
-3.33471963288
-5.28546218998
-5.43890454725
-3.59870431953
-0.412788432703
2.89096128614
5.02026308122
5.15561954722
3.27265652641
0.115050222487
-3.1551464718
-5.45895688787
-6.22322904121
-5.54391357606
-4.04020497124
-2.49639235112
-1.47951030766
-1.11608195863
-1.11833708139
-1.01998239517
-0.480450456003
0.506880181615
1.60563704075
2.31962175149
2.26135686768
1.36027131226
-0.0962369551563
-1.60295772757
-2.67700902872
-3.06888170276
-2.83799691651
-2.26440043637
-1.65749316278
-1.17471328352
-0.75099128221
-0.17232286059
0.757246849475
2.05932450015
3.53266547846
4.8462460079
5.72357001951
6.11059132312
6.22270624455
6.4303083771
7.03396377215
8.04927336224
9.12804534352
9.67888510586
9.1467748525
7.3208208121
4.51107747615
1.48805723354
-0.810131031522
-1.68161864696
-0.991031647476
0.734420892677
2.50087436063
3.25947046322
2.35558777758
2.463305862555856
1.644609074488912
0.999900593556
-1.31910870009
-1.84319024204
-0.665825505075
1.5296727872
3.78040618331
5.23588886482
5.4606850727
4.53138695674
2.91316777584
1.19910053042
-0.154667686737
-0.981050884023
-1.39241216531
-1.64198547908
-1.94481476839
-2.35296594853
-2.73975581127
-2.88666199557
-2.61686084564
-1.90374268433
-0.904159559173
0.0914038135947
0.760337841433
0.852632178533
0.25981905614
-0.965294071605
-2.62724162959
-4.42445521257
-5.99062541475
-6.94254042254
-6.94462155856
-5.79384506258
-3.50936357861
-0.391352529219
2.99136139096
5.907061626
7.64551595317
7.72702032057
6.06108917452
2.9900916358
1.6683426089855828
0.43186797210705663
-0.0191043106076
-1.64498584647
-2.06846102469
-1.59406678808
-0.697394474136
0.156924651511
0.657287775746
0.704315951802
0.384021035013
-0.114459653918
-0.591956101147
-0.906637183442
-1.00066101972
-0.892667081435
-0.653619592513
-0.381241452012
-0.1782868769
-0.131235549802
-0.285151829228
-0.617464698219
-1.02227420097
-1.31971606896
-1.29774534554
-0.778881520802
0.310095203842
1.89308098558
3.74422456806
5.53453873602
6.90915684455
7.56843975336
7.32884248132
6.15244516673
4.14878514911
1.56013135532
-1.26208776588
-3.89230377216
-5.88765736235
-6.87363153085
-6.6490739257
-5.2796226034
-3.13546246274
-0.836852003412
0.898541098688
1.46935229519
0.592518993242
-0.9312770213503399
-3.2229378745657584
-5.536244559975657
-7.174064406475978
-7.727921359241336
-7.201594479166786
-5.970461728628834
-4.597907776086615
-3.590780336089736
-3.1997944177165465
-3.34706083895108
-3.7030251182373917
-3.8674165124847377
-3.56486465374806
-2.7651501957781193
-1.6789721574732823
-0.641264366237877
0.05456347684517482
0.29028981596715653
0.1651994127990264
-0.0640418135815
-0.819560123565
-1.19244876441
-1.14595730505
-0.792898898576
-0.32292023844
0.0877445949863
0.339196307146
0.420682829142
0.380478144017
0.280580867662
0.165172393602
0.0558173066066
-0.0345939617951
-0.0891633191498
-0.0913818759318
-0.0458582215183
0.00216896801112
-0.0294704345696
-0.223602949229
-0.608487964614
-1.11598897791
-1.58615006518
-1.82987496073
-1.72767776281
-1.3151146098
-0.802223656637
-0.501028253819
-0.681186725831
-1.41613999158
-2.49693482254
-3.46710500188
-3.77814597304
-3.00648938858
-1.03909010101
1.85570227189
5.10531146193
8.02473681918
10.0389554077
10.8423899957
10.4375579332
9.05651505398
7.02355196315
4.63742135508
2.12727120019
-0.31612316961
-2.4819691802
-4.11921928038
-4.99332654649
-5.00334346234
-4.29119310806
-3.26056055009
-2.45955200196
-2.35402911094
-3.08937191992
-4.36589059381
-5.51527250407
-5.77409977724
-4.64795841747
-2.19893657622
0.893349806501
3.55259945357
4.73297614312
3.87190154965
1.16230053458
-1.880198065625919
-4.601424629802196
-5.895249375733783
-5.268352420569244
-3.0313931256632003
-0.14396256085653647
2.212803155120909
3.1406714911293676
2.3811888384617816
0.37537302285903706
-1.9817606850033656
-3.7605301457158617
-4.387482247881252
-3.833779616023932
-2.536012956420194
-1.1170422907008657
-0.06452649583137315
0.46980433614913863
0.66395922355062
0.8416169468837325
1.2312131723988387
1.8111277088356417
2.3273239791585496
2.467989030727665
2.0890981095534045
1.35457629729
0.132565183574
-0.503602192672
-0.250012827766
0.805453659861
2.18104160434
3.20204695169
3.31331444621
2.35065646278
0.634527442455
-1.16481705801
-2.32895671684
-2.41586783291
-1.45298454082
0.0900041471202
1.52941050489
2.28190710418
2.11362585109
1.21150340088
0.0561761148029
-0.827593050237
-1.1137773501
-0.796375617343
-0.14456603675
0.466033836003
0.746094334325
0.608565878158
0.159381500273
-0.412331678857
-0.966543049589
-1.4841953498
-2.03913401532
-2.69521017678
-3.40132288481
-3.95999396442
-4.10132506548
-3.6290633051
-2.55694550446
-1.15079383322
0.161147869921
0.974825247102
1.10128650711
0.659362983989
0.0139461287801
-0.416073264965
-0.384040719554
0.0445789395071
0.520107785308
0.600730246268
0.0167746115945
-1.13008380158
-2.34641122743
-2.93529540232
-2.31895058487
-0.34812583753
2.5535928075
5.49340517929
7.43214622019
7.59571478348
5.79996543725
2.54791744896
-1.14504268345
-4.12677280054
-5.53091785769
-5.0776703225
-3.14050278625
-0.566462531303
1.66401108026
2.79562488561
2.53838785943
1.1113511298
-0.10469151278797995
-1.2319428620443347
-1.7613118667669312
-1.5249404277368797
-0.7186741812167412
0.21940178787987463
0.8177364904838953
0.7837750848435121
0.13929994920077604
-0.772893269061
-2.09983683188
-2.6471706315
-2.15774723165
-0.775665210955
0.958294099236
2.28054271045
2.49718049494
1.28655699175
-1.11695739052
-3.95351070418
-6.1967744544
-6.95564423736
-5.85805195378
-3.24551846021
-0.0743395064956
2.45718971537
3.4084275545
2.50462735384
0.260930596629
-2.25125276027
-3.90426373474
-4.05550793826
-2.86953429184
-1.24888607217
-0.381071087781
-1.09873865002
-3.35843385717
-6.11105964308
-7.66948548862
-6.44680211934
-1.74960366987
5.74230338941
14.0614249621
20.6132585269
23.1618490702
20.7310301752
14.0316355967
5.21967680645
-2.92365983929
-8.04984903059
-9.09760643299
-6.59627068737
-2.31399212901
1.56964464267
3.39100713071
2.63082721211
-0.00207824328217
-3.02373514452
-4.92121212196
-4.83704353353
-2.89229402666
-0.0357035078287
2.46926479257
3.65166922863
3.24647773722
1.74070377962
0.0649597726036
-0.892286284891
-0.70306808321
0.440039630821
1.8737864577
2.82419408841
2.78651348785
1.74367453452
0.135884904366
-1.3794613288
-2.24349642663
-2.23222522434
-1.51373520221
-0.522669105022
0.265843025648
0.545435571205
0.279415628524
-0.332666263816
-0.981828363791
-1.39404374801
-1.42557432457
-1.08282790171
-0.484009693324
0.197766955848
0.777470728126
1.0806708432
0.96213123221
0.340116768297
-0.752926882511
-2.12938076011
-3.45445318561
-4.32824229764
-4.42855535111
-3.65906388985
-2.22791107969
-0.601738173679
0.6651133754
1.16205439087
0.810175533554
-0.0886089564322
-0.977940682382
-1.30305520927
-0.783979935184
0.422715959797
1.75687841817
2.47818394319
1.98693008545
0.101464342878
nan
nan
nan
nan
nan
nan
nan
nan
nan
nan
nan
nan
nan
nan
nan
nan
nan
nan
nan
nan
nan
nan
nan
nan
nan
nan
nan
nan
nan
nan
nan
nan
nan
nan
nan
nan
nan
nan
nan
nan
nan
nan
nan
nan
nan
nan
nan
nan
nan
nan
nan
nan
nan
nan
nan
nan
nan
nan
nan
nan
nan
nan
nan
nan
nan
nan
nan
nan
nan
nan
nan
nan
nan
nan
nan
nan
nan
nan
nan
nan
nan
nan
nan
nan
nan
nan
nan
nan
nan
nan
nan
nan
nan
nan
nan
nan
nan
nan
nan
nan
nan
nan
nan
nan
nan
nan
nan
nan
nan
nan
nan
nan
nan
nan
nan
nan
nan
nan
nan
nan
nan
nan
nan
nan
nan
nan
