nan
nan
nan
nan
nan
1.66064910982
0.765189919927
0.257848934093
0.679457228766
1.993134466
3.54494877932
4.35668907144
3.61967083131
1.15506021806
-2.38919413553
-5.7212739752
-7.41187715657
-6.51369764812
-3.02011286796
2.05166449582
7.008997336
10.1306493914
10.3438999837
7.64496891546
3.08354614573
-1.67998451419
-5.05156418562
-6.12302019207
-4.97367433012
-2.53965187013
-0.130460056919
1.17450535394
0.973632913235
-0.356832586923
-1.93257411045
-2.84943373989
-2.64281468998
-1.4965535774
-0.111372559287
0.685242955025
0.379162641265
-0.968576745253
-2.77061418301
-4.24245198036
-4.83479817901
-4.53581954825
-3.87475715151
-3.61292362491
-4.27531216524
-5.77023911092
-7.31444009869
-7.73681632548
-6.04348815564
-1.98365501182
3.66630338612
9.2673554425
12.8946738119
13.0943865572
9.49267969476
2.98366689363
2.601286511545922
3.2211971139
-0.771052732226
-1.78441501198
-0.506485986272
1.64710419583
3.20943916121
3.29484093559
1.91330679798
-0.147549160042
-1.78463928053
-2.14667896155
-1.03634861322
1.02707136715
3.08831564614
4.22293030743
3.95749659132
2.45017109027
0.366642253997
-1.46415808875
-2.43316371472
-2.3896438171
-1.6381853869
-0.723265596372
-0.130690189926
-0.0622478785647
-0.386579436174
-0.769164478081
-0.892259203059
-0.638069536493
-0.140346269701
0.311280185456
0.448907279767
0.180956750608
-0.361055522021
-0.903237405262
-1.18520416037
-1.09982837567
-0.739401319405
-0.327299851148
-0.0801914036666
-0.0837875886342
-0.254568280749
-0.407885875142
-0.389757053548
-0.191668390488
0.0233815582285
0.00442251904647
-0.437893375835
-1.30034439604
-2.35347535375
-3.2325794687
-3.61159888306
-3.36934827501
-2.65671645969
-1.8230803348
-1.23480017612
-1.07869369658
-1.25585990079
-1.42776271481
-1.19829038589
-0.34272092026
1.03457713682
2.50094999842
3.46542316326
3.44419765877
2.29831411751
0.32995263517
-1.81150563178
-3.37483790434
-3.79671822251
-2.91189243
-1.00012508962
1.33821148369
3.41274404552
4.67741576142
4.87831938334
4.07521357663
2.55661254341
0.70767692951
-0.44264628205746703
-1.2788102095667853
-1.624496706738313
-1.4017009845585733
-0.6306201375410581
0.5600409174995775
1.9302425155206464
3.1597076594421196
3.9250654971198173
4.005758496348548
3.3755523597985047
2.2321398312771947
0.9405686017642125
-0.09331544002810688
-0.5670804295030223
-0.380033367754
-0.242220858342
0.198809555319
0.681760232226
1.03195770947
1.19765047864
1.2144728876
1.13295406164
0.962658266068
0.671575499557
0.239775446509
-0.273645634939
-0.706117366041
-0.843651732977
-0.535488443603
0.188974371035
1.07657679135
1.72613150303
1.76665067502
1.05793593225
-0.19333482291
-1.47889326926
-2.19551035401
-1.92639467248
-0.661046121319
1.16490950392
2.84614139
3.72809549225
3.52002684575
2.44280725912
1.12879146417
0.313275814836
0.465494472528
1.54445992912
3.00828251699
4.08001116047
4.14088621393
3.05176424422
1.23442745102
-0.53570421318
-1.52453992462
-1.41917341063
-0.4907533659
0.554236005473
0.967306190114
0.395608870957
-0.870323492386
-1.98534334605
-1.95269150338
-0.152960435094
3.2664079864
7.35125240166
10.6956939888
12.0422108485
10.8491923393
7.55400435236
3.39928534352
-0.102611680111
-1.81879903857
-1.45668957461
0.372789099654
2.50561544003
3.80667175138
3.69599861709
2.37000911225
0.62794676758
-0.587307934181
-0.687541174571
0.27829971819
1.69091388796
2.72459683198
2.80354518541
1.90444626013
0.54842068742
-0.504416127332
-0.684534999652
0.0713166754547
1.2920459068
2.24698727423
2.37124042384
1.60327774886
0.439654021611
-0.337012310554
-0.120355391994
1.11627149863
2.70666716188
3.55715439994
2.68090192428
-0.258428808162
-4.67548718671
-9.22410671936
-12.3408082053
-12.9288291351
-10.8617145306
-7.06251721586
-3.11236136936
-0.564976932056
-0.283189012983
-2.10143181741
-4.96158309471
-7.44482052042
-8.43884592596
-7.62488544607
-5.56544063807
-3.37103749013
-2.12426982976
-2.34635505137
-3.75792217453
-5.4342568145
-6.26396404597
-5.48235922743
-3.02923561624
0.422202629391
3.75697687573
5.87787557399
6.11964011335
4.44830530905
1.39254280227
-2.22098418301
-5.58319073843
-8.13088512448
-9.62065399757
-10.069848893
-9.64347704593
-8.56646835469
-7.09480295209
-5.52208506273
-4.16868633343
-3.31639377821
-3.10012191062
-3.41560030716
-3.9138657988
-4.11715204022
-3.62385321326
-2.31102976374
-0.428572002302
1.47676477142
2.78613256034
3.08193693274
2.3384465045
0.934618904052
-0.518864168496
-1.45336544341
-1.58220707634
-0.992529930006
-0.0546208228707
0.789952400586
1.24031105247
1.23592202528
0.902832316196
0.398115634225
-0.235597017253
-1.10200015262
-2.33975544562
-3.93542930099
-5.59030061488
-6.7559063298
-6.86261810378
-5.64531806129
-3.38903016405
-0.928763672103
0.651776727505
0.517817580156
-1.45410626458
-4.49955085989
-7.2126451667
-8.15164481943
-6.54577396077
-2.76101429026
1.73762624723
4.96930569262
5.34390830556
2.48944958451
-2.40341682104
-6.93099331572
-8.42383729693
-5.11157274032
3.0000105232
13.9448941149
24.4230370504
31.0033681257
31.414430113
25.3897405621
14.7241626398
2.5351251513
-6.456213605314602
-11.546234141432251
-12.237515467097623
-9.640476305475417
-5.758978732973603
-2.512240556266107
-0.9398931172238889
-0.9139693720422599
-1.42375672459
-2.75003737939
-2.59713610261
-1.01852038767
1.17722079966
2.87932950316
3.24959846786
2.12752032231
0.0797619145433
-1.90535116585
-2.90572495714
-2.48817524502
-0.869231762357
1.2403047995
3.00435435586
3.84756555439
3.6721562232
2.82026096281
1.83032401806
1.13346040973
0.850806006663
0.784874037262
0.588208357476
0.000773184923915
-0.980282731551
-2.08863283984
-2.93352015285
-3.21478442129
-2.88684887688
-2.18204807602
-1.4822637605
-1.10992938474
-1.15164211144
-1.40897575316
-1.50313393541
-1.07949889968
-0.00686342715042
1.53035322826
3.0936940625
4.175874495
4.4197106485
3.76738983663
2.47406301596
0.987017305482
-0.245690298862
-0.945510928014
-1.07916762645
-0.818254722398
-0.418298016882
-0.0870151758698
0.0923868168149
0.153562589824
0.173431894979
0.184539639252
0.128356165078
-0.122229486285
-0.683577644686
-1.56988398695
-2.64208504689
-3.62941860005
-4.21947346707
-4.17855009593
-3.44924705139
-2.18265141904
-0.691965832102
0.652028159667
1.54105253809
1.8201048281
1.52031812651
0.830458369093
0.0256209896634
-0.617863044009
-0.894913763944
-0.716107856287
-0.120521110934
0.738824305336
1.63052201124
2.29545837075
2.50614089439
2.12486189027
1.14649417038
0.4392399476913198
-0.4706948442376131
-1.2799633119236233
-1.7246491331978007
-1.6594453195883005
-1.0985315273846794
-0.20060059111023065
0.7982963531578946
1.6786905025922607
2.3204990533150323
2.7398213060842096
3.0633333772
2.72004746529
2.53819661915
2.48518362366
2.39320469892
2.0273936409
1.20470306847
-0.0851602605892
-1.6132632615
-2.94010621307
-3.54464596632
-3.01656540894
-1.24233880227
1.49198105533
4.53506650193
7.04724914401
8.2692572552
7.78971580366
5.70922223685
2.62997757792
-0.537381961128
-2.88684152499
-3.83587239153
-3.3277288321
-1.83586754927
-0.165589074182
0.870337916554
0.772600407966
-0.456818215734
-2.33519544722
-4.11630644607
-5.10978133327
-4.96555822625
-3.80346120164
-2.13740964496
-0.634849977322
0.176270835954
0.120729031607
-0.582234342016
-1.45854854558
-2.02580119963
-2.02473086297
-1.52562539375
-0.863959785937
-0.444909165015
-0.520636185271
-1.05590151381
-1.7509356445
-2.20893965257
-2.16003264396
-1.62238431318
-0.911290896635
-0.484122491864
-0.695208900238
-1.58603633738
-2.82503954438
-3.84079192547
-4.09553782226
-3.37032588118
-1.91743924675
-0.391171643554
0.429362468361
0.00943784206697
-1.64852176246
-3.93257673601
-5.82003884736
-6.27720343044
-4.6961971235
-1.18211581148
3.43692367105
7.8879528676
10.908940574
11.6978981516
10.1768815763
6.97370105734
3.14343091857
1.959552273073598
1.9314086713247605
3.22238656439
3.32178587051
3.79425827216
4.06997000432
3.85127190093
3.18940816361
2.39238116239
1.82985272991
1.7389197143
2.12115636259
2.76772886213
3.38436676026
3.74299170261
3.781258645
3.60440470562
3.39662410391
3.29473266467
3.29350895474
3.23334895341
2.87759101737
2.04107667109
0.705432770341
-0.937821782921
-2.54130295458
-3.73213593241
-4.26185481984
-4.10915663967
-3.48931462396
-2.76520656032
-2.29806022545
-2.30201696712
-2.76430507386
-3.46367407886
-4.07690173438
-4.32545218963
-4.09797019728
-3.49597583611
-2.78440080962
-2.27034411978
-2.16445335295
-2.48629917873
-3.05517451333
-3.56979014998
-3.74106801658
-3.41893294871
-2.65696040943
-1.68666739853
-0.81374625397
-0.283530828633
-0.176665476124
-0.381997095188
-0.658284544234
-0.755455916303
-0.538587870238
-0.0563982236471
0.478250040947
0.787227653686
0.659363013463
0.0538668408769
-0.874095039427
-1.83826950255
-2.5464099138
-2.82658459211
-2.69489588692
-2.33281868653
-1.98612047817
-1.83587166596
-1.90649336534
-2.05845273699
-2.07167520766
-1.77957978936
-1.18535656166
-0.496372287131
-0.0489736529694
-0.148598040204
-0.894693079787
-2.07486076897
-3.18908409697
-3.61136710366
-2.83508094134
-0.706465252415
2.4526939677
5.8940112936
8.65853532903
9.88893798518
9.12638348188
6.48251410908
2.62102752232
-1.44743325455
-4.68542451247
-6.35121948729
-6.21186132511
-4.57647890318
-2.14573373053
0.260787462717
1.99570974476
2.78716082916
2.78403750973
2.43432192894
2.25089965979
2.5612996226
3.34271713071
4.209661241
4.56125996256
3.83153525658
1.74351844287
0.991085784290064
-0.35335383368305884
-1.436757127780126
-1.43577580034
-2.50434560726
-1.94640053922
-0.214030079736
1.93098570544
3.69082963477
4.50086719145
4.19458526398
3.01047285024
1.45241934777
0.0717008734311
-0.736972303645
-0.848733899882
-0.400702533605
0.313778068396
0.988687840795
1.42106247052
1.55773590707
1.47074721081
1.29149076885
1.14462002596
1.11012782448
1.21696297961
1.45096023503
1.75642939086
2.02537083535
2.08963000227
1.74276598984
0.808627271983
-0.755510610937
-2.76621840733
-4.79156302301
-6.24136603146
-6.56381248868
-5.48349087048
-3.17760990815
-0.294027741934
2.22834818826
3.49000010623
2.98848138003
0.851285096334
-2.16893026332
-4.95455493394
-6.44557862518
-6.05516927249
-3.90473915947
-0.777923314383
2.18778459166
3.94080394501
3.90186932935
2.14124815075
-0.711572912221
-3.76448914055
-6.21883916567
-7.62523434446
-7.94204981252
-7.40352811158
-6.29676781027
-4.78192705296
-2.85267182014
-0.446683044323
2.37323330803
5.29002576448
7.75150881386
9.15183772279
9.0953620589
7.60774434215
5.17450991352
2.5678148217
0.52850340718
0.7151961284581176
1.7375235637165076
3.028259145345757
3.8554795845781484
3.6810256588689327
2.429905762224763
0.5447170419204781
-1.1976493042510015
-2.01678829982
-2.54616227374
-1.70835979621
0.0519714824656
2.09711097132
3.87783054449
5.12303408298
5.85530457892
6.24860015495
6.42928619002
6.34806681811
5.80470094991
4.61486575637
2.81984267058
0.80428918663
-0.772906324256
-1.23273861192
-0.208365516843
2.1082762877
4.94525844153
7.19648573932
7.84928268912
6.41436550588
3.16518981251
-0.92972035352
-4.56457086871
-6.59857689329
-6.49244917265
-4.4979254739
-1.52791807854
1.22733837486
2.76838308038
2.64327495273
1.05755490741
-1.28369955908
-3.50875594098
-4.93063799014
-5.27144653065
-4.68683102181
-3.61352832801
-2.53566782354
-1.78523202469
-1.45657279949
-1.44823377742
-1.58330170028
-1.73109603675
-1.86713280567
-2.05183333059
-2.355341437
-2.78165431828
-3.23939620776
-3.57583772897
-3.65404035944
-3.43008625116
-2.98873457687
-2.51843968372
-2.23701967171
-2.30169311897
-2.74199503228
-3.44146681951
-4.17239342671
-4.66813414163
-4.70725568333
-4.18397655705
-3.14663449313
-1.79506912684
-0.436283654203
0.594155662951
1.02853125126
0.755677423097
-0.128437779127
-1.33357597577
-2.45874384039
-3.12609367417
-3.11900908613
-2.467632709
-1.43930611127
-0.42862649211
0.212326611055
0.33027201376
0.0390284156446
-0.33926884079
-0.440449098742
-0.0573621985044
0.726430440133
1.54311183989
1.89900799846
1.42190977904
0.0838351288637
-1.71337211693
-3.24640078787
-3.74205810384
-2.70231640535
-0.140867124281
3.37845025147
6.92666977296
9.5449547494
10.5896358433
9.94230954081
8.00136370396
5.46941914134
3.04063975928
1.13138146047
0.35550702947591617
-0.14763348139763366
-0.7348344013719128
-1.6051756205541068
-2.6646626115131653
-3.5598526741998455
-3.8590729639962262
-3.286490096406837
-1.8891381932385087
-0.05104954981396759
1.6559644080931548
2.7158326915723734
2.8916758572701866
2.3246407985087245
1.4627209128002931
0.853669994947
0.194314948757
0.26885631497
0.813439071904
1.35403703247
1.43382484454
0.829600802267
-0.33994222076
-1.66133332762
-2.60682203564
-2.76845348195
-2.04385196307
-0.693485447384
0.756100319773
1.72443363204
1.81866777332
1.00635227391
-0.351949423049
-1.62697988062
-2.15773728366
-1.51229482261
0.327435625516
2.93040557947
5.54914192806
7.37568491298
7.82777930254
6.75815769499
4.50639226324
1.77163944867
-0.646151931782
-2.13663931597
-2.48768517789
-1.93124540736
-1.01215250236
-0.338778637904
-0.32341390982
-1.02265730596
-2.14229160554
-3.19691655485
-3.7455138468
-3.59196563967
-2.85942645858
-1.90991943968
-1.15553077546
-0.858619900589
-1.02051528278
-1.41039596753
-1.71276185649
-1.7106511018
-1.40441525918
-1.00186981209
-0.786536650566
-0.93901485752
-1.41503997592
-1.95544619255
-2.23111295831
-2.04766199535
-1.49326092402
-0.933980459835
-0.837962505676
-1.50461068735
-2.83786548225
-4.29644985099
-5.07574045057
-4.46048837919
-2.19206768076
1.3306408305
5.13294481763
8.01689494481
9.04143113918
7.91665591898
5.12780123511
1.7233039767
-0.1526757497389042
-0.7333696702504255
0.03243040401694941
1.5073645218823088
2.70263858947429
2.7735969798904847
1.4399767895440476
-0.8652548081369389
-3.1844855665216443
-4.467951548070758
-4.04430412538
-2.82284548117
-0.541768847385
1.79895294599
3.28436892944
3.44631481596
2.39426313305
0.678784347158
-1.01821874769
-2.19755396771
-2.70755358046
-2.69881995337
-2.42573717073
-2.03096157474
-1.44908017119
-0.488433665593
0.960472220097
2.72374608322
4.29093706049
4.97606658488
4.24015207077
2.02224696001
-1.10018064613
-4.03398997008
-5.55765645757
-4.82200235474
-1.74537246038
2.88258436293
7.65213498268
11.0472400306
12.0117904893
10.3335455187
6.69048303528
2.35075056408
-1.33623905556
-3.43895630554
-3.73193408584
-2.67485154281
-1.12253615515
0.0841764254875
0.461329076961
0.021472413288
-0.823683667811
-1.52411314757
-1.67910582681
-1.21913132718
-0.411658024379
0.293143217318
0.491640972641
0.0218660100233
-0.958369702718
-2.03481560318
-2.70461981631
-2.57335065135
-1.50276491553
0.341496862461
2.55067051055
4.61157054838
6.0702892393
6.66601139642
6.39505015029
5.48974486634
4.32330935844
3.27378373838
2.59295754225
2.32569859981
2.30989707327
2.25967419076
1.90247512606
1.1161972507
0.00739267842873
-1.10863034677
-1.82542157517
-1.81650033632
-0.987598725524
0.459763399075
2.08804286741
3.3875825839
3.97704091885
3.75307145662
2.92196781904
1.89779642041
1.11167318543
0.817125374059
0.977825848956
1.2859011306
1.29989494951
0.639406782386
-0.847799130799
-3.01290116087
-5.44892396055
-7.621845578
-9.03222464748
-9.34961485038
-8.48625959868
-6.60750544278
-4.09593594048
-1.48659824446
0.621629581942
1.68288668373
1.34677107448
-0.400524780979
-3.15049549703
-6.10404240395
-8.2551386681
-8.70054415061
-6.98063570111
-3.31499373945
1.38784751826
5.78929642036
8.57832199673
8.95987410584
6.97259088127
3.48923795178
-0.119641961159
-2.53229074039
-3.00739476952
-1.67349545359
0.551099289506
2.37465462723
2.70242055911
1.1102863595
-1.98487569828
-5.52718399406
-8.29752481627
-9.44433434498
-8.8321261106
-7.06022834725
-5.15793308418
-4.10722088257
-4.4141395792
-5.91608312954
-7.89554646681
-9.42974732805
-9.80599421681
-8.81715266721
-6.82011206752
-4.55389792415
-2.81697285086
-2.15042445887
-2.65157305423
-3.9714685315
-5.46967713711
-6.44753807744
-6.37265582433
-5.03366993171
-2.60131248778
0.402360303705
3.21636728951
5.02375683384
5.18443930532
3.47176211606
0.23622708539
-3.59090633898
-6.70926545377
-7.85379776019
-6.27306378607
-2.09480779732
3.60126568682
9.0871725304
12.5935193188
12.9961775145
10.2919816239
5.63386908376
0.873304092089
-2.22049886042
-2.73142722601
-1.00336607353
1.52604490541
3.01892138397
2.16023763112
-1.11532814992
-5.453920998
-8.59243382915
-8.35902171045
-3.73483028386
4.50704091746
13.9044118857
21.1527211093
23.3680139372
19.2455477283
9.62579423449
3.2872482051793526
-2.23408845299
-9.8018266944
-11.7482207398
-8.42764085313
-1.87074837764
5.12515015316
10.0896539663
11.7092763977
10.1005906618
6.49556140707
2.55441874775
-0.354352405487
-1.60617114978
-1.36875220535
-0.311092002407
0.823271644758
1.55295267621
1.76833384333
1.61756717125
1.28753253268
0.833112280815
0.155014209388
-0.875908751329
-2.24077647686
-3.66479341088
-4.66069114888
-4.71718566414
-3.54299544022
-1.24292694855
1.66624646539
4.41470053577
6.24529411679
6.67198403767
5.62688453128
3.44845337508
0.734499358047
-1.86559874718
-3.83530696298
-4.89612265385
-5.02269975289
-4.39319703679
-3.31196976974
-2.13100968429
-1.17804802573
-0.689346700864
-0.750661770898
-1.26380296243
-1.96362635883
-2.49922851998
-2.56419413264
-2.02870982043
-1.01198940372
0.14940505584
1.03637762696
1.33160247469
0.968143226914
0.16693712885
-0.662100061107
-1.11316825321
-0.979735051934
-0.354826507891
0.415052592755
0.900103832137
0.795277020593
0.0601673121454
-1.07899144862
-2.26101066221
-3.17857860734
-3.71684435632
-3.96315337429
-4.08359522319
-4.14166310925
-3.97442469552
-3.2170583142
-1.48699238805
1.35500487811
5.006269828
8.71102751505
11.4771747687
12.4475479812
11.2657636611
8.26464835938
4.37796414534
0.801061955583
-1.45691428908
-1.93537027161
-0.845595046658
1.08601861216
2.96681777786
4.10817872892
4.24974338474
3.5542329465
2.40916366186
1.16483901507
-0.0421767529477
-1.29134836336
-2.72282417237
-4.33292459534
-5.85724863629
-6.82789392532
-6.79021848122
-5.56837905828
-3.43110132262
-1.05231445834
0.735480103074
1.28760225514
0.428030490763
-0.3953032827514562
-1.5191693235235562
-2.163939269869573
-1.8554102553630116
-0.6098001872048116
1.121375200592297
2.70939184079
2.54204538883
1.64801513412
0.327158438655
-0.896711403401
-1.5556628989
-1.46918248907
-0.811317446478
0.0105756997021
0.58893247189
0.728812730304
0.525790345419
0.273048474374
0.257764374342
0.567380900869
1.01902289446
1.25499268421
0.953067307889
0.0340904305951
-1.25241206467
-2.41974820212
-2.97221958991
-2.65382906515
-1.58689417805
-0.224889882849
0.860347677402
1.25076610595
0.876226298712
0.0335529322714
-0.776225987829
-1.10628719244
-0.784804821612
0.0126414906605
0.870673398912
1.35990745426
1.26028006925
0.666770044283
-0.0724734013695
-0.546704958266
-0.497661036569
0.0533358567378
0.82771727511
1.44185881363
1.6025787657
1.24162621859
0.523618648044
-0.266160830844
-0.883108604202
-1.24064037725
-1.42121081383
-1.58334602816
-1.82791446091
-2.10933711071
-2.24914267473
-2.0469056201
-1.4233441964
-0.507368334226
0.392651473135
0.928228331186
0.890443975854
0.331651346898
-0.442774086361
-1.01659712857
-1.06954074141
-0.541456254212
0.334272006016
1.14867889448
1.52684775963
1.31983476612
0.677834822075
-0.0337682380737
-0.430040356598
-0.308696911155
0.249297502992
0.933202917907
1.37811085001
1.36365115224
0.924096668009
0.307584753896
1.1122570340335898
2.170969032398361
3.353090466124101
4.3066162822539695
4.651096315644125
4.217458434347776
3.202271718828058
2.1417671765
0.250831366525
-0.519792824874
-0.0777698490513
1.205404896
2.65432342451
3.59204001247
3.63725150731
2.85061560279
1.66151947002
0.619069930322
0.100445530318
0.129158385545
0.394951920936
0.458111317397
0.0216986161319
-0.881312602963
-1.89281940191
-2.52815938709
-2.46240959973
-1.74564023152
-0.820532543993
-0.317796310452
-0.724149383914
-2.09138886567
-3.94306025544
-5.44127815877
-5.74691841816
-4.40723310494
-1.58675189924
1.970014948
5.22824404877
7.27058893315
7.63762567367
6.45494581088
4.30841694228
1.94869231452
-0.0222116994587
-1.33837164847
-2.06700159995
-2.45454264498
-2.73328162174
-3.00396870077
-3.24855297226
-3.43926822588
-3.64832869878
-4.06290209091
-4.87275557804
-6.08629556197
-7.39168174793
-8.17399331784
-7.72439496749
-5.57004967547
-1.7722764762
2.96693422286
7.47262651889
10.4934730412
11.1664168223
9.34531864042
5.64398475948
1.17241823265
-1.6230932351865164
-3.2666613709471903
-3.606960269923377
-3.0420215503406354
-2.2163216649
-2.70822196775
-3.5872500602
-4.57601534233
-5.18935976853
-5.03545075709
-4.04838952296
-2.52996544638
-0.987390387039
0.134291100817
0.672175678699
0.796391631763
0.868816095733
1.19661025347
1.82787237972
2.51309020544
2.86068065002
2.60018184036
1.79724470785
0.881918086692
0.450476838426
0.930210554454
2.28558954623
3.94057299514
4.99060177189
4.62683996671
2.57223585812
-0.698160738409
-4.08991880414
-6.34325376525
-6.61079584582
-4.88401642233
-2.04882347728
0.480759763376
1.39875809228
0.122250912371
-2.90917572023
-6.40464906983
-8.79968819788
-8.9804407982
-6.8176300626
-3.25508944106
0.0975826186815
1.68660021424
0.718612956036
-2.47787571151
-6.60217182148
-9.97215947864
-11.2807787465
-10.1665540014
-7.33507633598
-4.17964985183
-2.0837925627
-1.73617614884
-2.78157161039
-3.9740579911
-3.76553269659
-1.06183787337
4.19787657137
10.9028018213
17.1399317026
20.9149595714
20.9194797097
17.0279658674
10.3328496645
2.72564356744
-3.78440884522
-7.73290100979
-8.59744607277
-6.81547225829
-3.47228216195
0.169796397679
3.09793939703
4.78516998994
5.19828995841
4.64049263182
3.54199149728
2.29815524052
1.19741267815
0.419736311999
0.055398106566
0.104743632903
0.458021088458
0.889414571642
1.10490031471
0.853173077785
0.0607343232657
-1.08193760178
-2.15003290871
-2.64609896081
-2.23769537233
-0.960161585521
0.729125207832
2.09975908729
2.45817124397
1.48742433818
-0.546274843128
-2.83666417073
-4.33636988773
-4.19459854709
-2.14051928872
1.36801618943
5.30990640287
8.51545385881
10.1460672347
10.0203612448
8.63831748606
6.89888608988
5.65432325945
5.3230315313
5.75070825271
6.38096215421
6.63483795699
6.28676427413
5.62256549806
5.27878069465
5.8366982724
7.38940939296
9.33598189055
10.5561319495
9.92432370498
6.92967467677
2.07989373787
-3.15958688312
-6.92817634814
-7.81614486008
-5.60412201159
-1.51328215773
2.21674291124
3.29416618445
0.478808445135
-5.69052615688
-12.9280699226
-18.0508363669
-18.3264265319
-12.7432719439
-2.62202841513
8.75100174715
17.3647130136
20.0982573996
16.0231625036
6.82032321487
-3.88636437584
-12.0078816157
-14.65150316
-11.2569311504
-3.73057019923
4.45740389653
9.79705303946
10.2081236379
5.82476529983
-1.21124794697
-7.80697130578
-11.3147676214
-10.6353766231
-6.56083871325
-1.25925939545
2.80385247718
3.97779192342
2.06532145791
-1.76329065049
-5.67563923956
-8.1137329532
-8.49376051042
-7.35091533823
-5.90519464689
-5.31177190919
-6.00073159198
-7.44377780037
-8.45313184514
-7.8427569589
-5.10269466769
-0.739113665105
3.89191224412
7.17308698935
7.94653802554
6.01866657213
2.21629206181
-1.533724661339292
-4.298050845967637
-5.274956262629743
-4.525168992937083
-2.802123125365611
-1.0839342683562307
-0.06325427493082714
0.14950872555061778
-0.017987690047178262
0.07060499829971434
0.8444920201551298
2.2543777742954347
3.787373163508178
4.7512679964846
4.6680208675072095
3.561890411461249
1.98685607114
-0.181526998766
-1.27261230997
-1.04242900783
0.163321423804
1.57324822566
2.35570283093
2.00608054668
0.571719688571
-1.38504940546
-3.05678213282
-3.75766644226
-3.21548532002
-1.66493601802
0.280091181761
1.89590869678
2.62724369231
2.2562472009
0.911739529898
-1.05167145327
-1.7015979379790735
-2.2272136509410245
-2.4301743303608134
-2.231865144149978
-1.6325119010430313
-0.6864992646070931
0.49277924115069993
1.7200302497771958
2.7538282400219742
3.3623399344622413
3.4238052538539705
3.012956741684789
2.417426836827474
2.05601149436
0.999885892107
0.768416541459
1.2711669379
2.15708343553
2.96000213559
3.29657610591
3.02411200847
2.28428888602
1.41470251332
0.775079116829
0.575487384611
0.789507727501
1.18929786959
1.47668595945
1.43780323966
1.04177368641
0.438326631416
-0.135319146275
-0.481851281116
-0.53633754536
-0.379829019118
-0.177026534871
-0.0820029723828
-0.168516303307
-0.420220132246
-0.775676073659
-1.18886816163
-1.65884571911
-2.20616571383
-2.81353973548
-3.37779268724
-3.719449114
-3.66271463817
-3.15077605346
-2.32852930222
-1.53017281021
-1.15483617511
-1.47752502218
-2.4894140277
-3.86097809991
-5.06742961832
-5.63201895086
-5.37209815874
-4.51607176855
-3.61195406507
-3.24974046035
-3.72144946608
-4.79097121909
-5.71022828048
-5.50881332745
-3.44996108614
0.548424802834
5.7332129642
10.6872549621
13.8099607821
13.9212902311
10.7375823841
5.01318897721
3.2328119051096564
2.19723459884
-1.43561988208
-2.47878362544
-1.36950401102
0.79903569192
2.78397676251
3.69934399589
3.31420276929
2.04018874501
0.648572619837
-0.130378643365
0.0622353534766
1.09066022974
2.43828249709
3.47944601262
3.76837386028
3.21291571695
2.06869232388
0.778945581356
-0.246578046501
-0.803173971544
-0.938823614478
-0.87085508381
-0.828389194785
-0.908332395831
-1.0192882835
-0.93978754739
-0.459282803665
0.470492114684
1.65234977672
2.6771888785
3.07045299719
2.49561035562
0.928666599334
-1.27745656785
-3.4806085772
-4.97111626083
-5.2510645701
-4.26137013866
-2.45475067391
-0.663682739503
0.208639358887
-0.431661454641
-2.56828665302
-5.48994943021
-7.98520358285
-8.77055993975
-7.00174373108
-2.66631162445
3.31494971134
9.34445429341
13.6849298792
15.0783468791
13.2032902816
8.78469643414
3.30914449598
-1.53798277731
-4.48179759547
-5.06676748452
-3.71091857691
-1.40984273074
0.753293517907
2.06050325336
2.37799167794
2.06962374067
1.68471777459
1.60367554645
1.83096780787
2.0339503813
1.78795372024
0.876529689332
-0.530778556307
-1.92926959817
-2.73462414188
-2.60189366661
-1.62683150336
-0.309509951529
0.709459535207
1.00064982693
0.590141381899
-0.0475189749922
-0.257011157409
0.407045978878
1.88206135142
3.56992797038
4.61826438751
4.37855695808
2.80026280449
0.535747407958
-1.32881702051
-1.80470583917
-0.531469369704
1.97580829765
4.51686021511
5.76847506145
4.95300681367
2.27393522512
-1.12198584231
-3.66687774959
-4.14051470044
-2.30790193663
0.906289528767
3.82081304047
4.80649698307
3.1156689838
-0.68111151972
-4.88740874199
-7.43720224061
-6.87015753062
-3.06228912998
2.64637797203
8.00351817636
10.8282094559
9.9711575808
5.80548471249
0.0251407997353
-5.14390118189
-7.94049293843
-7.80555005758
-5.52851008089
-2.76253303655
-1.16855506028
-1.61324443707
-3.79999988678
-6.48559229675
-8.14541489828
-7.74146560874
-5.21725288816
-1.49830002658
1.97007059724
3.89476327053
3.68172799882
1.61115592858
-1.40217699157
-4.29936277113
-6.34849830954
-7.36781279463
-7.6276345106
-7.5368488764
-7.3244317424
-6.90638332854
-6.00260730352
-4.41349224577
-2.27112772886
-0.0970841160148
1.38530665134
1.58975527096
0.370162809897
-1.8839713016
-4.41865390813
-6.4641387754
-7.5741628393
-7.77545664002
-7.45568784152
-7.06648080843
-6.82217752207
-6.57463286493
-5.93871972281
-4.59204459708
-2.56296326673
-0.318923318765
1.42201813799
2.06975872831
1.52052312367
0.276578497449
-0.771335654783
-0.809794047043
0.424998044517
2.43758544894
4.17247250678
4.55184832293
3.08528608207
0.219475441247
-2.79196271668
-4.4763324174
-3.91412075831
-1.29731609664
2.04703310292
4.23469983391
3.76057105809
0.342985517234
-4.76486643957
-9.20231208627
-10.5184233063
-7.32823782663
-0.0616223335681
9.07408086879
16.9383711192
20.7497552032
19.2487692407
13.2069042851
5.05626501385
-2.18023703598
-6.16169545859
-6.12993991294
-3.05557537859
0.988090341515
3.8823754281
4.43090275886
2.79410682071
0.232653107277
-1.65362443663
-1.77323424142
-0.0488994929393
2.64215574525
5.01364318826
6.0776957609
5.62869846927
4.26050313232
2.93760497118
2.38152227364
2.62479448021
2.98285036351
2.45817512152
0.350987107906
-0.8452971984296056
-2.632779958753673
-3.64097545321
-5.1658229117
-4.37226987798
-1.88671652764
0.94775287527
2.70728389419
2.55632447777
0.616117238535
-2.14411217021
-4.42500658808
-5.25063970727
-4.42437044263
-2.56629742347
-0.734610305811
0.152280002397
-0.218543314938
-1.44039221424
-2.66773509536
-3.12154672505
-2.53216856178
-1.27341380146
-0.116044670868
0.258539455981
-0.292202449344
-1.22090727889
-1.54049176277
-0.359502747559
2.57565207672
6.62768843455
10.4615843698
12.6144233045
12.174984268
9.23997665091
4.91492190173
0.846793015678
-1.49657703734
-1.46216040303
0.533546669811
3.24167964772
5.18573086975
5.33987077024
3.56338641619
0.60291910797
-2.31245225945
-4.06759136717
-4.15661898255
-2.85260916323
-0.998430756872
0.449558139827
0.885591060048
0.303604779917
-0.767910883103
-1.58333990766
-1.57108823258
-0.601790353384
0.982627367568
2.56561868873
3.55612164602
3.63451933088
2.83537798556
1.45592632009
-0.130011573977
-1.63690058868
-2.92760506316
-3.96030250708
-4.6850072053
-4.97858138952
-4.67535793485
-3.68253465985
-2.10749892407
-0.306156298516
1.20077242034
1.92310951237
1.62015602307
0.431957383931
-1.15220227391
-2.48518430418
-3.03078322313
-2.58763818456
-1.36646123331
0.111304546456
1.24174436203
1.58640082138
1.03071890484
0.7152305600563125
0.14213747259904608
-0.25021803850468416
-0.1753778531379453
0.42491520380897896
1.4063393653883765
2.514414656612928
3.488530708948417
4.134684885113984
4.35494926467176
4.14898581119138
3.610117482528679
2.92445442316
1.13249396807
-0.230645864557
-0.903727143351
-0.779024891949
0.0165807043658
1.12040663673
2.0384523932
2.33016175038
1.79935184626
0.599638565894
-0.808791829426
-1.84852303404
-2.08524721888
-1.44161655198
-0.259430072992
0.830022232378
1.17896131617
0.421053259125
-1.34054308474
-3.54339575042
-5.37458282041
-6.09002988153
-5.30905549405
-3.16323120861
-0.245787984703
2.60586512706
4.59677524877
5.21581745476
4.3512468561
2.26235104922
0.8805071322196056
-0.6559054835339424
-1.84272831832
-3.4000685327
-4.08788870563
-3.92485159037
-3.09884311809
-1.92980580609
-0.801597325549
-0.0612679254216
0.0923289551184
-0.313051885387
-1.02267706976
-1.65057779869
-1.84360472422
-1.44498591012
-0.577617609757
0.402186949428
1.0687889372
1.13567697154
0.60569602713
-0.217186608096
-0.86867014616
-0.953595568217
-0.351040038466
0.71081119379
1.7531647631
2.27403322323
1.99269211376
0.988173733706
-0.338667770146
-1.45996787419
-1.97225824567
-1.77555808449
-1.09049163415
-0.310561249729
0.225219076529
0.412404831872
0.414804456894
0.535539355689
1.00216347496
1.79378661725
2.61776189942
3.06040754348
2.83474334282
1.98486320396
0.919339123407
0.232596313603
0.390121760794
1.43795476935
2.9003290606
3.9438712919
3.75212654965
1.93871769788
-1.20679431474
-4.77660772176
-7.59894945365
-8.73488128344
-7.88726669984
-5.52690707513
-2.673430683
-0.434195540776
0.47882677317
0.0251627648909
-1.22029794111
-2.41582744291
-2.91011118298
-2.57411487523
-1.8413724137
-1.44197785857
-1.97356080294
-3.53677896011
-5.63053393681
-7.36942742876
-7.9199483933
-6.93647934047
-4.77209249819
-2.34631598777
-0.720186792379
-0.575395094574
-1.84730664231
-3.69502754102
-4.83716111158
-4.11275105325
-1.02205134166
3.99157477049
9.64460593147
14.2617480514
16.3867551461
15.3116352609
11.3225304093
5.58137212835
-0.293894947033
-4.7804181822
-6.92947958844
-6.61441515473
-4.48380079575
-1.66198496578
0.682060860292
1.74542040476
1.34785713877
-0.0428719000154
-1.51893190266
-2.10119453388
-1.14225198806
1.38101991983
4.80174471745
7.96766106727
9.6603046595
9.08119835868
6.212518634
1.88944385238
-2.47436194587
-5.42283093422
-6.04619809477
-4.36985051157
-1.35784639303
1.49532967557
2.82524209492
2.02319510473
-0.462932037274
-3.30943966964
-4.9192018839
-4.18339386422
-1.05015853844
3.3797829646
7.30097629097
9.01119669763
7.71751251794
3.96342218484
-0.53769663572
-3.60899271507
-3.55168472428
0.0973982874846
6.33328328555
13.0802808867
18.0402101156
19.6128655855
17.4875622992
12.666086418
6.94290114573
2.11037224269
-0.737627128338
-1.50478145422
-0.905003818195
0.0631113072998
0.683732584314
0.844837072529
0.975222512318
1.66917943716
3.22928845383
5.38784838245
7.3600099176
8.19898224824
7.26387707732
4.55585495788
0.752250945298
-3.07277689143
-5.89508605629
-7.13434763044
-6.81667184037
-5.45793188566
-3.76308948316
-2.31655854762
-1.41657747755
-1.10286906727
-1.30649648965
-1.9853569624
-3.13523014941
-4.66611491511
-6.24339186937
-7.24194137174
-6.91196193212
-4.72915394212
-0.769345522293
4.11033205579
8.43942743842
10.6439855292
9.70576280043
5.67051354381
-0.258817615641
-6.13238489713
-10.0188257366
-10.7958350862
-8.60515225499
-4.75488734229
-1.10706162488
0.767542602831
0.272411653639
-2.01138179729
-4.68702899066
-6.28023726325
-5.98404385874
-4.04241173968
-1.58908453248
-0.0325562115047
-0.30512755102
-2.36016724305
-5.17414341047
-7.25352825239
-7.39088458003
-5.28823151371
-1.73236616593
1.76799470131
3.70354779402
3.2858946666
0.812690993307
-2.49993538267
-5.12740780748
-5.98006251313
-4.9089395389
-2.72753207309
-0.749197367452
-0.083029237053
-1.04922104567
-3.01053377286
-4.7037459464
-4.90190328165
-3.07155660979
0.308898718875
3.93575156315
6.28796429464
6.36568068013
4.20335112018
0.90861800294
-1.79723603773
-2.32868626823
0.0641900037932
4.95566289313
10.9047705381
16.0311562701
18.7451724294
18.3211563003
15.0924484708
10.224782765
5.20421950461
1.27755136681
-0.928760663749
-1.49114961267
-0.994059502243
-0.187878764064
0.33508695707
0.322735280564
-0.135557376029
-0.745130188299
-1.19195842643
-1.2939792832
-1.06997639563
-0.721611455923
-0.553439758947
-0.864423169682
-1.83989086006
-3.46687003259
-5.49422461008
-7.45823938779
-8.7848306973
-8.9559771641
-7.69596375128
-5.10906683549
-1.7025958155
1.7346327595
4.36910462314
5.58987002996
5.19923940693
3.4470455862
0.896423867819
-1.81385884937
-4.19824476509
-6.040683618
-7.35669219407
-8.24352012761
-8.72174205038
-8.67474931666
-7.9334286627
-6.461986619
-4.52787877938
-2.72824457687
-1.80988937891
-2.33152828551
-4.31868584909
-7.09604096008
-9.42235249685
-9.91987685595
-7.6440572371
-2.55261038491
4.34612883295
11.2597928828
16.2102373592
17.7322107208
15.392162843
9.92104254823
2.91878898871
-3.73336577684
-8.504458036
-10.6426485227
-10.2633456672
-8.11712205025
-5.18959122335
-2.33137742473
-0.0637834717058
1.40851885294
2.05777871472
1.89702856667
0.946861910911
-0.683733624243
-2.68109572582
-4.49056609733
-5.43615314876
-4.97763400342
-2.99069163058
0.084195340393
3.33356588561
5.70036889063
6.42296944738
5.38463166932
3.19856473515
0.967685953427
-0.189844445403
0.357859163526
2.45672409746
5.21125319866
7.3598430756
7.81559491371
6.13152681296
2.68516205133
1.6598785793578656
1.1486424443
-1.12474915887
-1.60806781691
-0.6630445048
0.911697260413
2.28117549013
2.93230327089
2.83000173665
2.32222915566
1.87107951859
1.7658670522
1.96957650824
2.16933529237
1.98941720914
1.2402595895
0.0615629898086
-1.12255816558
-1.81599641583
-1.71906192661
-0.908390536359
0.173847582662
0.927401787395
0.902209894733
0.055430250437
-1.17667193903
-2.04103117891
-1.80184276267
-0.0989218897918
2.83494340638
6.20443601291
8.92819452955
10.0502613697
9.1145945952
6.34532856945
2.55832238754
-1.15655195019
-3.84796360322
-5.04050836606
-4.864181914
-3.93496017603
-3.05069581359
-2.83997530874
-3.51352652242
-4.81597550441
-6.18518856542
-7.03738689044
-7.04642955726
-6.29439453894
-5.2313317489
-4.46654431983
-4.48504577988
-5.41151491715
-6.92033976139
-8.32713772083
-8.82322209146
-7.76108465177
-4.88614165243
-0.438821687186
4.89513874614
10.1548637723
14.3319547507
16.5907269576
16.4369460738
13.8173365753
9.14846404419
3.27446027819
-2.65386704263
-7.38549962449
-9.84835220856
-9.45028064906
-6.31244785919
-1.33216413688
3.99528106494
7.98763638115
9.31193235856
7.46179886507
2.98090819545
-2.68820809956
-7.7102449954
-10.5456655369
-10.5526938001
-8.24497001993
-5.073750018
-2.80037595145
-2.7090956113
-4.99733089772
-8.62288272398
-11.7008908841
-12.3037419969
-9.32999876843
-3.06150558521
4.85068891875
11.9885491231
16.1158240698
16.0731710127
12.234963379
6.32968336312
0.702349339952
-2.65937282276
-2.91343928686
-0.631980433063
2.54842659548
4.71778986996
4.55776161303
1.89324503734
-1.2584606143766877
-4.331921167682651
-5.861359240476645
-5.19300562078439
-2.743742873350044
0.25143303344876244
2.362100479610689
2.648208123002405
1.086107925213227
-1.4522244988824724
-3.6363509118
-5.29590588465
-4.97369894261
-3.06545298809
-0.597618024739
1.27926918727
1.81630227787
0.963659419617
-0.683431941235
-2.23787911634
-2.98087775982
-2.69811600735
-1.73650036783
-0.772438216451
-0.425240785294
-0.918479028135
-1.95825800763
-2.88231438412
-2.99789337262
-1.93677376824
0.146310098934
2.6237741669
4.66383226702
5.58628124562
5.14012340524
3.58309855019
1.54108870174
-0.273891685261
-1.35191810873
-1.55452303427
-1.10601883967
-0.433293988624
0.0553977628678
0.146769970794
-0.117450281089
-0.505984133031
-0.740489587136
-0.639160598776
-0.19644446474
0.427699737754
0.991502647858
1.28156928395
1.19933615084
0.791866088237
0.222924576809
-0.296043864078
-0.584446431616
-0.552460060825
-0.225213144848
0.272660770684
0.764709864701
1.08718943668
1.15029062053
0.975194402257
0.691119621094
0.488532157855
0.541645035747
0.929103383481
1.5879771575
2.32689616981
2.90027479289
3.11635015876
2.93144149824
2.48355814939
2.04303165042
1.89660820431
2.21590154826
2.97285285264
3.94558227636
4.81514524999
5.3078248699
5.31256103464
4.91348816503
4.32004329929
3.73108988972
3.20690152874
2.62268664722
1.73737889976
0.350475360206
-1.53118883933
-3.60818863682
-5.34273258373
-6.14453271676
-5.61428739181
-3.73738020277
-0.937508716508
2.03976527738
4.36891813153
5.41397169044
4.92054651596
3.06540672434
0.363556838797
-2.51002023153
-4.904530316
-6.32264382305
-6.47771131338
-5.3021208198
-2.94349635276
0.233173054817
3.65411604342
6.59625715185
8.32860775051
8.32344573374
6.47005339759
3.19100554954
-0.622461772338
-3.87137479119
-5.62940947082
-5.49521493052
-3.7606273826
-1.30534255926
0.754405826095
1.52140788401
0.680459477044
-1.39312450044
-3.82850082231
-5.66740136181
-6.29561439208
-5.69796508199
-4.42235655275
-3.2787672876
-2.92594751022
-3.54966262124
-4.78687113112
-5.92554379663
-6.27284072434
-5.50374220656
-3.81756440287
-1.83155093787
-0.275454252186
0.350876536727
-0.0169637821181
-1.03462594008
-2.17759597634
-3.03587951089
-3.50955025178
-3.80120145622
-4.21897026848
-4.91287243044
-5.70711875017
-6.13866346929
-5.69486741654
-4.12495328906
-1.64748590988
1.07799011416
3.22336153499
4.17983951344
3.85819279484
2.73114787568
1.5773946281
1.04851855025
1.2881485391
1.82369481498
1.82067841374
0.597880034138
-1.85437991798
-4.64464568599
-6.2144885864
-4.99054983908
-0.187058413574
7.6188361175
16.4510777539
23.5267666622
26.2795807664
23.4022698507
15.4558427565
4.75661982675
-5.44617568921
-12.1819704634
-13.8638677889
-10.8297300256
-5.09980884231
0.534795488346
3.69584862768
3.36902656726
0.229650670126
-3.77004821403
-6.34422272478
-5.91791532826
-2.31545038273
3.19300470961
8.48277193244
11.5226780275
11.2539034381
8.01960366841
3.37406673475
-0.625000737198
-2.31810608379
-1.14491097243
2.14949501969
5.874410062
8.14654166247
7.70214312311
4.42093470081
-0.651285205102
-5.77516050077
-9.2702395574
-10.220442445
-8.83424216595
-6.31377267083
-4.29654123923
-4.11185613452
-6.16887537357
-9.73593038737
-13.2073370001
-14.7525068806
-13.0850371712
-8.03959433548
-0.720779425682
6.84119574918
12.3976450458
14.2790125844
11.9781701104
6.30289451349
3.4065937299607043
1.06526514847
-3.50089015411
-4.99841917233
-3.72724994095
-0.8202456914
2.27898750364
4.37725037223
4.91223916081
4.02998378356
2.3742647382
0.718746272459
-0.380821048943
-0.772222756511
-0.680274979473
-0.519122607914
-0.65690106905
-1.24697220221
-2.18733108711
-3.19754132569
-3.9498180593
-4.18152391155
-3.74785896598
-2.62086114268
-0.872501337084
1.32329075817
3.66777081885
5.72969810369
7.00193719906
7.04441003585
5.67872540925
3.14597011946
0.125284764863
-2.44384721697
-3.70135777121
-3.23964941915
-1.33581073076
1.09362698363
2.83758923353
2.91370424257
1.04541511584
-2.13715971366
-5.29672664174
-6.93559524914
-6.06793354983
-2.71782721004
1.99900915749
6.27688827009
8.35481269716
7.27388019694
3.32213621881
-2.04142741768
-6.76640025702
-9.05323410822
-8.09819912108
-4.42118974612
0.361067084778
4.21182777512
5.50413841873
3.64899402165
3.0102004934947217
1.3422033796427968
0.355288809984
-2.33071348752
-2.78413587476
-1.59463491087
0.116065043368
1.25349009684
1.22655914975
0.14042164631
-1.34775860519
-2.40773127864
-2.45332253513
-1.40570137124
0.298904693343
1.93277841409
2.80735914275
2.55505442077
1.24833736008
-0.671296850189
-2.59682732348
-3.98842898965
-4.5398511453
-4.23012806484
-3.26947732833
-1.98711093143
-0.716166351449
0.287370846872
0.881889125715
1.04266516605
0.843063848105
0.422116141406
-0.0590397471072
-0.466846926191
-0.737418578094
-0.891306890904
-1.0071523478
-1.15973816225
-1.35149252409
-1.47879724357
-1.36377035106
-0.849289927878
0.0845715902201
1.24774827132
2.26538067855
2.71059259324
2.2955731025
1.0303066851
-0.73935516891
-2.45133121664
-3.56317654427
-3.79646554062
-3.26561619218
-2.41516753337
-1.78320034398
-1.70239158957
-2.0939979199
-2.47558704143
-2.20122639984
-0.830485319243
1.55768022096
4.28245670026
6.28660704838
6.59707513947
4.82071915989
1.43546626401
-2.28816402783
-4.73929043383
-4.62154549997
-1.53282295766
3.79193784253
9.70011352395
14.2293929234
15.8592466457
14.0943232221
9.6379145234
4.08844119761
-0.706321768937
-3.36286691937
-3.45066260827
-1.56980077048
0.988535107692
2.83258831796
3.05374657844
1.56788741903
-0.903671912144
-3.17642091867
-4.10603560747
-3.04413066145
-0.0784225506071
4.01048040695
8.03201885925
10.786555544
11.4403773942
9.76136289093
6.16189221265
1.55821550109
-2.89840178391
-6.14026535299
-7.46979146595
-6.74334838545
-4.40447939955
-1.35257556983
1.32402512681
2.67848181526
2.19932380551
-0.0301265666548
-3.3657788149
-6.8231028534
-9.4074054944
-10.4348401938
-9.72897569005
-7.62906872539
-4.8231067532
-2.08689087716
-0.0394657794787
0.99632081836
0.998025387131
0.147170476458
0.7319508672894273
0.9818071597459408
1.1304741751377918
1.41398211447
-0.0863757467146
-0.962002328062
-1.08344897657
-0.521721521279
0.420012383526
1.28314806245
1.62805283507
1.2339371509
0.222536072841
-0.971595643111
-1.78999225889
-1.82029967571
-1.01775610089
0.239487465271
1.30380426305
1.55942333529
0.731087394286
-0.953409073549
-2.8357208205
-4.11065854055
-4.19176674966
-2.98509234384
-0.938534403808
1.15817596616
2.52681226819
2.73772935607
1.87218862645
0.441130178093
-0.886416489022
-1.60049952964
-1.55347252083
-0.957822926195
-0.200374540679
0.408101944864
0.799632606056
1.13784492841
1.64142893573
2.35517797979
3.01851007394
3.13200831494
2.21104229816
0.101572240709
-2.81942379798
-5.69430955466
-7.50044639903
-7.50517696686
-5.64694164772
-2.64429202784
0.249477752179
1.763808479
1.18364003519
-1.27777964846
-4.48273200084
-6.76555177664
-6.5686591683
-3.06363400562
3.48731995934
11.7624013837
19.7773494076
25.4870619123
27.3728598491
24.8307511496
18.2728873302
8.96235043376
-1.32575129303
-10.7054577803
-17.5559679708
-20.8215341934
-20.2068659797
-16.2418304919
-10.1859894742
-3.75809718882
1.27972588849
3.59035298543
2.640588195
3.628209108999158
2.9851103754142656
2.2857328244053576
2.91937897517
0.763890086203
0.598333314625
1.64619097589
2.84825367134
3.34047943132
2.7942548548
1.48276035713
0.0710526228801
-0.745117199552
-0.567710920716
0.557108661786
2.21807298667
3.86985522598
5.07542898717
5.63435928365
5.55453612241
4.92353615176
3.79136013101
2.15678229132
0.0685555088595
-2.23824192565
-4.29198946897
-5.50238569019
-5.4253337283
-4.04597357674
-1.90656096479
0.0378511147256
0.815105448532
-0.0872115250765
-2.40926197017
-5.1639501495
-7.06526722089
-7.16217428343
-5.36779806129
-2.59266667434
-0.367219331499
-0.0949066963542
-2.28507710336
-6.16077619198
-9.88220138425
-11.3348700684
-9.14157573199
-3.41706206835
4.1244889642
10.8076740529
14.1209087658
12.8205570374
7.49465531279
0.307742792951
-5.96752108191
-9.18340303228
-8.73417129789
-5.72470165938
-2.31872622971
-0.593709009746
-1.47049024469
-4.24872826226
-6.97970515004
-7.49238413522
-4.56169756709
1.36767453121
8.27442386164
13.4431405763
14.7198770042
11.53774938
5.21660729958
-1.61168995839
-6.18345462056
-6.83553940337
-3.72055769599
1.30990992639
5.57303566495
6.74885497268
3.84736493804
1.3577666525741705
-2.6367320279101136
-5.87559784801968
-6.66879383064
-8.01344776722
-6.82682667026
-4.19390758248
-1.16391894259
1.67030507478
4.20842231728
6.55450190854
8.6484427915
10.0880275525
10.2766558577
8.81631291809
5.89761558812
2.41768293722
-0.302259967767
-1.1005571968
0.425351725521
3.62747697143
7.00977705513
8.86323673769
8.0443015205
4.52080839618
-0.586209656992
-5.49137308299
-8.52955872473
-8.85779029108
-6.74380162946
-3.32422074293
0.0168505825364
2.3146362797
3.3957315136
3.78612847572
4.2401277896
5.17642731379
6.34987596894
6.94985434625
6.07473479353
3.3176163007
-0.871938220755
-5.27257979679
-8.40731632865
-9.24046353686
-7.69732546678
-4.72905560789
-1.87415064885
-0.527045392133
-1.27787053285
-3.65438055233
-6.39324823277
-8.09835937694
-7.94781583303
-6.0901226085
-3.53363776601
-1.59606423221
-1.20601736792
-2.42048183224
-4.40491200585
-5.87977519556
-5.79598850398
-3.88696266336
-0.814332324053
2.16111090773
3.80607690748
3.51297512714
1.56687738025
-1.04209985148
-3.1459813004
-3.97939032368
-3.51080225746
-2.36547021199
-1.4038422688
-1.20139077895
-1.72076746423
-2.35383282787
-2.30336048766
-1.08589020322
1.12970566348
3.54338671443
5.10301154404
5.04240900865
3.28984849812
0.524975705508
-2.15021878253
-3.75351905548
-3.88983006159
-2.89604108273
-1.59031878523
-0.768278227142
-0.72831430164
-1.09543461557
-1.05165240143
0.143947770687
2.6302524923
5.71716095243
8.11312382312
8.52546085111
6.34509649895
2.06248928063
-2.8224864074
-6.39082584756
-7.13899755316
-4.6712931932
0.0804033724658
5.2218603401
8.68546329416
9.08524718288
6.25542930794
1.24533306248
-0.2290754713536387
-0.46781676619347934
1.46177013682
1.36548069136
2.47917199218
3.64321484909
3.9942453838
3.30925813206
1.98759923338
0.729381883541
0.111554893755
0.290196466333
0.966555467582
1.60243486476
1.74161659859
1.25304492249
0.37192229075
-0.464300797719
-0.876578447229
-0.750117640228
-0.277111224329
0.173139474979
0.270278044678
-0.101651532279
-0.80268464121
-1.53966589274
-2.04133671851
-2.19916081101
-2.09667997344
-1.92247336696
-1.83188135465
-1.84898841146
-1.8691449929
-1.75479900096
-1.45633344907
-1.07308366214
-0.808155574957
-0.84041337947
-1.1944167533
-1.69699027574
-2.05987051302
-2.04924730266
-1.64268162011
-1.07124847041
-0.706312830488
-0.843543044048
-1.50698442354
-2.39792420857
-3.0388281867
-3.04897349512
-2.39972413848
-1.48941302294
-0.964314415968
-1.35319500484
-2.7026619835
-4.42754798354
-5.49878342609
-4.91876833025
-2.26817079803
1.95959312735
6.44217220858
9.54052614157
10.0288962615
7.6999116109
3.53526488823
-0.674427164799
-3.11173807741
-2.76098503611
0.112669255889
4.07507006077
7.1874143598
7.91445562836
5.84269802944
1.86063962583
-2.2878838102
-4.85990384389
-4.95983750614
-2.96121739377
-0.298244571408
1.266357319
0.531864658963
-1.772923728707653
-5.2473878345725495
-8.10320012921342
-8.79751331793608
-6.779861969399263
-2.75018948268567
1.6876468887296028
4.792812590338272
5.489849672404759
3.817425529347318
0.8240010120736514
-2.0071683950776986
-3.4923436152026994
-3.2676424807545317
-1.85231256898
-0.928761532392
-0.731270962391
-1.56868211883
-3.04036567294
-4.32750749907
-4.70300205321
-3.95916372676
-2.50921818779
-1.1106900163
-0.378144711952
-0.376727988938
-0.546628712073
-0.0230602878303
1.81213555203
4.85571169694
8.17065611544
10.3379690164
10.124175553
7.13361834849
2.10111121354
-3.35003845087
-7.39083976095
-8.78698400373
-7.4248002575
-4.30259846012
-0.994765049324
1.13743322135
1.58702206383
0.872311700848
0.161438681558
0.559599245755
2.44415873021
5.2067173466
7.54545292086
8.15783371168
6.46705529326
2.99060360357
-0.858155748912
-3.44785921348
-3.74295748972
-1.83005849147
1.12509544338
3.47925240144
3.96787203864
2.37163508202
-0.36196141851
-2.62021473707
-3.00357784397
-1.12917323455
2.06878596549
4.72467373092
4.94955871514
1.8243178659
-4.02024385573
-10.5469074945
-15.1437381625
-15.7729193687
-11.9056091262
-4.80603546103
2.96919983714
8.62665576199
10.2661734685
7.58536473005
1.87138461223
-0.6359238093319988
-1.8349316507817264
-0.501319101785
-0.732654534158
0.522678926465
1.90874372773
2.4326282786
1.86654314784
0.700126088226
-0.268381491103
-0.441485691324
0.249615265674
1.35349809613
2.20201905859
2.31088883682
1.64299152642
0.594924240293
-0.267140950479
-0.555030114752
-0.282653719419
0.160940103757
0.267670146082
-0.259343875046
-1.29846224136
-2.3507452485
-2.81203017717
-2.3243159885
-1.00598634658
0.575696617944
1.68461781142
1.8017814787
0.908146138309
-0.492997545104
-1.63251268492
-1.87814349638
-1.0698720974
0.392073648284
1.75561003192
2.31244494274
1.77140266699
0.411278806519
-1.06757940438
-1.91337800166
-1.71754971625
-0.624987938877
0.74948470382
1.65042253088
1.57853529807
0.543044899472
-0.961822823355
-2.2373715593
-2.76071378213
-2.4558060252
-1.70884720613
-1.12392764227
-1.15877198679
-1.84704687277
-2.76606787679
-3.27235171915
-2.87679068013
-1.54944714527
0.222456265453
1.66701543331
2.13330224937
1.45178693031
0.0472035780486
-1.27032789673
-1.73631877061
-1.05914344662
0.391041674321
1.74817206879
2.10150584894
1.00588245412
-1.21874635693
-3.57125774358
-4.81815342702
-4.09947501946
-1.39494953591
2.38759133345
5.75949011769
7.28028007188
6.17656532196
2.66380751594
1.4045713747646573
0.2913438288406667
0.554438324705643
2.72406406235
2.73693996522
3.55614890656
4.2774598293
4.33761535538
3.69361337449
2.70507481275
1.82662378494
1.3076254362
1.07198305565
0.830971366035
0.338772862662
-0.384062151171
-1.01208651999
-1.09949927298
-0.385236320989
0.967941771374
2.36257190551
3.02247969261
2.39818059766
0.503982942037
-2.01399735653
-4.14705190748
-5.01647258638
-4.34215086379
-2.63179954958
-0.965920991061
-0.46122025709
-1.67313418682
-4.24950619355
-7.03704807108
-8.61856025737
-8.0325481853
-5.31564290186
-1.57601321859
1.47268749282
2.31779274761
0.412431511666
-3.48364591872
-7.57911581585
-9.84023543591
-8.93720419893
-4.90105363004
0.831433795313
6.02437549584
8.63267957338
7.72169126869
3.89075870048
-0.996461776061
-4.65063492089
-5.37791028829
-2.81761054382
1.93155849263
6.83751457171
9.8547612676
9.80914543496
6.85115930342
2.29578394329
-0.44395318030029784
-1.4993640519063973
-0.3672824933862131
2.3543305121896196
5.3456433562686385
7.246847270543512
7.3057007444660655
5.693702407613031
3.3693775535419377
1.58669501852
0.0121782525326
0.191924494238
1.62323205163
3.34393211596
4.41139231095
4.32529572661
3.20434421198
1.65940842192
0.452425802863
0.121165067588
0.747611324844
1.96263832325
3.16025824293
3.80057007494
3.65271131785
2.87301081673
1.90034556162
1.23520867749
1.21291557572
1.87032856642
2.95225593549
4.03817020126
4.72255256934
4.77006498407
4.18842185711
3.20185471142
2.14703706832
1.33722148085
0.944670725385
0.939808059923
1.10484094504
1.11632479616
0.669899502931
-0.394618173784
-2.01374991551
-3.9014562192
-5.63927251606
-6.82852066455
-7.24701085686
-6.94253210715
-6.21530530063
-5.48752497238
-5.11166796155
-5.20439924801
-5.58893936872
-5.88243275456
-5.69487859818
-4.84620733637
-3.49051745258
-2.07492682326
-1.14030755863
-1.05433918431
-1.81039081419
-3.00252645425
-4.00397120191
-4.27234896227
-3.63285529203
-2.39060941078
-1.20119369363
-0.748924461394
-1.38587352523
-2.91597782028
-4.6465210465
-5.69979720677
-5.44344877236
-3.82776139404
-1.45209845394
0.690553263451
1.68175770232
1.13549664208
-0.584550629121
-2.51012033305
-3.52247305208
-2.90503975865
-0.724642495519
2.15676241754
4.46485094622
5.12263622625
3.80122667538
1.14193025269
-1.47320974462
-2.51532880826
-1.00584117496
2.99952583779
8.36465990865
13.2942120155
16.0423169582
15.6033965711
12.0928249758
6.66788890496
1.04248487939
-3.18155382184
-5.08162185916
-4.66113132659
-2.71187956987
-0.395000557184
1.25260536459
1.67783073206
0.916910286141
-0.546509201723
-2.06258435463
-3.09280067711
-3.3764525328
-2.95355831148
-2.08094073192
-1.10892507861
-0.372998028285
-0.118557025752
-0.44795874612
-1.27711687986
-2.31088513897
-3.07000943963
-3.00192349598
-1.67290672825
1.01529297526
4.68241261585
8.4940304764
11.3873650481
12.4389223248
11.232574055
8.06310798494
3.86609960371
-0.118847497895
-2.8206693751
-3.74449521779
-3.13594910888
-1.83172884337
-0.869711982364
-1.04101056364
-2.58681465244
-5.16447727588
-8.07049544276
-10.583491999
-12.2422503556
-12.926032121
-12.7267825331
-11.7269123839
-9.85170747311
-6.91838631177
-2.87752009625
1.89338986009
6.44996673489
9.44932230259
9.62894742682
6.41797685035
0.390717114808
-6.70189814676
-12.420423393
-14.5038924508
-11.7778088827
-4.70996960781
4.65443322248
13.3898110443
18.7545954946
19.1909633646
14.8493060752
7.43088080988
1.3338789012518077
-3.0434231531464775
-4.438012659296774
-2.93564068123
-1.6023694615
-0.0556647546418
0.553136685032
-0.0849774719505
-1.44315787583
-2.57803660391
-2.71017747672
-1.65695939385
0.0914364950275
1.66527465261
2.29948049933
1.74201286259
0.372883037695
-1.01839310793
-1.66728543634
-1.24331971026
-0.0160444592722
1.3066270988
1.97760931479
1.63277777904
0.510656740458
-0.649131408716
-0.9801912913
0.0531638530045
2.34814533026
5.16308059259
7.4282348652
8.21816463628
7.15927586018
4.58264701524
1.36006489746
-1.48578402382
-3.20425078553
-3.57710269856
-2.91265355521
-1.80592841406
-0.806899969004
-0.169406573118
0.205009758329
0.625343693393
1.37162832021
2.50004855683
3.79823503799
4.90523015277
5.51738277151
5.55674055448
5.20465687695
4.78331273152
4.55584417665
4.56268803703
4.59195223771
4.30633386429
3.45992568553
2.08429689936
0.534618216121
-0.641729801369
-0.957179595445
-0.232536118031
1.28593710254
3.00644009515
4.2367282831
4.47992507252
3.6408454722
2.04661937603
0.276540161513
-1.11185608527
-1.82639402985
-1.9397697478
-1.8068854192
-1.8534349197
-2.35006362504
-3.28708369597
-4.40689596383
-5.36637784978
-5.93394971394
-6.11034534219
-6.10556735324
-6.1839329501
-6.46306576524
-6.78258313935
-6.72771442597
-5.81612230306
-3.7701279911
-0.743875744034
2.61708211342
5.33879604175
6.46136335503
5.43227114998
2.38806477819
-1.80430302766
-5.7854362143
-8.15002282976
-7.94532091591
-5.03748674461
-0.203995002717
5.09271288505
9.17967939281
10.7337834151
9.23202934749
5.13253052087
-0.27856971432
-5.32044833443
-8.47763781984
-8.88876197672
-6.59392922465
-2.46134007257
2.16671094282
5.96522403453
8.06578523228
8.28314009623
7.06059587617
5.18293367298
3.39815778224
2.11807794192
1.32070875866
0.676981778165
-0.182805144757
-1.41063925247
-2.82775554554
-4.01489531963
-4.55517005279
-4.29545554158
-3.47764189791
-2.65508819656
-2.42201876887
-3.08766803459
-4.46751557801
-5.91580944295
-6.6063430546
-5.93883668994
-3.87288778072
-1.0129387895
1.61867290142
3.0301969788
2.7229458853
0.940955822135
-1.42516386349
-3.24780365439
-3.69591237865
-2.63391356419
-0.684728497061
1.08394385304
1.70402101666
0.81549922335
-1.11881292853
-3.01179326273
-3.68041838746
-2.45288011629
0.444781284025
3.92243160994
6.47892765318
6.86828391772
4.66488144433
0.458257729406
-4.41508989757
-8.47243294806
-10.7284533403
-11.0757508072
-10.2303738749
-9.28784615793
-9.12632972302
-9.96272786726
-11.2809008903
-12.154411414
-11.7812574033
-9.94086214676
-7.12947599959
-4.30473943673
-2.38145510877
-1.75638203973
-2.12634912901
-2.70557201095
-2.72675316082
-1.94463305313
-0.843061576053
-0.394627714507
-1.46466565788
-4.16363630328
-7.51677035066
-9.69115509176
-8.75031303954
-3.6240167733
5.16893678557
15.4380061314
24.0002454209
27.8899145295
25.5966479841
17.7793495367
7.10688884835
-2.74812077505
-8.55744945333
-8.81462521443
-4.29174234357
2.36449365326
7.81863463667
9.49515020072
6.6617105622
0.687988633516
-5.61108742428
-9.23902207639
-8.32625848788
-2.9215568006
5.05104288974
12.6154872246
16.9635363179
16.5417846499
11.5672023351
3.80451572042
-0.9478469426402967
-3.737486851642231
-3.36154154019
-3.1738561587
-1.05617878917
1.46777805949
3.15095014842
3.44724824999
2.55998095479
1.16817891814
0.0149488000984
-0.432648902634
-0.11710458408
0.694794096344
1.62306018695
2.37879973389
2.86251231421
3.13400507493
3.30455226603
3.43351614381
3.49185323703
3.40303127633
3.12207204923
2.69417083685
2.25313029642
1.9612726664
1.92936679909
2.16534179091
2.57980164693
3.03939848859
3.42996296966
3.68816997252
3.78490110241
3.67935646081
3.28678127843
2.49775082738
1.25414361704
-0.35510830633
-2.04054761825
-3.35300612162
-3.82651423924
-3.17408505993
-1.44825595776
0.918621829835
3.2312490855
4.77017200179
5.05632111584
4.02694557276
2.04455206917
-0.265037468196
-2.27173323241
-3.58043644858
-4.14608142052
-4.22174049333
-4.17741916252
-4.28667058155
-4.58824904184
-4.88717343007
-4.886619529
-4.37621988814
-3.37622023201
-2.16226061346
-1.15789289017
-0.748791212302
-1.11032337761
-2.13098592971
-3.46468063874
-4.68143502064
-5.44117395476
-5.60987001243
-5.27195571985
-4.64720299766
-3.96549487158
-3.36675974664
-2.87133154876
-2.42276185911
-1.96550466718
-1.50512659696
-1.1150212029
-0.889634441339
-0.877986572566
-1.04299604721
-1.2753069012
-1.45536418069
-1.52550946528
-1.5245801648
-1.55765386453
-1.71269373454
-1.97161163523
-2.17388915975
-2.06768092235
-1.43639624511
-0.242564011219
1.28859687258
2.7026322542
3.46936829725
3.1985078585
1.8221733249
-0.343289856297
-2.69290349311
-4.55129714234
-5.42145819498
-5.15685464316
-3.98512630322
-2.38031046127
-0.849290254635
0.266490674098
0.887387157967
1.15869676416
1.3164864597
1.53659478679
1.84751347262
2.14566550178
2.29140526251
2.21940158774
1.99240507625
1.76475563185
1.67957246948
1.76757765033
1.91889169912
1.95737196584
1.78198958848
1.48883189728
1.38336306554
1.84441867884
3.0864375483
4.93990916831
6.78758765895
7.73638536253
6.99144564676
4.28223852031
0.132374524305
-4.19521098056
-7.11381275258
-7.3544743722
-4.56892491286
0.390402263129
5.68463149574
9.16163583932
9.24008360321
5.63621523134
-0.39851696231
-6.47228414895
-9.95727129577
-9.05163434207
-3.55975420099
4.94820110593
13.6851087127
19.6949870825
20.9777123391
17.232284888
9.92059008037
1.64010821359
-4.917982198
-7.98458697965
-7.2902952771
-3.99695362978
-0.0602386702465
2.66253918445
3.15846212269
1.55309212839
-1.1283268847
-3.56804255005
-4.81416139888
-4.67807576056
-3.70960599076
-2.80496747262
-2.6774641819
-3.47185382433
-4.71233950706
-5.59304954389
-5.44283750782
-4.11187529207
-2.07518765968
-0.199957034282
0.700550090982
0.293376654467
-1.089738021
-2.60766247059
-3.32863459425
-2.70184391485
-0.844131669656
1.50275304305
3.32349530157
3.81452457447
2.76363754578
0.639591146595
-1.64636016733
-3.18236611237
-3.47947244998
-2.67047501056
-1.39608635323
-0.449217268274
-0.36648240777
-1.17488135366
-2.41402202552
-3.40791223798
-3.63216417125
-2.97848935624
-1.77975531786
-0.591413355049
0.14240609252
0.348034829359
0.358387602577
0.701157700528
1.75329775831
3.45588797815
5.25948287536
6.35182539784
6.06746059872
4.27219786676
1.51303351422
-1.16794032812
-2.68993808132
-2.45135807081
-0.655140688908
1.73271746835
3.39614106611
3.27877710188
1.11392167976
-2.37595095722
-5.71633736322
-7.26493822605
-5.89661031459
-1.49669562451
4.94557138443
11.6787020307
16.8183791144
19.0061948838
17.8430832859
13.9515214148
8.67851245099
3.5868487799
-0.0584946827033
-1.63225474665
-1.23492641957
0.456145614736
2.47718703982
3.89669762401
4.07341564722
2.80646255845
0.365321826528
-2.59462343824
-5.21616366432
-6.69465015197
-6.54736754616
-4.81532605955
-2.10909730774
0.554417943736
2.10127506796
1.82297250241
-0.299444103931
-3.52913563422
-6.63150092799
-8.38044252901
-8.10858586691
-6.04997687023
-3.29272474944
-1.32485246966
-1.34882156412
-3.66737992043
-7.43718224381
-10.938169537
-12.2759989777
-10.2264508503
-4.8455350548
2.44536232909
9.36505991468
13.6698042465
14.0603676398
10.7040145765
5.14235124769
-0.37264868115
-3.81965301435
-4.2133919462
-1.93167049629
1.55616879877
4.40929658138
5.24158682346
3.6828589446
0.445666771824
-3.09327514672
-5.56809129383
-6.22667681624
-5.19323503762
-3.30328606764
-1.63190339501
-0.969184339188
-1.49693695376
-2.7976113382
-4.1507137098
-4.9346958152
-4.91920320628
-4.3118902618
-3.5660726998
-3.08162729765
-2.97658427913
-3.05240948022
-2.95769262958
-2.44096138515
-1.53630249059
-0.569026768745
0.0241862668321
-0.0431307868418
-0.717585932027
-1.60422387019
-2.16427726162
-2.01029900324
-1.13710375488
0.0443997585618
0.900386390738
0.901349450212
-0.0860822165458
-1.70010418168
-3.23854031437
-3.99739967532
-3.62547414987
-2.31471132643
-0.726121992755
0.316969064184
0.219935925343
-1.09805977765
-3.16154842682
-5.15495495191
-6.28822491572
-6.13520311859
-4.79046740487
-2.78727599747
-0.838134052501
0.461364397057
0.823332571419
0.282607467431
-0.932828105777
-2.57044601263
-4.44775754521
-6.4203046413
-8.26142818121
-9.55909277863
-9.73694898346
-8.23947129186
-4.81994807973
0.208250579673
5.90563858077
10.9028060365
13.815652807
13.7266615249
10.5357106108
5.03060526553
-1.35639372493
-7.00907084676
-10.6235464873
-11.5579185268
-9.92964055805
-6.46770671574
-2.2193596964
1.75671742028
4.61229541561
5.81814298201
5.19230108046
2.9001951733
-0.54890127143
-4.33221535151
-7.42187695484
-8.80379383137
-7.77727164672
-4.23487931583
1.21047473505
7.34756018306
12.734176813
16.1869626563
17.1945306907
16.0681688468
13.7513702709
11.3650113901
9.69431368295
8.85947791394
8.32992109975
7.27686738802
5.08955853741
1.79183360213
-1.8633980241
-4.68922616707
-5.62098239787
-4.26578915366
-1.16680427276
2.36804822885
4.81446566971
5.1109543916
3.14889466111
-0.166117003819
-3.3222921137
-4.89637649889
-4.21263882399
-1.65623310104
1.50840106717
3.73076935805
3.90198495657
1.87691338626
-1.45150957585
-4.55751083845
-5.97608449592
-4.96353809965
-1.8251420253
2.23027074308
5.62941119746
7.11254258314
6.24364969885
3.53623357703
0.162153163941
-2.60081639635
-3.92092161939
-3.7211847782
-2.62898903996
-1.6188633685
-1.5310552692
-2.68530368942
-4.74557318011
-6.86716395596
-8.03566793672
-7.44176389566
-4.74735201409
-0.168594324933
5.61288435372
11.6406601394
16.8951120526
20.4736174743
21.7271039851
20.3636384479
16.523408492
10.8044410266
4.19967344878
-2.08402771876
-6.91119417654
-9.53584624851
-9.84037470376
-8.38861054172
-6.24491781001
-4.60248042438
-4.34848604341
-5.73119839918
-8.26294487057
-10.9035004712
-12.4570916665
-12.0307214901
-9.37810890846
-5.00128514994
0.0208396293786
4.40251974048
7.07516908352
7.51074934314
5.8393465828
2.7396555655
-0.3709533908282623
-3.0596933452012394
-4.747093565650218
-5.2922398716790156
-4.948779261967417
-4.19456348186749
-3.5102548499040864
-3.1901717228210202
-3.24866918973
-3.91490734766
-4.35715612875
-4.26250692307
-3.5213749714
-2.29477156175
-0.966059326985
0.00767283657822
0.286667433651
-0.198356044069
-1.20124911809
-2.25183433872
-2.85272744184
-2.69981022641
-1.82674610237
-0.601190732555
0.435599887935
0.820415229479
0.397161579233
-0.587971446623
-1.58003806157
-1.96508515836
-1.36600395295
0.155096484842
2.09137250121
3.69778189158
4.32461992122
3.72849182288
2.21488598423
0.53910352404
-0.398834888037
0.0647298293249
2.0655494047
5.13498546695
8.36804999923
10.7589842961
11.5599551218
10.5190298661
7.91744375343
4.41865442868
0.817025139474
-2.20114636683
-4.20205207224
-5.0342031994
-4.77998462402
-3.68633289594
-2.1121798384
-0.489720181817
0.732784731611
1.19358067873
0.752852977622
-0.399214759764
-1.74199911625
-2.58067605339
-2.33212067029
-0.829397217187
1.50843816232
3.76014004352
4.85099691806
4.04245432905
1.34401926391
-2.36810569486
-5.62752072724
-6.97027655542
-5.60030155087
-1.82094219319
2.99406610078
6.91935159818
8.28695410388
6.43527833848
2.05255804324
-3.06234446615
-6.73904603735
-7.35959175446
-4.55860929828
0.615257421174
6.15023371704
9.93038503651
10.6145401283
8.14412110232
3.66795726906
-1.05285143406
-4.45808633293
-5.82861664103
-5.46361861458
-4.34283237908
-3.4778786126
-3.30412247684
-3.43234868263
-2.8865810788
-0.699706041631
3.44887007011
8.89514927001
14.1452863113
17.4686690668
17.6523550464
14.5541338537
9.18529498628
3.280639142
-1.44022898886
-3.97139710967
-4.35677129124
-3.52432132739
-2.72484526373
-2.86856059355
-4.0900931012
-5.74551688895
-6.82129268595
-6.52814925951
-4.76585825476
-2.21799645696
-0.0287350644206
0.772857232389
-0.191263092056
-2.42292335428
-4.74860655887
-5.85176114499
-4.8822148542
-1.85550573394
2.33926168631
6.31630345007
8.77143652035
8.99683137042
7.11367987245
3.94764826924
0.637117790831
-1.82863624236
-2.9395029896
-2.7491513687
-1.72754314539
-0.493932611491
0.429669686055
0.750326427408
0.408711305416
-0.489599511696
-1.74512280106
-3.09982746887
-4.25094126143
-4.88775080334
-4.78138870277
-3.90698840782
-2.52711139444
-1.15558193221
-0.36970904349
-0.52688742161
-1.51948721988
-2.7176330308
-3.17975587741
-2.0796899979
0.829597885517
4.94944280907
8.93773024282
11.1900032003
10.5204004824
6.74161702956
0.85820645954
-5.25463456175
-9.5805500018
-10.7931671217
-8.81642688896
-4.85028754254
-0.837054170241
1.39721051907
0.936801701516
-1.85665540335
-5.56795020536
-8.42840727396
-9.15470281401
-7.52803753685
-4.44656423671
-1.44240516658
0.0868196848209
-0.450125611432
-2.58732260997
-5.08056282352
-6.55965604199
-6.21727184766
-4.18952451564
-1.44906231306
0.716726587772
1.36135340468
0.328393489276
-1.72854262465
-3.7471822103
-4.84983935803
-4.80270507732
-4.09419530824
-3.59680421144
-4.00772008947
-5.38914823845
-7.07992491123
-8.04835436152
-7.50759466436
-5.45336641065
-2.80151612051
-1.00006622757
-1.27103557968
-3.85639511093
-7.67951598327
-10.6564287612
-10.5774503418
-6.18116375463
2.08820520334
12.0364387383
20.4704599289
24.4555406633
22.5370792157
15.3787007516
5.5178838592
-3.66583723237
-9.31950018641
-10.2211111861
-7.14423457272
-2.34935114171
1.53381961751
2.70176125391
0.904753757137
-2.59958917949
-5.79881298688
-6.98724177348
-5.61068934503
-2.49427596852
0.633201323457
2.05975262475
0.986874197589
-2.04362997663
-5.40017316433
-7.16232349365
-6.0781276195
-2.21096068159
3.03863615949
7.55044297517
9.45307100101
7.99287828717
3.90318627804
-0.892280765684
-4.10384658215
-4.05787233053
-0.407446295611
5.72335156873
12.200552501
16.7275519643
17.7123040436
14.8076635334
8.94114701722
1.87355761605
-0.9801059463904664
-1.73509201226
-3.4950664769
-3.01103521797
-1.24229710835
0.701985272851
1.95980827022
2.14482519197
1.36844779595
0.0967071962177
-1.0752368409
-1.64655491642
-1.37140757205
-0.325595674917
1.12769421008
2.46091646392
3.16290924303
2.92630449239
1.77724854519
0.0895319182377
-1.54034334563
-2.52462414665
-2.53489972498
-1.66038224569
-0.389287075222
0.597311086353
0.739214724085
-0.123816207843
-1.64747503623
-3.11862440689
-3.7818864644
-3.20690197026
-1.51365527506
0.667626513667
2.49776855089
3.3515192539
3.14937587088
2.41809082963
2.02845497623
2.72442355887
4.67628432093
7.2972328803
9.44569710721
9.94638043057
8.19330144758
4.53610258825
0.235335025858
-3.02976728702
-3.89840105505
-1.97484527175
1.92701251371
6.07712019191
8.54800993025
8.04293122371
4.45887627572
-1.07243384508
-6.68237904173
-10.5699455286
-11.7422814323
-10.3588212209
-7.54165711077
-4.77095642884
-3.17608647852
-3.06822762317
-3.92458360839
-4.79880605647
-4.91695745883
-4.1317511781
-2.99220422514
-2.39602604714
-3.01847617812
-4.83600584984
-7.01969274012
-8.28253164417
-7.5231135993
-4.4411073543
0.203568379854
4.84891497598
7.81005826002
8.06411247978
5.75701861744
2.17033608245
-0.857669161385
-1.79511564555
-0.156142876
3.24109454726
6.63185826779
8.11875730597
6.5633843157
2.13661653237
-2.434567821867475
-6.386971618836185
-7.94019699380101
-6.36472843076001
-2.261077370044191
2.7675431580306338
6.878492189970316
8.820693629320445
8.44688738203547
6.68558873221
3.83096273288
2.34705032148
2.71369503548
4.43594642851
6.35800746583
7.2878098608
6.61077127097
4.59000317961
2.21584065002
0.693893410295
0.835278669093
2.65209661295
5.3512568722
7.71949242544
8.70262081811
7.8946710782
5.70585273944
3.1410172947
1.309063753
0.90646584234
1.91874071343
3.66792934088
5.16363585796
5.574677055
4.59353045459
2.53217552727
0.12655067478
-1.83378017685
-2.86116015935
-2.94468423768
-2.48004474798
-2.01409196071
-1.94803776109
-2.34965428831
-2.95673552472
-3.35136322513
-3.20104303343
-2.43853235235
-1.29428501447
-0.177097875397
0.524791846042
0.616600230414
0.161493130943
-0.582899410398
-1.30891644075
-1.8015735416
-2.00795778625
-2.00941492579
-1.92817482307
-1.83267472605
-1.69937911161
-1.4496980726
-1.03282247289
-0.496783471904
0.00315928319399
0.271929162693
0.184109607477
-0.227157570867
-0.758247753232
-1.11724785776
-1.0656819948
-0.548947590762
0.255585741138
1.00612125616
1.35522222483
1.12676527181
0.423643321835
-0.392539804824
-0.849473982198
-0.577952614564
0.504828023112
2.12894789956
3.75847309169
4.79902253349
4.8390803601
3.82130017304
2.0692639346
0.157207705806
-1.32230511883
-1.99428728126
-1.84131324413
-1.18947964031
-0.547940584259
-0.37168533906
-0.849745025384
-1.8107270385
-2.78892832365
-3.22722241894
-2.73466519363
-1.29097128897
0.692447435016
2.49041731387
3.32525053443
2.67571346201
0.513514520455
-2.6311366897
-5.81189941113
-7.97490867571
-8.32609295327
-6.62293863465
-3.28060642618
0.750550854962
4.2941532128
6.33209857298
6.32555146131
4.36055269526
1.07496656621
-2.59343337593
-5.73403990101
-7.74199072957
-8.45425667944
-8.11324828013
-7.19741854488
-6.20403632057
-5.47452618889
-5.11997426598
-5.05265444318
-5.08426357009
-5.03240142788
-4.78832593608
-4.33023165876
-3.69789510734
-2.95966205864
-2.19586181662
-1.50158827637
-0.99196633923
-0.788188081521
-0.976200492551
-1.55308751522
-2.39309700907
-3.26292748184
-3.89263791307
-4.07608790543
-3.75227499814
-3.02184590156
-2.08350337813
-1.11883180659
-0.187285626167
0.805080663565
2.03436409113
3.61259076791
5.44268168527
7.16320862771
8.23603401178
8.15973240315
6.72051658728
4.15826617095
1.15058343668
-1.404014396
-2.72634295644
-2.4755138724
-0.899780985366
1.25859677854
3.07170993048
3.81440702012
3.25886976451
1.74245761564
-0.0188849739834
-1.2796996275
-1.60854956264
-1.06322195511
-0.119263536148
0.604178970313
0.677711839318
0.0835919783707
-0.785735589537
-1.34943731131
-1.16446974357
-0.186521559601
1.17102580933
2.21424717896
2.29606522093
1.13185359201
-1.05245287287
-3.61040171791
-5.75434529615
-6.88286910065
-6.79722233844
-5.71203840592
-4.07699383196
-2.32437850969
-0.690016895136
0.795694054001
2.15565526985
3.26379918171
3.74313468556
3.06549796651
0.838828308285
-2.85378127889
-7.25829057205
-11.0495674733
-12.746806681
-11.3029665953
-6.617274576
0.276823984511
7.47170557252
12.8234375561
14.7228162692
12.6831343594
7.49702097777
0.896441060234
-5.13668902949
-9.11399095301
-10.52780085
-9.89453408445
-8.36914766751
-7.13324878019
-6.84717894582
-7.40810448266
-8.10001095334
-8.03482401005
-6.65478055926
-4.05161697229
-0.958462626376
1.56812719778
2.61515572436
1.80900388541
-0.533412014705
-3.54858726745
-6.18006724106
-7.57224097615
-7.33674957893
-5.602168425
-2.86645307889
0.244566758919
3.18787722265
5.60121856869
7.28265748383
8.11139557026
7.98979880995
6.8562710323
4.76027021124
1.94132328917
-1.1571246247
-3.9747299694
-5.99978385806
-6.94204625343
-6.8303694868
-5.98595555977
-4.88228621188
-3.95728218009
-3.46303838878
-3.41390963382
-3.63954176563
-3.8962173002
-3.96674618484
-3.69754180607
-2.96902092917
-1.64289475346
0.451904887977
3.45631970854
7.35575494433
11.8583280097
16.3612852474
20.0596385167
22.1830167688
22.2746006957
20.3888321046
17.1061365297
13.337981261
9.99093757603
7.6282186886
6.27575888318
5.46011768665
4.46323557941
2.681472751
-0.0707623551602
-3.44685823696
-6.6910703474
-8.94012975003
-9.56756649659
-8.42171977379
-5.86286500329
-2.598942487
0.592425886262
3.12612529861
4.74747561256
5.506976403
5.6142222527
5.26608774211
4.54457622934
3.43095444548
1.91275960539
0.106372431372
-1.69193840903
-3.07454363787
-3.69114114488
-3.43741570475
-2.56154447558
-1.61661335021
-1.2570295752
-1.95454804806
-3.75731005242
-6.20857423244
-8.48017062777
-9.68387780238
-9.24142868703
-7.15792171616
-4.07266241361
-1.04723037175
0.840387664828
0.939268191033
-0.677389871028
-3.19796371511
-5.36891847387
-6.00199260546
-4.49553639859
-1.15129266756
2.8650303697
5.93525080183
6.63416569126
4.36105436543
-0.307003081588
-5.71235657966
-9.66594970538
-10.2642570157
-6.66567617762
0.488445130977
9.20059850549
16.7750281501
20.7755702829
19.9210904993
14.5670919977
6.5767505037
-1.37577684085
-6.79946413066
-8.28735811309
-5.97266373453
-1.3717498213
3.30258882495
6.06071953655
5.90607971262
3.14959414113
-0.834194228159
-4.27305398654
-5.77790153905
-4.90018184306
-2.24394135427
0.882621724364
3.09000757648
3.5115216607
2.12534036078
1.7637690555051506
1.44382118227
0.015666496745
-0.0543820147277
0.954084689256
2.3179635641
3.26527354168
3.34681562271
2.61154280028
1.52234223491
0.67972740029
0.5076010043
1.05912455412
2.02661789606
2.93027210108
3.3734853664
3.2296785861
2.67298069791
2.05334966297
1.69698619412
1.74425804388
2.10701300736
2.55557767544
2.87393099446
2.98825246244
2.99523473269
3.07791877345
3.36278881947
3.80566417515
4.17752769455
4.16482596575
3.53380483493
2.270992545
0.622375220731
-0.993780764893
-2.15963115748
-2.63114977122
-2.42826986434
-1.80217340274
-1.10339877922
-0.622671680511
-0.484694423565
-0.640907887625
-0.950829370428
-1.2946123369
-1.64729101814
-2.07302206541
-2.64830005974
-3.36697367675
-4.09168595294
-4.58941557818
-4.63862943354
-4.15108885234
-3.23854937233
-2.18171797244
-1.31154432794
-0.86204603093
-0.871578193126
-1.18495306699
-1.5547053119
-1.78552515825
-1.84163233701
-1.8567695906
-2.04043346728
-2.53266187831
-3.29057037177
-4.07494848017
-4.55159344362
-4.45830127989
-3.7495214624
-2.63880193958
-1.51122352882
-0.746808358277
-0.54437767188
-0.83677954365
-1.34112222425
-1.71640100989
-1.74387586
-1.43374842628
-1.00192092645
-0.73146584721
-0.796535859592
-1.14726899425
-1.52106817228
-1.5762664074
-1.07655920112
-0.0260761758014
1.31830576967
2.56327474059
3.35902351615
3.54354775298
3.17428972624
2.43700157786
1.49527878686
0.381274613128
-0.99515879153
-2.71487281739
-4.67389807376
-6.48506445398
-7.55016573914
-7.30620014237
-5.54223674819
-2.61939120396
0.552158705209
2.81856099362
3.26510144916
1.66248836362
-1.34872309499
-4.45780310891
-6.21357030573
-5.66350042315
-2.80948029197
1.34650685181
5.21215201597
7.30072227913
6.89907715579
4.39352214714
1.09035021619
-1.39659514701
-1.9101972822
-0.304997003698
2.47697238909
4.85563616747
5.38266898422
3.46839099021
-0.284764300226
-4.31191034253
-6.78306199691
-6.44881609936
-3.23949524402
1.66683150595
6.34685561355
8.97943635303
8.65187606254
5.75804446403
1.80979701733
-1.24813757771
-1.90600218225
0.25060109496
4.37552205041
8.75038645638
11.5370400518
11.5518580171
8.72661594499
4.07625302744
-0.780195073055
-4.30880227869
-5.65143372227
-4.87896183246
-2.83655176282
-0.693465341826
0.576187331262
0.554187295447
-0.547674615217
-2.08534833163
-3.32169096077
-3.73727044858
-3.18701654601
-1.87067889289
-0.175885700784
1.50291416491
2.88191687226
3.81076202073
4.22973468799
4.12028073794
3.49504936323
2.43216761647
1.11747484155
-0.155224441612
-1.05347133816
-1.32789684277
-0.929642288168
-0.0571401542179
0.905495819085
1.5431333169
1.59224251889
1.06687971618
0.265626938364
-0.349171812719
-0.349505981854
0.468877405163
1.98740825209
3.79676772504
5.34395906206
6.13193360498
5.89306033543
4.67512210185
2.81764430593
0.837578911558
-0.730069504121
-1.48567131069
-1.27274087328
-0.218306174762
1.29957532732
2.75028788051
3.59701879742
3.45978526463
2.25088790924
0.233692982179
-2.03150770868
-3.85683519395
-4.66697688443
-4.22596206628
-2.75567042971
-0.882279151846
0.586709221087
0.976552853968
0.0227187535187
-2.0116643088
-4.43913712305
-6.4362284073
-7.39391747065
-7.17275659562
-6.14343320356
-4.99075372404
-4.37119682922
-4.58731786718
-5.43870930938
-6.32725827201
-6.57110141593
-5.77608861887
-4.07858814764
-2.1292113423
-0.809647489348
-0.806638614304
-2.24400191427
-4.55607378332
-6.67925362018
-7.49096310656
-6.30647603842
-3.21058749779
0.929853257384
4.78594840671
7.0852190306
7.10766348511
4.95120619409
1.46274451902
-2.12245098384
-4.66873667521
-5.54780832827
-4.80790617021
-3.06044977006
-1.16314892664
0.144908149532
0.500509530287
-0.0217817630172
-1.03341060782
-2.05306989565
-2.71116664845
-2.85431026287
-2.53097625787
-1.90025199739
-1.13271966685
-0.357622784612
0.331444041554
0.841082697064
1.05762271552
0.870238858504
0.230641861458
-0.788903061704
-1.98383517552
-3.07292912707
-3.80237938974
-4.04681708748
-3.85104841693
-3.38448980301
-2.82733551399
-2.24776600534
-1.53974078391
-0.463399507583
1.22248468073
3.59726449114
6.46740046191
9.370682389
11.705641082
12.935949033
12.7824139467
11.3195783912
8.93765959536
6.19169520221
3.60820805517
1.53260304786
0.0735908778792
-0.3541001764690037
-0.4108801080104598
-0.24225901045640796
0.07317235993706106
0.5054684186673484
1.0172803798544123
1.5181893556062533
1.86711878371689
1.9275032800247942
1.644406660613015
1.0958063406357326
0.48183755813766993
0.04952967449732171
-0.0126171131119861
0.343036421966886
1.007169652184814
1.772700119704794
2.4387461158299857
2.905368041164323
3.21067684626793
3.49345802306
3.10765771484
2.92414676502
2.89858512879
2.89676600363
2.77405184506
2.45932119203
1.99511217462
1.51142622452
1.14915176306
0.978242577837
0.958774852747
0.967815533229
0.875939624808
0.626925748416
0.270860239496
-0.0723734474524
-0.299973246361
-0.41086447626
-0.531721980156
-0.8583607651
-1.53590373652
-2.54206966917
-3.64543121533
-4.47670543605
-4.69115187109
-4.14539366793
-2.99392122399
-1.64313272262
-0.571188172687
-0.0953706776272
-0.205388174966
-0.557731564547
-0.649707674116
-0.0980067272341
1.11619380411
2.56966791852
3.5467407361
3.36340716209
1.7181864559
-1.10578563601
-4.30368968013
-6.87037641106
-8.04418676495
-7.66573052493
-6.26997815918
-4.8470601556
-4.36383072623
-5.26065020885
-7.16477659288
-8.97504446776
-9.30758135441
-7.12330640496
-2.26375261647
4.35120073421
10.9704250248
15.618670386
16.82099154
14.1483630227
8.36341121269
1.11465274438
-0.3627510944578063
0.113267794889
-1.83651721672
-1.52072089335
0.074539485992
1.79862178623
2.81740000775
2.87702980883
2.27048680976
1.56788906059
1.27006451246
1.5595609818
2.25520345065
2.9649420479
3.33396324302
3.2468515062
2.87794232445
2.57027475571
2.61478471211
3.05194264234
3.60467882645
3.7833126508
3.11575769304
1.39286406018
-1.19052766296
-4.07029103928
-6.51379610494
-7.90136960634
-7.96728938444
-6.89819955348
-5.25007323054
-3.72263812017
-2.88815642318
-2.98593997809
-3.86143898468
-5.06565766519
-6.06492049426
-6.46940100914
-6.18623148363
-5.4377511588
-4.64162203289
-4.204517535
-4.31449092623
-4.81777496115
-5.23456314577
-4.91692837748
-3.29841187136
-0.147433444339
4.2710970736
9.19563697871
13.5462344283
16.2350016253
16.5111354193
14.2223744013
9.89588270601
4.599949141
-0.375368490506
-3.91335285919
-5.40514865353
-4.90662038988
-3.06486399769
-0.847366388473
0.819884825656
1.36777450132
0.738952184872
-0.663333098337
-2.19396418676
-3.24963328102
-3.49710493378
-2.95990881108
-1.94587780384
-0.868562932693
-0.0563196487981
0.362914302887
0.459538713923
0.403384477722
0.334860527757
0.281523654805
0.163681683906
-0.121096520727
-0.591166270391
-1.12241390417
-1.48282267694
-1.45145877739
-0.961508535925
-0.184907830381
0.502225803848
0.676976578119
0.0879895671014
-1.16763023948
-2.60440392097
-3.4862769207
-3.1032271594
-1.07958442705
2.41720133265
6.66532790897
10.5947411762
13.1404505095
13.6102757078
11.9260590425
8.64710191111
4.77064924068
1.39007763411
-0.658180819961
-1.0317965232
0.070208373086
2.04659245832
4.14716172971
5.73457334041
6.46050887874
6.30825489012
5.51164273394
4.40508118756
3.27516233147
2.26955117768
1.3849816478
0.520528450518
-0.44024307894
-1.55772024142
-2.80149014082
-4.05835001953
-5.17179835618
-5.99350949102
-6.42844308467
-6.46189328834
-6.16412064513
-5.67332999245
-5.16066084585
-4.78332193477
-4.63541333429
-4.70969291626
-4.8849084206
-4.94937585455
-4.66128772824
-3.83227263314
-2.40847195039
-0.518969597282
1.53151498385
3.33119443617
4.47437610895
4.68431049155
3.90422198228
2.32353668963
0.32752111075
-1.61509373308
-3.09010158386
-3.85583064302
-3.9024424252
-3.43422270708
-2.78321458457
-2.28592858264
-2.16680966299
-2.46860246591
-3.05215647526
-3.66288784067
-4.03710937399
-4.00737976817
-3.56706678916
-2.87021724291
-2.16781120459
-1.70617107481
-1.62810972253
-1.91627588412
-2.40117791009
-2.8300917414
-2.96813996683
-2.6897327376
-2.02305311336
-1.13066775288
-0.236936048768
0.464441879318
0.881800648903
1.04579040337
1.07293462578
1.09330805925
1.17925741583
1.31017205866
1.3894376158
1.30319177063
0.98949346446
0.481512014234
-0.0981136440579
-0.589328902166
-0.866612488392
-0.893826926488
-0.733728586281
-0.507561745987
-0.326529194755
-0.232086690714
-0.177614280788
-0.0619024000305
0.203575864892
0.631244845534
1.13517614199
1.56625195638
1.78952979333
1.76334265847
1.57486788822
1.40669701681
1.4445389963
1.76968926533
2.29317598093
2.77274521515
2.91482502188
2.51962522738
1.60082770059
0.416916617509
-0.611226007202
-1.06869084578
-0.729587462626
0.328549321411
1.73527497386
2.96398023429
3.53836800893
3.21890194981
2.08717321919
0.492053993346
-0.3346414008714049
-0.8190961716064464
-0.8434482360721205
-0.5452655964941755
-0.21020289940328496
-0.0943384235166036
-0.265293544222
-1.41648938916
-2.31306522132
-2.58515163149
-2.04179150374
-0.788221236556
0.786995299378
2.15403415125
2.85247580763
2.67804685014
1.76319961207
0.51658275368
-0.551240939615
-1.0394463331
-0.815321272926
-0.0544065126205
0.849720753021
1.46238343335
1.49343420774
0.91410904777
-0.0392845187577
-0.969886616932
-1.48439542985
-1.34786901974
-0.569625288861
0.607214860801
1.80047765933
2.62562961617
2.82169267263
2.32436778453
1.26875918333
-0.069288726554
-1.36558755779
-2.34047436371
-2.82535110625
-2.78942755608
-2.32717217153
-1.61702399529
-0.866397755396
-0.257751975206
0.0925940174097
0.155435992412
-0.0134688708955
-0.296975910304
-0.555313353041
-0.670028947046
-0.581177369886
-0.306683462072
0.063110475257
0.396051860998
0.56658446799
0.507958769136
0.250794959638
-0.0680741242183
-0.235684444184
-0.0296068439623
0.694758341493
1.92366593737
3.44306142616
4.8603881541
5.69731649509
5.53504598253
4.16943277291
1.7203340144
-1.35367943113
-4.35631692178
-6.55008214715
-7.38829864686
-6.70123167121
-4.76358845049
-2.20975261513
0.18034149003
1.74973709146
2.18712935446
1.61751887554
0.524704443469
-0.463784211736
-0.842743655868
-0.438583587452
0.522580456668
1.51389161583
1.93054426334
1.34293338059
0.5814650854869683
-0.9428928926823517
-2.6409721168905236
-3.868374755480872
-4.153769445662064
-3.349971632711771
-1.6579399436731563
0.4720030291054371
2.5111899140125757
4.025434870190594
4.790315859046913
4.821966569529906
4.332494246324913
3.64266009126
1.84835807827
0.465356172022
-0.339095404568
-0.530530577806
-0.210039833435
0.406837061391
1.03994083571
1.42101827133
1.37979670832
0.907997818928
0.167605644199
-0.573193274355
-1.06066501268
-1.18419473946
-1.0496692291
-0.950093678579
-1.23005719932
-2.09485362868
-3.45260717688
-4.8764497407
-5.72839192832
-5.41365369869
-3.666484165
-0.739733144887
2.60113398097
5.30110977173
6.38247033307
5.31289252326
2.22253514201
nan
nan
nan
nan
nan
nan
nan
nan
nan
nan
nan
nan
nan
nan
nan
nan
nan
nan
nan
nan
nan
nan
nan
nan
nan
nan
nan
nan
nan
nan
nan
nan
nan
nan
nan
nan
nan
nan
nan
nan
nan
nan
nan
nan
nan
nan
nan
nan
nan
nan
nan
nan
nan
nan
nan
nan
nan
nan
nan
nan
nan
nan
nan
nan
nan
nan
nan
nan
nan
nan
nan
nan
nan
nan
nan
nan
nan
nan
nan
nan
nan
nan
nan
nan
nan
nan
nan
nan
nan
nan
nan
nan
nan
nan
nan
nan
nan
nan
nan
nan
nan
nan
nan
nan
nan
nan
nan
nan
nan
nan
nan
nan
nan
nan
nan
nan
