nan
nan
3.77589821382
2.12673301841
1.80035248961
2.50979458613
3.65308716977
4.58756193735
4.90493684025
4.5846878734
3.95914933627
3.51160500743
3.60757928919
4.29171381468
5.25146186229
5.96792922162
5.98167067728
5.14200274791
3.71233242304
2.27099150132
1.44611490875
1.60667249702
2.65858348966
4.05021183741
4.99511484563
4.81687029718
3.26039299283
0.625946736617
-2.3385459971
-4.74117758892
-5.91078450961
-5.66119990561
-4.34138639217
-2.65683714021
-1.35075031422
-0.892691721579
-1.3116680629
-2.23739532691
-3.11483179637
-3.48013203293
-3.16603686838
-2.34767384539
-1.42171760267
-0.791383757691
-0.668861614025
-0.989338681207
-1.46899976518
-1.76642631851
-1.65919864202
-1.14690798522
-0.43522254462
0.181573400443
0.472754885756
0.37905341151
0.0258051638564
-0.357231679426
-0.560756361924
-0.498086292477
-0.234424916453
0.0651393721938
0.234321519136
0.194768702188
-0.0111070058383
-0.256727085132
-0.412129669688
-0.421197524427
-0.332040020356
-0.264788566423
-0.335856634263
-0.580928275004
-0.918891930169
-1.17681575513
-1.16449737053
-0.762814193624
0.0151981006819
1.0168281715
1.99637104912
2.6938016327
2.91365797828
2.57818820757
1.74389989006
0.58523778088
-0.643907228321
-1.66137524468
-2.21527023178
-2.14503853885
-1.43462039436
-0.239281356747
1.1342669828
2.30423196119
2.93362840691
2.85530657289
2.15006304722
1.13527960598
0.254923667088
-0.0936125956483
0.27430601134
1.2467413193
2.45817056996
3.44777763261
3.86597142568
3.63461196706
2.9830844051
2.33809040992
2.11475641158
2.5066917684
3.3772047047
4.30862113125
4.79179212637
4.46916320155
3.31613703939
1.67200161546
0.101691562895
-0.850205085571
-0.9002167275
-0.150620186603
0.95834811109
1.84442665028
2.03559448249
1.36426699622
0.0207163557332
-1.54833842301
-2.83903921051
-3.49145930092
-3.40553737997
-2.73431771869
-1.778600032
-0.849141426953
-0.165660706077
0.171222411807
0.146362950224
-0.220484085356
-0.89624518527
-1.81075912034
-2.8116783728
-3.6466282554
-4.01254595324
-3.67273348219
-2.59393662343
-1.02813100395
0.523219948956
1.47255145359
1.38057622619
0.158864763025
-1.86018504885
-4.03266823412
-5.65553730849
-6.25428485064
-5.7751987029
-4.59123597948
-3.31631646119
-2.51380002664
-2.43630984834
-2.91966913961
-3.47956955218
-3.56156943446
-2.82126293489
-1.29830578769
0.598320819376
2.2829116008
3.26596346431
3.37293100618
2.8045139687
2.01514643718
1.47657756312
1.44761507822
1.86314113267
2.39131155064
2.62160455238
2.28246472665
1.37731841728
0.174741617618
-0.933778352069
-1.62794766004
-1.80186597339
-1.58592392306
-1.24478601906
-1.01485034302
-0.973751943406
-1.01247303271
-0.920924217449
-0.53393656011
0.148498620521
0.937519426547
1.544157295
1.73278545143
1.45407216531
0.881925681748
0.33056252514
0.0933702385119
0.288867015541
0.796752687893
1.31966273724
1.53916866527
1.28402722166
0.622066817565
-0.171934946878
-0.753661720114
-0.877504657367
-0.506385673053
0.192051588314
0.954119225735
1.56656907278
1.96395251395
2.22014217041
2.44122919327
2.62869561771
2.60523554292
2.0650781973
0.740286303275
-1.39813192487
-4.01898318808
-6.47619854426
-8.0278027048
-8.14341916765
-6.75878645104
-4.34788528033
-1.76255902212
0.10055073354
0.659612336953
-0.130400396387
-1.7955325766
-3.58930138615
-4.84709103233
-5.27688719169
-5.04855979722
-4.64618399194
-4.56752334896
-5.03131223482
-5.84723246042
-6.51793984917
-6.52046757305
-5.61832709532
-4.03559717375
-2.39187330492
-1.41896318106
-1.5949768057
-2.87987665474
-4.69229329961
-6.15081236025
-6.47138391912
-5.33192225451
-3.02687963277
-0.334243048625
1.84331297789
2.89102700376
2.74962208535
1.90967888504
1.13818423886
1.0736250167
1.89018714225
3.19761131031
4.22784633053
4.21934085621
2.81295275984
0.266753949404
-2.61690521654
-4.82200308809
-5.55563595674
-4.59083349743
-2.36096974384
0.232211845712
2.20418660147
2.89033271982
2.18943351047
0.552076133652
-1.26257477386
-2.53681999195
-2.88864813232
-2.38624201466
-1.45076265135
-0.613971932473
-0.256476477317
-0.44830501919
-0.953836005733
-1.38078540013
-1.38857322676
-0.853059858822
0.0840155651895
1.09172253284
1.80504834829
1.98143845488
1.59145500508
0.81483429488
-0.0416305875484
-0.658322662382
-0.799913989167
-0.365487340339
0.610670559772
1.98983138143
3.56896352968
5.1170393281
6.40689738745
7.2481792732
7.52263782169
7.21289654259
6.40876214762
5.27906040676
4.01213585528
2.74689523906
1.52688059397
0.303761645514
-1.00579556598
-2.43447733951
-3.89392334592
-5.16191313091
-5.9448832774
-5.9965353398
-5.24200886677
-3.8481610083
-2.20027931077
-0.786205946143
-0.0315728547056
-0.153936555389
-1.09678720915
-2.56922039218
-4.16991799393
-5.53741089357
-6.45985143949
-6.90059491581
-6.93913909989
-6.66893812409
-6.11354351534
-5.21058649644
-3.87521079021
-2.10953185595
-0.0952061092185
1.79221214545
3.07492483198
3.34741304259
2.46567946169
0.665576027209
-1.45538121152
-3.1070212493
-3.57824872559
-2.51551464388
-0.0993318968924
2.96024246164
5.62558478292
6.87404373481
6.06728582086
3.21527109385
-0.968563344717
-5.25630461041
-8.28909274587
-9.03284224521
-7.15016609693
-3.15235564595
1.73494456854
5.96066190435
8.167245256
7.66155020229
4.6677545563
0.263402670798
-3.98891926133
-6.58939865455
-6.63265957899
-4.12777900635
0.0143490662035
4.32410570672
7.31883316223
8.04447127411
6.4071233557
3.17015662226
-0.376150350694
-2.9364744797
-3.71366119997
-2.69399958879
-0.606793479515
1.41531780517
2.32759809956
1.61007409911
-0.527969173898
-3.25293279357
-5.46818574221
-6.27425106436
-5.33486230126
-3.00166301038
-0.155446808953
2.16005022589
3.15461112892
2.58887409695
0.841296398213
-1.2664933717
-2.7997227576
-3.05510824665
-1.78699584733
0.756849563473
3.9776590655
7.16517137526
9.72693525037
11.3229214574
11.8767179168
11.4940471459
10.3546559552
8.64103489256
6.53259957084
4.24786222302
2.08488741601
0.408811561626
-0.435002448971
-0.258075320645
0.845315448998
2.45382528563
3.89984665137
4.46669740218
3.63859287494
1.30781289759
0.4907556417346086
-0.6890832360949162
-1.32606485759
-3.41320185886
-3.8911958089
-2.95366371324
-1.2226940788
0.497692943811
1.52778992033
1.55754615959
0.73550850225
-0.430101583794
-1.31273245978
-1.44778948083
-0.733422352997
0.53207080188
1.79028563109
2.47842984933
2.28918067238
1.32078624764
0.0499474522271
-0.864193540799
-0.863670913667
0.257216094067
2.24129978
4.44805348108
6.09309329084
6.55038979064
5.59393186653
3.48160294392
0.850435387677
-1.52962491674
-3.04011409492
-3.42210390805
-2.83050181609
-1.72482119967
-0.654519814674
-0.0359764872291
-0.0131055222242
-0.449500594448
-1.03885600576
-1.47050971835
-1.56971778523
-1.35288777043
-0.983950506095
-0.6659514983
-0.529130882922
-0.571948501099
-0.679504571242
-0.702272489397
-0.548240646823
-0.237684661745
0.107606448407
0.332565900421
0.335766561967
0.126842798388
-0.177457434381
-0.417336408978
-0.480306008222
-0.368966853956
-0.207720591601
-0.180738361392
-0.42933522925
-0.959683983856
-1.60980050153
-2.09831845641
-2.1390505806
-1.57297516529
-0.458535525386
0.922698007946
2.15210173083
2.81956019193
2.6709515311
1.69952633834
0.146998816969
-1.228454955208278
-2.352549937570842
-2.9063589960270235
-2.7652082709142007
-2.0096227797191517
-0.8696020682618268
0.36740523759738153
1.4465789228712538
2.2041906112191754
2.5834584808712435
2.615738310771917
2.385868398027455
2.000084361049545
1.5659503168764815
1.182693474595041
0.9336974259945094
0.8739095278868945
1.0120797931675014
1.296072877124729
1.6133554554545384
1.8150157908528683
1.7614067306608092
1.3755832254814777
0.6833882056303082
-0.1791686151943992
-0.99932391209
-1.88058211248
-2.3359813042
-2.32510593078
-1.93944675112
-1.365960014
-0.815300813512
-0.44366700243
-0.300509633437
-0.323751886809
-0.383680583773
-0.355049672793
-0.183864334863
0.0828690329202
0.319576663322
0.387524237225
0.21280873845
-0.161300883005
-0.575934147267
-0.81621121123
-0.705259983456
-0.190787925188
0.617180783639
1.47861626612
2.11561677788
2.32576783909
2.06649255214
1.47161725335
0.791497130686
0.283198801739
0.100783875344
0.236024793838
0.536163350973
0.7885508404
0.829870882267
0.626010512977
0.283593206638
-0.0113429159288
-0.095093620145
0.0846915063277
0.439515186693
0.786175388412
0.945018760636
0.838638400105
0.537769674625
0.227756342321
0.110653229477
0.29325311386
0.721114055677
1.1967543015
1.47685186081
1.40063629974
0.982439154057
0.416939504425
-0.0105841986622
-0.0666080381445
0.308110531484
0.961281748026
1.60039215976
1.93919001602
1.84429776279
1.40332883551
0.874443170275
0.539708631764
0.538811160752
0.775827954064
0.958554522741
0.761460774512
0.0337234895539
-1.0598898132
-2.05419579829
-2.37068177093
-1.60330201416
0.230611483123
2.6062544367
4.63790200497
5.41410791505
4.38537914414
1.63228607084
-2.11485857484
-5.72793047985
-8.10674270246
-8.60068476557
-7.24724465594
-4.72802447058
-2.06693672332
-0.206677520126
0.352532132722
-0.296003540359
-1.57187163418
-2.70246597429
-3.06028773164
-2.39217415608
-0.85569424136
1.12278500229
3.07182415506
4.65830793212
5.74765826377
6.33674524764
6.4288911224
5.94874381874
4.76395590951
2.80931259772
0.238322151862
-2.50164696097
-4.74327615115
-5.81771186966
-5.33032091619
-3.363617391
-0.499584406851
2.36652596826
4.34999404897
4.89904340739
3.97491384263
2.01511605296
-0.292251390821
-2.30808808137
-3.67235736514
-4.36509288104
-4.59128014353
-4.57485181468
-4.39064876
-3.93527381684
-3.05341941624
-1.74108506664
-0.293543139001
0.714523510825
0.643379416102
-0.885708269455
-3.71096097003
-7.0540226339
-9.72097619431
-10.5256354918
-8.76813659161
-4.56206359346
1.1414758279
6.85715845677
11.0791256164
12.7978531982
11.815139303
8.74391746609
4.71664329102
0.944283286908
-1.68496465901
-2.81836048553
-2.61540951141
-1.55085058276
-0.170327625656
1.08156386081
1.90706170826
2.10445024515
1.50359065136
0.6726634716273452
-1.1153319904315708
-3.6402598768459455
-6.377182361552428
-8.569577841773352
-9.451431594784452
-8.542829192015432
-5.886655285596191
-2.101655218628764
1.7984283579774285
4.762180010565885
6.0888006208857774
5.679180334678989
4.038622385514046
2.0316482731851266
0.502339602839271
-0.06657561444252735
0.2947568149451456
1.1382961369815092
1.8783030558549285
2.1101727840786992
1.809970087065949
1.32297845396
0.364903238834
0.117836792217
0.634122317294
1.59415075601
2.46438543872
2.76451254833
2.30523459512
1.27633445828
0.143543719518
-0.589239556168
-0.629134600815
-0.0294172845165
0.853115375206
1.54995623241
1.71848234834
1.3025802063
0.537973103534
-0.192694597596
-0.572010050321
-0.5121315098
-0.185696190961
0.0883941799714
0.0376086663511
-0.401028287259
-1.0376499157
-1.53054670334
-1.57686375018
-1.08887987598
-0.258227687569
0.530387474673
0.893828591952
0.652246800858
-0.0694068271751
-0.896462632409
-1.39105291319
-1.27539089262
-0.576323590365
0.384938877636
1.15439649301
1.37593477164
0.972198359902
0.181534303723
-0.569203437458
-0.891113314789
-0.641922716728
-0.00791411793267
0.585221459547
0.688727115384
0.0641467686285
-1.18637161983
-2.66086474276
-3.84982709137
-4.38216002375
-4.1987669036
-3.56462969689
-2.91376324033
-2.60891169186
-2.74379036649
-3.09537661141
-3.25629992776
-2.88161118514
-1.91940974698
-0.695745529508
0.206922542085
0.233989213027
-0.826544053614
-2.65823546805
-4.46800113946
-5.27690749071
-4.3368684523
-1.49310259707
2.67408204708
7.00408457551
10.1557948075
11.0935899659
9.46214446387
5.69960474562
0.849612223773
-2.5560274897602966
-4.804443670593145
-5.457729222284399
-4.706782391562143
-3.1895165428676364
-1.6597344228782447
-0.6589480421439902
-0.3262470429445159
-0.408072181665176
-0.437288305155
-1.19708914395
-1.27347801768
-0.769981566918
-0.014658660264
0.609731685562
0.839829696936
0.630580181021
0.143351067288
-0.357329780471
-0.639450299946
-0.605037692207
-0.315200478148
0.0625643884958
0.34937773683
0.441415682654
0.347545505197
0.166592354358
0.023503228863
0.00149377964523
0.10480603572
0.267349630306
0.397564963119
0.432292375167
0.37033940802
0.26947541319
0.210898426197
0.251961953184
0.392892705123
0.574663124507
0.708291462466
0.719660362825
0.586608255358
0.349801136252
0.0927562829301
-0.0980203137097
-0.172397332626
-0.136289777316
-0.0431995157245
0.0363126293691
0.0503938355025
-0.0116100846033
-0.120492432536
-0.229687954568
-0.304857402007
-0.342918652866
-0.369147744835
-0.413804484636
-0.482285046891
-0.538072154968
-0.512286752394
-0.339555772817
-0.00414046471576
0.428694797567
0.817545011584
0.991678867
0.824320459575
0.300607148906
-0.453961942247
-1.20431007007
-1.68945245985
-1.72666652127
-1.29062324852
-0.529437898358
0.293920357469
0.912128549567
1.16711859656
1.07355036986
0.800013299453
0.574158382948
0.556017318587
0.742703433948
0.956549426477
0.930515603399
0.456055080575
-0.47719259704
-1.62452098201
-2.55393619289
-2.82341722713
-2.1967063862
-0.799246984388
0.867453758276
2.07799468374
2.15313948687
0.741534403479
0.8726189355731435
0.30074890714955416
-0.0665325146724
-2.25670787912
-2.89951269756
-2.04347980041
-0.234991918672
1.71268624635
3.04366657377
3.34167235672
2.65678273103
1.43322474226
0.281118264376
-0.300629625455
-0.128444840697
0.617134382941
1.50680237258
2.07768497859
2.04442530876
1.41191081322
0.447147199836
-0.464769585429
-1.00459057377
-1.05469444544
-0.72848487145
-0.289954529853
-0.0119877400988
-0.04667493698
-0.36845738099
-0.810063662489
-1.16390997319
-1.29157787564
-1.18480480561
-0.950623822259
-0.734405703007
-0.626147591675
-0.601974960378
-0.532421661506
-0.253260058697
0.337768469164
1.20790337808
2.17744178683
2.97633294326
3.34424991845
3.13000763605
2.3485748238
1.17491644747
-0.11798486213
-1.24799217537
-2.00443259351
-2.29483697745
-2.15009493169
-1.6966850518
-1.11236633313
-0.579929426379
-0.246965977627
-0.19444604541
-0.416719741903
-0.818853030977
-1.23874409274
-1.49637930659
-1.46050313447
-1.10943178483
-0.556643315286
-0.0200639017472
0.263486171408
0.149231101524
-0.328020555556
-0.936867000985
-1.32406586046
-1.16119221926
-0.305490841609
1.09803483163
2.62844818304
3.72372438143
3.89262155309
2.91875866824
0.969022158114
-1.44509786112
-3.64332863372
-5.02056407697
-5.25994422949
-4.42931901149
-2.92609327104
-1.30060700252
-0.0381653281194
0.607557854689
0.666087892015
0.378573768453
0.0499566924115
-0.0992737778734
-0.0147660128892
0.203938682989
0.388298899335
0.404097877298
0.217075920327
-0.107683264339
-0.460972495109
-0.757552353451
-0.971670293419
-1.11843838875
-1.19658626009
-1.13640661633
-0.798753124752
-0.0436710898662
1.15572991555
2.61362441266
3.91153228184
4.49355256552
3.85798897633
1.77391154587
2.0195948107912045
1.60591244285
-2.26604756905
-5.10537071221
-6.37890088479
-6.03075529126
-4.4802279208
-2.44439207301
-0.659795794925
0.382155653231
0.580944783744
0.202473353629
-0.293427238792
-0.490653452661
-0.214477211725
0.392627983148
0.942686311404
0.9844173725
0.216286894119
-1.35615124977
-3.37754975715
-5.22677716031
-6.19452965969
-5.69441901938
-3.44443850811
0.428154802123
5.38095037197
10.5486526202
14.9150716234
17.5334207833
17.75254597
15.3980659782
10.8560720031
5.02020591566
-0.905597491626
-5.71149004338
-8.51214313138
-8.99886432623
-7.5216299917
-4.95998746047
-2.41575781157
-0.829837815662
-0.660452759663
-1.74294124191
-3.38472429525
-4.65830184996
-4.77676689691
-3.40362005701
-0.776281859036
2.40027893101
5.23923327479
7.01480162546
7.4212350104
6.64707569278
5.24496677243
3.86333257433
2.96058659982
2.6234374704
2.56050055478
2.26476845394
1.26787027687
-0.625285770514
-3.2189950081
-5.9709709033
-8.17575989712
-9.21188083323
-8.75823125808
-6.9040808269
-4.12173082301
-1.12129010903
1.3563270803
2.73980501675
2.76442425433
1.51524751369
0.11460254242722101
-1.6185679390025882
-3.11106836175928
-3.92906621162966
-3.890411928715878
-3.1063760570841623
-1.9397128345706136
-0.8865772809321157
-0.4125413826461255
-0.791064613018392
-1.998119696463732
-3.703694096572903
-5.370617513984399
-6.432688045880354
-6.49195880360007
-5.463442485233827
-3.611396553329058
-1.4605005411190746
0.3870939437496759
1.4610311360603987
1.580143964614365
0.9005859767674309
-0.1591971536778516
-1.0825810688381807
-1.44129950911
-1.74309879706
-1.34512822851
-0.524466419535
0.357542004684
0.992730267486
1.22220477635
1.06206738887
0.661781238397
0.223826566971
-0.0773264691899
-0.146966263798
0.0186421341559
0.353905022607
0.760169475866
1.13893558919
1.41273203157
1.53400173482
1.48747428293
1.29038796039
0.990203560811
0.655885976761
0.359931344141
0.153963744005
0.0471895081145
-0.000649411002186
-0.0647806903117
-0.222487378771
-0.515396552794
-0.925187811243
-1.37607899804
-1.76470432029
-2.00367543724
-2.05705072047
-1.94916704304
-1.74194078139
-1.49304131242
-1.21891520902
-0.885556036841
-0.435706078805
0.159390730379
0.851641643697
1.50137996121
1.91229358776
1.90741041703
1.41454109888
0.520396367803
-0.536834502282
-1.44014422986
-1.90501093354
-1.78340745512
-1.11614583907
-0.11160595316
0.938198343477
1.76563508658
2.21198545501
2.2547887894
1.97383864118
1.48183965565
0.861236079744
0.141826460597
-0.671602679212
-1.54260740366
-2.35701641634
-2.92361273238
-3.03309596804
-2.55350003987
-1.51584648758
-0.142243546179
1.20752112843
2.15618872055
2.44677089692
2.03600192885
1.09883805393
0.8726305810950805
0.7140626533105205
0.7681757400769698
0.9787095209360359
1.1338753979426173
0.9931070910422477
0.43370969111077784
-0.45508161153553317
-1.3797853352610048
-1.9535789669414925
-1.86223464175
-1.8893780721
-1.33005296848
-0.568252630834
-0.0389401974802
-0.044931676288
-0.628428670377
-1.55322351914
-2.40443597956
-2.76128323219
-2.36810403333
-1.23261486015
0.384885067904
2.07901181184
3.45124281713
4.24024224172
4.38106297915
3.98060057553
3.23505273225
2.33696021821
1.41597675747
0.533091081234
-0.283142515999
-0.991185756009
-1.51595471317
-1.76896866436
-1.6983850996
-1.33797374303
-0.821688199328
-0.347354817349
-0.100314011164
-0.171150061198
-0.50832554334
-0.932389090274
-1.2098736744
-1.15593747568
-0.719650969221
-0.0123752555463
0.734857588838
1.26663537391
1.4087806882
1.13760223945
0.583275085898
-0.031812391746
-0.489788551901
-0.66472736109
-0.562866111703
-0.301263123078
-0.039527059163
0.100112452625
0.0860985332534
-0.0189304098459
-0.102235222356
-0.067620795551
0.110129922499
0.370183341514
0.596531625288
0.678289952596
0.568494456487
0.311562273339
0.0252802700166
-0.154316777338
-0.138466366213
0.0705251478166
0.379231689155
0.647983372516
0.760066153964
0.682172359219
0.485882993061
0.317173949816
0.324985453786
0.580020874083
1.02188120042
1.46269507397
1.6521398974
1.38163586006
0.586042098831
-0.601821607844
-1.87274656918
-2.83855560845
-3.17372976564
-2.74869220925
-1.70100510943
-0.411072535042
0.615914865458
0.923195165375
0.268221404888
-0.7324989715768169
-2.2679997623757515
-3.8068636606404738
-4.835466615975534
-5.040916889169267
-4.418400911005051
-3.2608361128337293
-2.034360094395865
-1.1884935491975028
-0.9763248120626287
-1.35642929695
-2.50651820777
-3.48229819483
-3.87832858095
-3.50098725637
-2.44244139703
-1.03577416224
0.28690720644
1.17094110974
1.4744241665
1.30625296475
0.954456129811
0.740647497725
0.867889564593
1.3301430378
1.92186700295
2.34005993608
2.32933955237
1.80245497892
0.881808780659
-0.154530363274
-0.99425607887
-1.42126391609
-1.39451203717
-1.04127215794
-0.57291823814
-0.168762478813
0.112012749658
0.345525269967
0.678250388228
1.21633107266
1.92859242428
2.61852058752
2.98819897049
2.77170260768
1.87839469449
0.476236545369
-1.03221637369
-2.1421389704
-2.43852613938
-1.7693217189
-0.324469507885
1.41739339447
2.85824474513
3.50072830619
3.13173269473
1.89680665322
0.237462881672
-1.28079330555
-2.17865788916
-2.22753479831
-1.50644229517
-0.335920871962
0.875707681941
1.80467427355
2.33021042607
2.5534719765
2.71574902588
3.05744654102
3.68254015061
4.48826634431
5.19008166536
5.43085056961
4.92820072767
3.59906814293
1.61082286883
-0.661259329827
-2.75305980426
-4.26090169599
-4.9648455163
-4.8821415699
-4.23567269841
-3.35522579254
-2.55365838892
-2.02646548077
-1.81030296534
-1.80981123295
-1.87374175899
-1.88248962349
-1.80704324611
-1.71436819972
-1.71954725953
-1.90958110036
-2.27696202008
-2.6971698691
-2.96467923976
-2.87530347368
-2.32046627206
-1.35133437883
-0.181580019465
0.877264012889
1.52495753687
1.5832447149
1.06297368604
0.159709799864
-0.820704597077
-1.57621174744
-1.91580810673
-1.81754406469
-1.41671982556
-0.933794712231
-0.576292086576
-0.457695770114
-0.565752993727
-0.78836337659
-0.979050692918
-1.02801763142
-0.905784425326
-0.662820181781
-0.391462493302
-0.174153205816
-0.0461224834397
0.0100387021367
0.0394773460597
0.0781555328975
0.127720166045
0.157587146257
0.132405855169
0.0469164184286
-0.0554055759753
-0.0949683540428
0.00336047509697
0.262971666941
0.629705489213
0.986609593105
1.20702335545
1.2212281221
1.06091877579
0.853735352564
0.764604876096
0.909835039058
1.28814507326
1.76886901014
2.15107063367
2.27006135218
2.09864364598
1.78588682187
1.60173684996
1.80149278643
2.46880299126
3.41625266198
4.20556502722
4.29908584162
3.29166850744
1.12644356319
-1.80716251377
-4.75313844805
-6.8331935468
-7.36902519642
-6.15527575544
-3.56823039151
-0.457754367891
2.14281259054
3.37915316842
2.8709353506
0.826891870771
0.546458860901879
0.330321991451
-1.71154604033
-2.48820036765
-2.05514458864
-0.847233906902
0.537293607016
1.57974528605
2.01234913564
1.86182153193
1.36949580151
0.843000858952
0.514157822758
0.461817998588
0.618893718393
0.841307759484
0.992701764865
1.00118235607
0.86784182985
0.636193638177
0.350863415281
0.0340720055738
-0.307958951352
-0.658292059872
-0.965692136435
-1.1457489548
-1.11240510228
-0.825491798285
-0.327591434977
0.253488331487
0.743414597029
0.986292915669
0.906441790423
0.538155978112
0.0101660633713
-0.506420451325
-0.861054416138
-0.968984707792
-0.822150820687
-0.468622105641
0.0205650100159
0.574792697668
1.12546698746
1.5913969779
1.86717465592
1.83457571178
1.40339776217
0.567384355649
-0.554782512121
-1.72352545618
-2.63959937576
-3.04630784478
-2.83212868254
-2.08644128577
-1.07752047969
-0.155447766966
0.382371223414
0.406070186361
-0.00175771045842
-0.590904663717
-1.05767341541
-1.17678932359
-0.892659267936
-0.331730374172
0.265075491441
0.654783526883
0.696690487656
0.403508249241
-0.0775391913804
-0.537076067973
-0.790815970883
-0.742263242003
-0.399811589892
0.147063053595
0.769328003631
1.33251258991
1.71185546079
1.79566393039
1.49488735553
0.771970092912
-0.3161290943
-1.58550679176
-2.73510214439
-3.41656005658
-3.35182244899
-2.45473294394
-0.899039058259
0.90984247277
2.46143662687
3.31947265251
3.27742552693
2.41875314669
1.05172016879
0.9105679852092123
0.892727602134741
1.0407671151155995
1.206162758713873
1.1931047317894041
0.944250190932
-0.751922798756
-2.03999425394
-2.41873136102
-1.58503272046
0.353114516709
2.82871879736
4.98244417792
5.99100479823
5.418678037
3.42859690438
0.743881055556
-1.6405043137
-2.87650345801
-2.62593544645
-1.19915356008
0.59999968611
1.8561716243
1.97552447461
0.965382189744
-0.575426668207
-1.75587853444
-1.84274564253
-0.646229487206
1.3483391509
3.17505028473
3.8256806512
2.73019426871
0.0526852032926
-3.34183821774
-6.24213595494
-7.60826968635
-7.0155206459
-4.82106034637
-1.97849848938
0.410341653485
1.59490954026
1.49281510172
0.678183597941
0.0519796878374
0.355681841448
1.76384164228
3.75384881428
5.32060337216
5.441407634
3.57814706123
-0.0157560468593
-4.32898163924
-7.95923453526
-9.65829426617
-8.82341297821
-5.73010235637
-1.41625129165
2.72348953948
5.45746775521
6.13945700693
4.87706539409
2.40459585272
-0.259608740582
-2.21506169177
-2.97997249554
-2.59180140074
-1.50042264775
-0.327450345875
0.396618764275
0.417998762731
-0.183995651819
-1.06563957682
-1.76779085285
-1.88606722756
-1.21130598496
0.191922265965
1.98300989272
3.62015340045
4.5013465366
4.14519304097
2.36673714505
-0.15081369161838154
-3.238746686722777
-6.01356486923946
-7.601872830050539
-7.443885886766921
-5.522809842958722
-2.418985875053977
0.854848901742514
3.1953966584096634
3.807698750847777
2.5065037079826595
-0.20528802663662304
-3.3211710394560754
-5.711331821787937
-6.548536549100888
-5.608539224119724
-3.3259623663692537
-0.5898062441823129
1.6280706265021934
2.65116693751483
2.327137100250013
1.023017171346595
-0.591664873565
-2.18037670224
-3.05242815474
-3.22527352664
-3.01788630544
-2.82941039427
-2.90330614976
-3.19448536142
-3.39986599553
-3.12996748104
-2.13120564719
-0.446977165861
1.56156339605
3.34508391004
4.38509299576
4.40194631382
3.46003227243
1.9284002222
0.321074164741
-0.907890488158
-1.52566672208
-1.57549230058
-1.31336553991
-1.06582608428
-1.076729668
-1.40762915429
-1.92663396725
-2.38062136489
-2.51341560807
-2.17961838241
-1.4115453014
-0.418059499052
0.481429546542
0.965263202702
0.827139760329
0.0680788217453
-1.06725575034
-2.12864230031
-2.57386931148
-1.93593420097
0.00108151859916
3.07672730408
6.73466719931
10.1369278205
12.3945918783
12.8494130999
11.3102601728
8.15211018143
4.22748479428
0.607883567867
-1.76012258161
-2.36153611883
-1.26916273321
0.908262813737
3.26384400967
4.92262433071
5.3375842173
4.44404356565
2.62650761777
0.528569269073
-1.20497791973
-2.14772651846
-2.19535512843
-1.5332250589
-0.505838615223
0.54058892506
1.37430785094
1.9174920757
2.21563037454
2.37307798351
2.49545529394
2.66136652968
2.91962477073
3.29129499421
3.75841385842
4.24010452166
4.57791419509
4.55924742329
3.99247283606
2.81535136624
1.18751045003
-0.491979823029
-1.67820098272
-1.87223402567
-0.844432062772
1.20842124638
3.65725610678
5.61551986118
6.24607437437
5.08629942438
2.25688263743
-1.54244461244
-5.26333334874
-7.88360560279
-8.78010491004
-7.94909678847
-5.98377196095
-3.81826042602
-2.34463143029
-2.06170178815
-2.89943603389
-4.28694225068
-5.42848429511
-5.66514696373
-4.76651059933
-3.02997434105
-1.14953084853
0.0860874472435
0.135652511281
-1.05602231957
-3.02083511705
-4.9436258799
-5.97661779
-5.56338232421
-3.64467261734
-0.671013209699
2.57291450657
5.25326796665
6.76478136526
6.89610232509
5.83084966045
4.00325379441
1.88517195779
-0.197120558112
-2.13992921363
-4.01055783252
-5.90607114086
-7.80247200381
-9.47724016193
-10.5517809151
-10.6412709181
-9.54475582256
-7.38380668993
-4.61615746648
-1.9048227499
0.110474116306
1.04468730323
0.900509009753
0.0425402553317
-0.977373674261
-1.66489223604
-1.7852752736
-1.42874182571
-0.909807815991
-0.552951101907
-0.476129032361
-0.489741344751
-0.17526044082
0.882249668368
2.81743312674
5.30850179143
7.61086952681
8.8155220193
8.23605445098
5.75404166294
1.95443282201
-2.03392172068
-4.94689907408
-5.87874072236
-4.64747849726
-1.86639568046
1.3178111772
3.71018327319
4.56301051268
3.86183728685
2.27682032415
0.808057149482
0.29468914229
1.019322774
2.59178120488
4.16162172964
4.85147274946
4.19863483981
2.39083718787
0.183867224676
-1.45601050459
-1.80930714872
-0.739199378995
1.25203481638
3.26512775791
4.41831037272
4.22864116368
2.77948943303
0.607877578114
-1.61060826865
-3.4023859202
-4.68103323885
-5.68810098028
-6.73872421446
-7.93103394602
-9.00011558131
-9.41743913931
-8.69646684901
-6.73980468416
-4.0230079094
-1.48228958365
-0.125816497471
-0.54372011684
-2.56662782999
-5.27013486393
-7.36088760615
-7.7850548112
-6.27057635734
-3.52225166654
-0.939695865465
0.043548082123
-1.29514512198
-4.49885634516
-7.99254302805
-9.69207645613
-7.91926734659
-2.22195887438
6.28118894428
15.2139249385
21.8078564212
23.9659158067
21.0758018347
14.2303819092
5.76890624476
-1.65488113179
-6.07556180992
-6.87327510018
-4.83723101781
-1.65640029553
0.896954948799
1.71334142935
0.707815885765
-1.31710035757
-3.1872542018
-3.97158126774
-3.39935778455
-1.90682060258
-0.333564239047
0.544783482462
0.400075762447
-0.531022238617
-1.62884328507
-2.25130291314
-2.07234806857
-1.22478807415
-0.188113480634
0.501119642763
0.550519585484
0.062081949793
-0.543007265413
-0.7760567971
-0.367372499146
0.569060435759
1.5814315655
2.11233486964
1.79526734175
0.660575814197
-0.856211681699
-2.10895860733
-2.54114004386
-1.94315561001
-0.542529870696
1.11180853573
2.40831191929
2.9450794169
2.685855731
1.93342591131
1.14655245525
0.700933467338
0.715160025273
1.02237307186
1.29089219163
1.22310080578
0.727586079212
-0.0208891073785
-0.658999022256
-0.807362553457
-0.252733004844
0.944040459932
2.45790143192
3.81491650882
4.5570362574
4.38762920669
3.24831911492
1.31394686923
0.9905374080495477
0.6257109969836705
0.612704570626
-0.978854763031
-1.7611341194
-1.75138332784
-1.1415548181
-0.258754689261
0.519709102867
0.882761678683
0.696915366812
0.0645939558985
-0.706897922813
-1.22742024971
-1.19505463497
-0.543657186396
0.504343375281
1.5140650127
2.01906674196
1.73074523689
0.680799891057
-0.772806177764
-2.0850809407
-2.74944217784
-2.50877284867
-1.45702121195
0.0129542772876
1.38787221541
2.25359577486
2.4545347871
2.12447055751
1.5847185646
1.16874569957
1.06329638721
1.2408645295
1.50694527357
1.62589581861
1.45237741091
0.998964319999
0.410296844656
-0.133081043302
-0.52136124133
-0.771164020172
-1.00145883413
-1.34794514285
-1.86857988115
-2.49570290426
-3.06075684957
-3.373955974
-3.30947351771
-2.84569527507
-2.04044782515
-0.96448982936
0.353996385821
1.9253754286
3.72449528374
5.58716823949
7.15085576461
7.90462629638
7.36160268055
5.29579660855
1.93275279605
-2.0174204595
-5.53684889233
-7.64258819231
-7.76363296572
-5.98729810084
-3.05332894565
-0.0795764850688
1.87583872642
2.23156110949
1.09733473466
0.2644918198729016
-0.3613620842679097
0.011442168419677046
1.6311244720473042
4.0993386331550425
6.560334564382728
8.089865699215622
8.104384569395833
6.609001006423554
4.1834938276583955
1.7282940596917626
0.09760667038345616
-0.213379911183
-0.239078280883
0.655183530134
1.88433408012
2.93269330965
3.51247187434
3.58094543353
3.24645672338
2.64516340616
1.86931098863
0.979764742367
0.0725376961983
-0.669939293655
-1.00341190871
-0.731650125213
0.151979713392
1.38026062004
2.45755148672
2.84294661911
2.20013026495
0.593133968833
-1.48195747887
-3.26768861436
-4.05723107681
-3.50977266018
-1.81886750375
0.354227500608
2.16046308623
2.9306417935
2.45990386986
1.07565894472
-0.540800689814
-1.68951721993
-1.97887195348
-1.48560398136
-0.674403344474
-0.125272787295
-0.213338686853
-0.908124812226
-1.79602034566
-2.31301770634
-2.06456205863
-1.06247244227
0.249826026533
1.2034691373
1.2402279461
0.20631840203
-1.55081123525
-3.33920732294
-4.45911440086
-4.55078950045
-3.77401097568
-2.72178067075
-2.10553230327
-2.36914964539
-3.4321874013
-4.70412205999
-5.37735913326
-4.86234191952
-3.14619516269
-0.880984429415
0.868502057943
1.12132951248
-0.503547642188
-3.50342286028
-6.59878746508
-8.21603410045
-7.15501680722
-3.15450467353
2.90076674694
9.24069027132
13.8474319744
15.2151330429
12.9207051729
7.77214541825
1.47757722988
3.49646491353
0.319841770057
-0.160939226943
1.44928449225
3.83627185223
5.58344981773
5.76835367585
4.30324346112
1.89658151589
-0.321597330147
-1.32930157294
-0.66281303283
1.39801915298
3.97119407388
5.96091425528
6.51480778483
5.35548110545
2.85846142276
-0.135944204308
-2.67760853837
-4.06834898121
-4.08271325001
-2.9741659811
-1.2920703588
0.386546126671
1.68135773521
2.49557411175
2.94682750189
3.20117303574
3.3123329457
3.15812981301
2.50968118873
1.19538971289
-0.732055462754
-2.92442449904
-4.81696249335
-5.83744594556
-5.65597403902
-4.35735605045
-2.44558206547
-0.663386027347
0.303882772961
0.112724563559
-1.09409126882
-2.75246331149
-4.12689215161
-4.63564193728
-4.1046313749
-2.83414893391
-1.44770143609
-0.593231451748
-0.636296049012
-1.48929036322
-2.65734278392
-3.47934459919
-3.44986441382
-2.46871559685
-0.898743338367
0.596707608318
1.3604313031
1.04743411287
-0.213549164473
-1.87774834244
-3.23155889822
-3.71065076297
-3.1395801163
-1.78479240155
-0.204979051054
1.0202418933
1.5478969733
1.3937202468
0.869941809552
0.384127948187
0.211620713979
0.361220517006
0.598911919933
0.607763264218
0.18971931018
-0.605215204705
-1.49493301494
-2.11775581029
-2.2366355659
-1.87999282238
-1.33710803753
-1.00500600076
-1.16662681797
-1.82152306411
-2.66642285065
-3.24455878578
-3.19042140499
-2.44024548015
-1.2903020008
-0.261732537274
0.166111368128
-0.183522768031
-1.07260874809
-1.95623070256
-2.26763594227
-1.73863645565
-0.58357797902
0.565704163913
0.963499545942
0.15517247583
-1.71888870726
-3.88860977609
-5.2350126476
-4.77865735937
-2.15732537102
2.13570499661
6.88133781108
10.5942533358
12.1190830884
11.1004496511
8.11576977736
4.41017164431
1.35263790714
-0.142396715963
0.0284378112622
1.17373096428
2.17471402936
2.02398379357
0.285040591241
-0.621062795103569
-1.9150241946106235
-2.55004984862
-3.86546284472
-3.63786732531
-2.32659211885
-0.728934145309
0.405663015554
0.69286975799
0.221062008191
-0.578625521238
-1.20994188257
-1.3828604464
-1.14198266186
-0.799930558135
-0.728308553658
-1.12914710541
-1.91190941044
-2.73800411647
-3.20254744826
-3.05128671937
-2.31568242303
-1.29649359085
-0.408496163277
0.0283119049397
-0.05964867159
-0.481937084306
-0.904236275212
-1.03713913064
-0.790419375918
-0.311234145672
0.110897974402
0.217429594895
-0.0638518922501
-0.566987176153
-0.968780039987
-0.960277746956
-0.417888119002
0.517218402146
1.4951488686
2.12210072905
2.15095053722
1.60141096623
0.749776396268
-0.00533355725834
-0.332721206533
-0.119100626002
0.492243892634
1.18909535465
1.6551297922
1.72617795252
1.46014693823
1.08982493474
0.888532708502
1.02167650085
1.46144316546
2.00652532368
2.39340288682
2.43927665394
2.14245622191
1.68974565837
1.36851574694
1.42840519262
1.9604293548
2.84976670181
3.82052817889
4.54694460779
4.77753276709
4.4189387093
3.55113662758
2.38013525822
1.15994314103
0.120864517719
-0.572837263184
-0.834875581547
-0.6531369935
-0.0856657307656
0.740065518785
1.63548065103
2.38238305476
2.79260539502
2.78010707995
2.41207207554
1.90433944116
1.54695713907
1.58022081233
2.07275430282
2.86256265723
3.60061454015
3.89115418207
3.47413919559
2.3676637116
0.898204756507
-0.40735182215
-1.03132264106
-0.68993986226
0.525935218789
2.16056067141
3.55569977242
4.10087050291
3.46784894386
1.73294716673
-0.659916507959
-3.07367579571
-4.91212296444
-5.81628674729
-5.75040319296
-4.95860957785
-3.82996733859
-2.74229450447
-1.9517661177
-1.56124957602
-1.55626083332
-1.86677722666
-2.41029274059
-3.09476061896
-3.79353451164
-4.32731834759
-4.4864929499
-4.10156554966
-3.13468459698
-1.74207827757
-0.261306255365
0.890631817096
1.3767376868
1.08985497884
0.220259608446
-0.801105896292
-1.47131313109
-1.43000185108
-0.627159582224
0.633760654699
1.80388153826
2.30877045058
1.79013239336
0.267092562842
-1.852824094
-3.9199101389
-5.28651692455
-5.54972705422
-4.69509178897
-3.08697261335
-1.31512451311
0.0353778634331
0.596656264609
0.331593474696
-0.488011536996
-1.41884194601
-2.03536788185
-2.09286252521
-1.60377642311
-0.806911905261
-0.0523216742422
0.345621393427
0.228795030157
-0.351624124447
-1.16091873594
-1.8673587597
-2.15357336783
-1.81474152286
-0.816591031734
0.696795608426
2.4399390425
4.05307767294
5.18242680289
5.55832454056
5.05857099229
3.74583902793
1.86930896911
-0.17594365029
-1.93067440875
-2.98150097138
-3.0739545973
-2.19547260083
-0.597413903079
1.26045676877
2.8356931295
3.66589887774
3.51735003014
2.46695336807
0.883185507768
-0.694886682198
-1.74388355495
-1.94376271682
-1.29767077896
-0.135865551841
1.00307625153
1.57366407335
1.23327838207
0.7194087740090254
-0.36227401238835455
-1.4453187701821975
-1.9602369699523194
-1.5583872352163155
-0.25346466786409394
1.5774950744500416
3.3368384980112182
4.438585039075875
4.5395772361451066
3.6783706527883027
2.2670435499142627
0.939495391619
-0.779521379968
-1.41262073278
-0.94848182073
0.265514272336
1.66638978971
2.68932150684
2.96691857986
2.43983185071
1.34395167927
0.0897065164438
-0.910886488776
-1.39891597708
-1.3485191996
-0.94996525195
-0.512744317808
-0.333325747587
-0.579655225522
-1.23170536516
-2.09258355479
-2.8591209549
-3.22372084508
-2.97434380926
-2.0650994263
-0.641112165786
0.986643284028
2.4105061441
3.22482797684
3.13273471859
2.03462250657
0.0718580461692
-1.0863947578828999
-2.2510581397464335
-2.92719937579
-3.69800827412
-3.53345816713
-2.61601602806
-1.34313598429
-0.187845299119
0.466766352386
0.458275631143
-0.108718046213
-0.918215365113
-1.57775767377
-1.77816393329
-1.41380768517
-0.616062177007
0.31094658762
1.02258912691
1.27705706835
1.03033287003
0.446069937513
-0.179009762253
-0.538269528452
-0.432833998725
0.164092141771
1.11774727173
2.20480598064
3.21058621636
4.00530468217
4.56810620892
4.9545991171
5.23057140655
5.40908898231
5.42434871982
5.15628343669
4.49473556101
3.41284324707
2.01450896486
0.531869792799
-0.730108022735
-1.48310354527
-1.54707755832
-0.912215605765
0.248855681179
1.62097626893
2.82473435583
3.51003675752
3.44086840206
2.55244653621
0.970017157954
-1.01359708277
-2.99789993742
-4.56216198659
-5.36424976263
-5.22910039362
-4.20276716626
-2.55217842114
-0.70319644538
0.87171066557
1.78581012024
1.84873940834
1.11664882501
-0.138295065112
-1.5302997036
-2.69729850823
-3.42100726684
-3.68282027918
-3.63419780784
-3.49616050009
-3.43373211512
-3.4634498919
-3.43875687068
-3.1237464313
-2.32475736496
-1.020024832
0.575974775759
2.05158078585
2.93424514743
2.8736127708
1.79646351389
-0.0342323443608
-2.08696240195
-3.73531338123
-4.47275158959
-4.08604350917
-2.72136144735
-0.820649761937
1.042511831
2.36053673272
2.8473990283
2.49932299064
1.55011275022
0.353038723928
-0.754494928614
-1.54965544831
-1.95723650604
-2.02122333839
-1.84416060797
-1.53011666906
-1.15484813744
-0.765378502393
-0.393790297701
-0.0659926654839
0.203809257621
0.426270863484
0.640660489805
0.89536341669
1.20723518989
1.52102374123
1.69931438553
1.56410789958
0.984914005474
-0.0223096691969
-1.23836705362
-2.27024580971
-2.67530278833
-2.1411190859
-0.645571934805
1.48245247672
3.64615476395
5.1901276908
5.65684088256
4.98078405635
3.52924432427
1.96175101319
0.961208000836
0.951212989698
1.92542015233
3.46769690361
4.95564521884
5.85406866584
5.96028924516
5.48297455667
4.91341292126
4.74805564801
5.19641403027
6.02180901132
6.60503413824
6.21728893096
4.386310999
1.18709507763
-2.68734664169
-6.12736833232
-8.01198951085
-7.65548279139
-5.10741856633
-1.17476562844
2.85129220887
5.65897289251
6.3873774403
4.92235296512
1.90753073211
-1.52285355362
-4.17507551916
-5.2206121958
-4.45862422812
-2.33411270932
0.272280430756
2.3852854223
3.27369511335
2.67128503013
0.82082076712
-1.65015773996
-3.96004441792
-5.42558615269
-5.65888762399
-4.66013828422
-2.79243530409
-0.656548871262
1.09413533828
1.9462914687
1.67356213225
0.394987555444
-1.47467706571
-3.36986331838
-4.76802478929
-5.36463995254
-5.16370561263
-4.44737273654
-3.63631700189
-3.09966257474
-2.99769391256
-3.22827659289
-3.50146299257
-3.5060518043
-3.0857749917
-2.33525404584
-1.56316981796
-1.13610765767
-1.27932776149
-1.93782667748
-2.77628545119
-3.32932706233
-3.23587793312
-2.44267373126
-1.26896077898
-0.287129569806
-0.0638423598459
-0.879275646877
-2.56069605184
-4.51865598164
-5.98039879083
-6.32003822808
-5.3353693108
-3.34237535831
-1.04185973831
0.781333348676
1.58843881346
1.29649076418
0.277400294365
-0.842859828434
-1.48145204069
-1.3490668695
-0.541391566187
0.556636955954
1.48934476091
1.9523919773
1.90829905537
1.5503013536
1.15338369867
0.908654014901
0.837888181763
0.830782978043
0.770299079113
0.656277301621
0.636942178084
0.913937784287
1.56842477961
2.41612121959
2.99993748194
2.76333465501
1.34626303161
-1.13793460466
-4.0030445587
-6.1591109459
-6.51630095648
-4.46585550744
-0.221647697812
5.15229770966
10.0728159401
13.010220226
13.0686819169
10.3260363025
5.78362374938
0.946327158354
-2.514404746746891
-4.1006077953149145
-3.907911856563672
-2.7404883913832236
-1.6622764408209463
-1.4734079447008668
-2.3540153314349226
-3.828174924141365
-5.044428137813014
-5.221981162623365
-4.042254819389342
-1.8032237566693965
0.7240465486955969
2.653279986882467
3.375710183208284
2.8029846345001914
1.358741884010385
-0.25668350152243136
-1.39874397449
-2.14781356095
-2.17758994326
-1.84662649329
-1.55583923385
-1.52537832173
-1.69859313558
-1.80878632973
-1.55680437407
-0.794359017655
0.385689081226
1.69282623642
2.78175678855
3.40952080356
3.52139015723
3.22727014441
2.69618562119
2.04280228684
1.28075421675
0.373052320334
-0.653859200847
-1.61144240241
-2.14465930509
-1.85222205064
-0.489887484893
1.84131903579
4.6284567667
7.06002630985
8.29435500402
7.77982914723
5.49029294121
1.96853558359
-1.84878397673
-4.95724218785
-6.6299919578
-6.64525398793
-5.31334267544
-3.30790405266
-1.38543446
-0.114070337954
0.285463055259
-0.0566891294238
-0.785423772455
-1.50207068371
-1.91948724746
-1.9376841279
-1.63194649606
-1.18279298816
-0.791019645513
-0.61106024384
-0.714309959772
-1.07680367864
-1.58206599467
-2.03792137119
-2.21473898328
-1.91083607269
-1.03557988467
0.319641356046
1.86296832831
3.16515461271
3.79958857081
3.51292407687
2.35255302629
0.682703273107
-0.14423827941622847
-0.38891707013964094
0.21926738793833067
1.5502331884060823
3.1021450170163263
4.19987774300354
4.286269630480746
3.1817271541131333
1.19516204550672
-0.969067229121
-3.23424479402
-4.1960725994
-3.65013679746
-1.90147747344
0.368669423128
2.37512728228
3.52054121415
3.58673978973
2.75803601334
1.48660510064
0.276103090346
-0.515172080698
-0.773504297109
-0.608700254752
-0.247607448978
0.0911554682859
0.280514289864
0.300506111816
0.20158609085
0.0553656568726
-0.071690252459
-0.112406822642
0.0188191094172
0.422650624445
1.17059918393
2.23175510196
3.41231390222
4.35771514821
4.64403671238
3.93983244307
2.17498395373
-0.365169957849
-3.08032196642
-5.2345281159
-6.21379765802
-5.75887668967
-4.07256140686
-1.74994561036
0.44501171486
1.86622374789
2.21712200538
1.63295476826
0.584858227037
-0.346360490902
-0.725046707725
-0.434928626149
0.296252400558
1.02280200337
1.29457698994
0.861725030655
-0.215142039602
-1.58934806085
-2.76863511356
-3.30796374054
-2.97620678599
-1.83653303066
-0.219530892516
1.3903494039
2.50715472251
2.78127277912
2.08325528361
0.517762155888
-0.10673163467434676
-0.9227533719319467
-1.5496494303774568
-1.699535263849711
-1.2311686768869095
-0.160226589286
-0.134492552341
0.15058326847
0.500272717145
0.782739110923
0.949634165099
1.01833866326
1.02855636824
0.99785057773
0.900941253706
0.684809089417
0.311473395998
-0.196880496951
-0.740005492074
-1.16604357044
-1.33550028538
-1.19285079647
-0.806906309856
-0.352912152055
-0.0377887186903
-0.00103185850183
-0.240709528684
-0.605997274996
-0.866637236845
-0.830114703155
-0.449615284314
0.134321864091
0.645833775457
0.800619279581
0.449082893221
-0.335181284894
-1.26940392459
-1.97746176242
-2.15635997131
-1.71533132699
-0.820518201138
0.177396357899
0.899020856835
1.10184434246
0.777942977719
0.14030588371
-0.490873983361
-0.842781202492
-0.809284254294
-0.480326560621
-0.0745327436572
0.183219334096
0.173083489553
-0.07453165115
-0.415592317321
-0.682133314701
-0.77066676815
-0.681452302015
-0.49392832447
-0.302958576977
-0.162483937839
-0.0746657066757
-0.0290457818156
-0.0586334926213
-0.262677849646
-0.762469509839
-1.59992024445
-2.63423693256
-3.51056449508
-3.74941308413
-2.94439176537
-0.988278867577
1.78804228764
4.6571357015
6.73354270839
7.32743397351
6.26083741911
3.9913079889
1.46286292135
-0.273062836956
-0.509890577365
0.792965916474
2.97686321152
4.96892590695
5.76685567962
4.9049568899
2.68224012024
0.0375265625696
-1.88050777987
-2.25447931738
-0.998400345172
1.1758177459
3.06570565446
3.5250909958
2.0016203058
-1.18344852746
-4.94530249675
-7.88947625146
-8.90687674606
-7.64472114759
-4.6478433487
-1.11687976686
1.59811641441
2.53796017969
1.47502388151
1.0725494344876836
0.14370021810663047
-0.343132727763
-1.92643995768
-2.40546781653
-2.14129055284
-1.64644738425
-1.29507235048
-1.16490105532
-1.07294691043
-0.759512494126
-0.1013419224
0.770554879821
1.51187646108
1.73749638346
1.22735984989
0.0533959804229
-1.43835957378
-2.77676345034
-3.56395911862
-3.62086023354
-3.01307035896
-1.96020833202
-0.695093816433
0.638772426939
1.99365297365
3.33448896418
4.53265368296
5.32238431236
5.37172440755
4.4498745359
2.60622478018
0.252638952197
-1.92247288751
-3.19723961348
-3.11891216209
-1.72428537253
0.438016153846
2.5120022573
3.68578546335
3.53467291575
2.19724163842
0.299644893326
-1.33926827363
-2.08499166766
-1.76930489606
-0.744546101559
0.313470165651
0.756809481315
0.299806803878
-0.82633767481
-1.97472887181
-2.39252747953
-1.59205432861
0.393154106522
2.98892626668
5.30773776798
6.51834233654
6.19001562605
4.45959567713
1.95463169229
-0.482021260298
-2.13506020531
-2.67475476799
-2.22724241934
-1.24676749437
-0.269267321546
0.32793855792
0.452285668338
0.265535983479
0.0337159432225
-0.0517489575295
0.0138578941864
0.0561866096589
-0.163074178428
-0.790277087309
-1.76747050184
-2.82315144885
-3.57313432583
-3.68536921012
-3.03371584915
-1.77265223868
-0.301534254668
0.865610229252
1.27217356046
0.668522622886
-0.5066642851045913
-2.3553437345201615
-4.401402797153352
-6.1337857150323885
-7.145923555039971
-7.238590629623587
-6.462312406355423
-5.091675574123798
-3.539905951469109
-2.236457363001904
-1.5012171013900968
-1.4528422906253269
-1.9818527018535121
-2.8001841431798056
-3.552112691243096
-3.9464921800943245
-3.8587883127863876
-3.3611474340941925
-2.668242692437232
-2.0241862662823564
-1.58391045025
-1.7236962034
-1.92666486909
-2.00792187784
-1.85593699727
-1.5117343646
-1.16060828157
-1.03324749543
-1.26329682195
-1.7775412427
-2.28564019602
-2.39016001153
-1.77567073418
-0.389055731853
1.48241606945
3.28690306851
4.41768211502
4.46924383032
3.42318026376
1.67331860959
-0.129037165242
-1.3450689591
-1.61314654184
-0.988131639857
0.107187712955
1.09296529325
1.50389666839
1.1930597501
0.374821030945
-0.506383833347
-1.00969312545
-0.914504444246
-0.313647712637
0.45751913785
1.01176816348
1.11599300627
0.803495117913
0.336193295988
0.0422349564682
0.122012453109
0.532598184255
1.01743545028
1.26717426793
1.12207781979
0.697997801787
0.354111670692
0.504796831044
1.36685326937
2.77868615978
4.20252369792
4.9329620858
4.42728241926
2.60042029739
-0.0694409346694
-2.69626214651
-4.34923713566
-4.46353479476
-3.10478436633
-0.953330847578
0.996926401865
1.89296261224
1.41932032391
-0.0535165852696
-1.64642410761
-2.39796678149
-1.74169578017
0.193038132721
2.60537635348
4.36960372347
4.54870859846
2.83812298585
-0.267633275412
-3.66578671679
-6.10936619792
-6.73535835776
-5.42096404974
-2.81432640672
-0.0371731009431
1.79561183912
2.01917419001
0.633844624932
-0.2249338910103944
-1.280787707712733
-1.8284094364471883
-1.5548544681600447
-0.5741665376578595
0.75243903225
0.387178811393
-0.0650952849265
-0.429941418997
-0.405858081319
0.202535453116
1.30510904824
2.51078458645
3.29441206511
3.2617329725
2.37008479415
0.980527462031
-0.297250259364
-0.896885913054
-0.578630132736
0.442669933938
1.59634239583
2.23872621583
1.98227323312
0.906070716724
-0.461219273171
-1.38345873998
-1.26997198226
0.0307251409154
2.13855936535
4.29548708033
5.69117298395
5.80624039691
4.61467630671
2.55981623874
0.32964101928
-1.44949924732
-2.45169216958
-2.7191436153
-2.548900362
-2.28048895188
-2.10863397429
-2.01868541388
-1.86492269311
-1.5281571794
-1.04575028544
-0.627626913944
-0.543438164735
-0.947188432865
-1.74902532497
-2.62281352224
-3.16211037789
-3.10776460049
-2.51892533219
-1.77845676823
-1.4082297242
-1.7768442572
-2.85347626866
-4.15365182887
-4.93298177037
-4.55501646155
-2.85636188484
-0.313924701906
2.09714270733
3.31600907894
2.69687827058
0.353692060524
-2.83714642284
-5.60468531964
-6.86711620666
-6.25760002576
-4.32839115377
-2.3109667387
-1.52076384553
-2.67529477648
-5.45388145108
-8.53092211264
-10.1016522605
-8.68689233478
-3.86121643475
3.43246981266
11.1438838459
16.8600909108
18.7257260541
16.1506158031
10.0099497571
2.26488684243
-3.880939146887144
-7.637341214701237
-8.368531033673293
-6.596047854416298
-3.597845533197784
-0.7641902176898299
0.9833873682583629
1.465800351473149
1.1361625170304848
0.6956261910338384
0.6612964352046191
1.1080944975855687
1.694418359829001
1.9254340324785488
1.4888231445692526
0.4727749153247487
-0.648997103809
-2.0839440167
-2.54033973553
-1.96505722748
-0.740089749714
0.504997258538
1.19739169572
1.08525446118
0.331659700093
-0.600083225589
-1.20113681792
-1.17658730942
-0.579817344723
0.23714091463
0.81983131855
0.845611798477
0.27621505107
-0.640547940369
-1.50736049267
-1.97124017969
-1.87302512002
-1.28488427154
-0.434112513577
0.428894154318
1.13906711038
1.64717725294
1.97161544659
2.11930052208
2.03880330401
1.64290635541
0.888030337682
-0.144306131649
-1.22661845353
-2.05479829082
-2.38193226619
-2.14607886432
-1.51557661333
-0.815151093437
-0.361503856362
-0.291907073016
-0.481002607468
-0.599564827227
-0.294074898675
0.602668531805
1.94338790717
3.29704455392
4.1339160715
4.07752803458
3.09587700119
1.53080943943
-0.054273119747
-1.1338369604
-1.45512010959
-1.12880424507
-0.531955541989
-0.0803486088504
0.00205938312187
-0.212425066889
-0.435008284748
-0.377152770013
0.024918096299
0.518175234475
0.643486819405
0.00344337131413
-1.4571898784
-3.32697902948
-4.85713558936
-5.30826360766
-4.34963412716
-2.29519476417
-0.023016670505
1.42188995827
1.37096222011
-0.0473932455095
-1.84706563677
-2.5617566002
-0.924628758374
3.4522971542
9.73165090349
16.0386274398
20.1455441128
20.3777593301
16.3448117438
9.16017464295
1.03232640048
-5.60903275875
-9.07512459038
-9.04872356015
-6.61183255441
-3.67162409992
-2.05642924249
-2.69667066725
-5.25632325263
-8.36452828878
-10.317822602
-9.91215730654
-7.01675664729
-2.63565818415
1.55114185508
3.93563108103
3.6661542671
0.963422159395
-2.3341793739502776
-5.465780531159453
-7.246617930265771
-7.233463877074215
-5.793803232537925
-3.805844291499781
-2.171282176889818
-1.391888617179461
-1.4031750523066364
-1.7123025456020997
-1.73228896571
-1.79681622329
-1.28711421835
-0.590677249764
-0.169365896027
-0.283597672274
-0.847462964965
-1.48726236232
-1.76115167754
-1.41195843797
-0.512859497912
0.57053244582
1.37573076495
1.58627216584
1.18986608945
0.469879453973
-0.159210593297
-0.378094735316
-0.12635169099
0.38247192478
0.796784722524
0.833656333292
0.439510450538
-0.183653472213
-0.698475081531
-0.82890414421
-0.521053826157
0.0236874277044
0.463623092527
0.516716413835
0.133162713301
-0.459504544904
-0.870678730719
-0.764415286633
-0.0646432622589
0.967289343745
1.83484440665
2.04696024132
1.38037176696
0.0292149894606
-1.44165791375
-2.32851010453
-2.10295899759
-0.663109685646
1.59658889739
3.93105629002
5.54090235426
5.88757618993
4.8918382213
2.93850228678
0.700240973416
-1.12962045541
-2.07607265509
-2.00180217652
-1.08162641322
0.325280579579
1.82589815402
3.09587748539
3.9067395287
4.10046326816
3.56198215334
2.23169649781
0.163186655439
-2.41011152396
-5.05525313213
-7.20776583491
-8.32421837071
-8.0676925777
-6.44787879385
-3.84891642509
-0.923685183829
1.60870455453
3.18328857373
3.54252890092
2.76974826129
1.20374620564
-0.22606502989332
-1.6193528414840728
-2.727331666754509
-3.4516181542528273
-3.79374336242266
-3.7896115196224827
-3.4702238409669377
-2.86466918345
-2.46932747867
-1.95917542089
-1.49676135758
-1.24876088163
-1.32160842215
-1.71182695795
-2.29964092793
-2.89253100256
-3.29952444935
-3.40163063605
-3.1870324147
-2.73893113131
-2.18805482259
-1.65745638228
-1.22656238323
-0.926353977695
-0.758023867364
-0.715311132876
-0.792644808259
-0.97492499841
-1.22061681214
-1.456968003
-1.59932882073
-1.58957316317
-1.43232734201
-1.20343751461
-1.01749927749
-0.964787893332
-1.04930637938
-1.16530699923
-1.13378754813
-0.789462589928
-0.0785232299624
0.884563981433
1.83799385575
2.47132834173
2.56125280075
2.08039838649
1.22328258346
0.330903530359
-0.255090260666
-0.341280476757
0.0370814507041
0.64382879325
1.1648682281
1.36597973993
1.20710809426
0.856240507785
0.596442962843
0.6737897476
1.16409286837
1.92682760629
2.67004127509
3.09306784078
3.03387361527
2.54558678476
1.863551861
1.28114681198
1.00005267456
1.03382461866
1.21534303052
1.30350795803
1.13116864737
0.712985740623
0.251626482348
0.0339987144824
0.268909832025
0.952318838301
1.8370238643
2.53324006254
2.69936272232
2.23197113479
1.35710763095
0.566599425028
0.41522651171
1.26301324198
3.0787622439
5.39980457537
7.47712594052
8.55375170626
8.16406078274
6.32959533203
3.56836411709
0.711388328325
-1.40088598237
-2.22190104271
-1.68388433006
-0.19585573311
1.53860721761
2.80764194907
3.16814475539
2.60823409905
1.53706975637
0.610670746019
0.462915666223
1.44382834859
3.46233976194
5.99144630213
8.23491590799
9.39709050548
8.96053856972
6.87283118749
3.57501235674
-0.139883293548
-3.3888198097
-5.48742875335
-6.16101631406
-5.60233514992
-4.35904568785
-3.09993282259
-2.35610121927
-2.34129721251
-2.91965566829
-3.72394248419
-4.36097019881
-4.60334016158
-4.47601654672
-4.19922883978
-4.02165014167
-4.0350368206
-4.07463953855
-3.77005913195
-2.73584703356
-0.815799642959
1.74255537816
4.2849794643
5.94635461538
5.9785980251
4.07471430932
0.543436336926
-3.75330067081
-7.68671972326
-10.2592067937
-10.9509145133
-9.87327638267
-7.67209584521
-5.2316297103
-3.31444336441
-2.29235234047
-2.07399753161
-2.2400286333
-2.3031292795
-1.96069245125
-1.22346325947
-0.372611666495
0.215950943439
0.280371621202
-0.192346611327
-0.96685688693
-1.68396115397
-2.03652545842
-1.90452134943
-1.38572331981
-0.717667337401
-0.142932371449
0.205838984906
0.343231569476
0.381140292037
0.432054423993
0.529438758576
0.61407624429
0.591769776129
0.422033832926
0.17655725595
0.0230572014453
0.135541773172
0.579768183759
1.24418724004
1.86721661441
2.15961745814
1.96385230596
1.36315322207
0.670894767698
0.290035414536
0.503650291582
1.30267533277
2.34887736238
3.10933405906
3.11160141418
2.20010823368
0.661528824237
-0.859037082927
-1.63092819517
-1.18370294976
0.435760671849
2.62583996914
4.44751244408
5.01362933099
3.88290396009
1.28181463212
-1.95061340099
-4.67890222601
-5.91650511784
-5.21233860935
-2.8178571811
0.428169862829
3.43788002627
5.2853599887
5.51986224662
4.26554671336
2.09276343296
-0.256595295251
-2.15653253962
-3.27865966206
-3.61559559758
-3.37369601585
-2.81713526867
-2.15062867881
-1.48807329748
-0.895814858177
-0.456024550531
-0.290467666802
-0.517763141247
-1.16659921988
-2.10307662633
-3.03051059164
-3.58321448532
-3.48183684349
-2.67696136666
-1.40398866343
-0.110376379962
0.721809662035
0.780818276629
0.0623533415115
-1.12745597085
-2.3070348491
-3.03037275766
-3.07601082584
-2.52744010526
-1.71168219468
-1.03133684711
-0.775019726483
-0.997678158974
-1.52352741227
-2.06088483263
-2.36266461881
-2.34669875704
-2.11542533023
-1.8705898495
-1.77549925808
-1.84504290462
-1.92765489656
-1.79218304779
-1.27343446578
-0.394720542725
0.606249751297
1.37308206
1.60793735002
1.2425963268
0.511327473733
-0.122977895483
-0.166573940335
0.670584744933
2.31503117692
4.32672924757
6.06363296614
6.94525834562
6.69734825787
5.46535117362
3.74370689971
2.15345127682
1.17178831311
0.939662712206
1.23567140357
1.62444457268
1.70326873595
1.32307090745
0.672491168271
0.181210370798
0.288745924923
1.19379315938
2.7126153083
4.32508732643
5.39662626198
5.47651785794
4.53097844813
2.99453640756
1.60571962658
1.09442751117
1.86047430238
3.79032260783
6.29700617503
8.56508295707
9.88695776684
9.93506359745
8.84701952482
7.09296694928
5.20145273741
3.48976165047
1.9411302731
0.294746638439
-1.69867404216
-3.99638586136
-6.12369411544
-7.27955489696
-6.67173738214
-3.94132487294
0.528961817371
5.59702840016
9.68847206069
11.3645312586
9.90381948264
5.64339246216
-0.0875687491501
-5.4390114572
-8.73642341752
-9.11750322249
-6.84166510343
-3.14105024435
0.321731667363
2.15389347275
1.78858447317
-0.33855765967
-3.05686446083
-5.03859957573
-5.41842518676
-4.17317360445
-2.09612616393
-0.388912272216
-0.0692592886198
-1.47407583643
-4.08875885958
-6.77943763562
-8.31765829653
-7.95341290512
-5.77289812551
-2.67877676408
-0.00411752907151
1.0641905592
-0.00445473805733
-2.86128260023
-6.42911538088
-9.34793309999
-10.512467512
-9.47246379574
-6.54204547646
-2.60212269194
1.28747719547
4.28115364487
5.98247448539
6.45041780277
6.02042303112
5.06270675385
3.80985391409
2.32836492066
0.620056800382
-1.23257858082
-2.98151976939
-4.25226407744
-4.69460090602
-4.16501173145
-2.83705945614
-1.16938329833
0.266703808719
1.02443855855
0.971576310511
0.340639750875
-0.386915010426
-0.709329767517
-0.338870932781
0.667172123776
1.93771999104
2.96330042397
3.33120683952
2.9114384099
1.91154914529
0.782150812442
0.0231620762663
-0.0182653094961
0.728943966614
2.05903667916
3.59592992338
4.94609330017
5.82529085514
6.11100095842
5.81682868179
5.0253076412
3.83082879815
2.32898751151
0.652920773741
-0.977922823712
-2.24563323811
-2.79234073173
-2.34557390847
-0.864927796923
1.35946466206
3.71836716554
5.4275198563
5.77211100783
4.37154206273
1.36489254214
-2.56343332755
-6.34585466689
-8.84208517403
-9.2010602596
-7.15210970097
-3.12075856348
1.87930891798
6.55033285978
9.7129254004
10.6711214955
9.4133552504
6.57802504613
3.19593215349
0.304064017594
-1.42525251792
-1.89966044143
-1.58492566542
-1.25711751292
-1.63135699682
-3.02212355985
-5.18001360459
-7.37849461956
-8.71909934285
-8.52823955295
-6.67501865816
-3.66828061445
-0.482843971443
1.81861869945
2.51088252646
1.49748943978
-0.657948684556
-2.97498039882
-4.46932031283
-4.55692377894
-3.27527904799
-1.22997712673
0.703042235809
1.78148492501
1.72422721142
0.817641321674
-0.241600291613
-0.690027336463
-0.0676854766455
1.55285219178
3.57977688982
5.14820077984
5.48703110376
4.24515247174
1.63936583672
-1.63070785834
-4.65382792747
-6.64282825535
-7.19630293766
-6.3912184675
-4.69054738467
-2.72670199315
-1.06271648665
-0.0255190940973
0.340362545772
0.208402086517
-0.152918576019
-0.498891070258
-0.679529778711
-0.652413949349
-0.455223234285
-0.166065234322
0.128009591184
0.349723824332
0.444420550698
0.394124854678
0.23099754879
0.0393023195479
-0.0652524547554
0.021065002318
0.339809271239
0.839531761126
1.38593888601
1.81521769035
2.00806288295
1.94657339586
1.72089929951
1.47725765091
1.33157523433
1.29531591093
1.2578403659
1.04157948597
0.50590286728
-0.16025044956199963
-0.9891098143375672
-1.7063154205158497
-2.053143147381846
-1.9215345900248195
-1.423749298528051
-0.8524497583376274
-0.5429427730582574
-0.7035655922977924
-1.3027932679208618
-2.0776132624875316
-2.666589518153529
-2.803416045876787
-2.4690996847067055
-1.916035922111817
-1.5408936222949023
-1.6644200469
-2.59391582486
-3.77214071976
-4.67934518508
-4.82583434029
-4.01987512515
-2.5069299236
-0.893900373408
0.121422932082
0.0910339478107
-0.944214915951
-2.44929450136
-3.64358589392
-3.89223492077
-3.0456745363
-1.54420724677
-0.212345684088
0.176525142878
-0.642837799315
-2.18829970509
-3.36011514791
-2.91804362247
-0.1066217002
4.86489709106
10.7397244402
15.6123241793
17.6723685022
15.9848858121
10.957896139
4.2677570236
-1.75735078255
-5.05484576529
-4.66340638888
-1.11821788834
3.77004756176
7.66559489247
8.67308035567
6.11277730606
0.783655759838
-5.38612768792
-10.1415701793
-11.8103471105
-9.94055866534
-5.41636406327
-0.0304042163012
4.28072633278
6.20324743675
5.50044592407
2.99090070881
0.0971891779319
-1.81270162142
-1.99969025108
-0.610546713611
1.46395168187
3.03762134171
3.17163488695
1.57704531257
-1.28009595073
-4.3929836321
-6.63749637796
-7.21921630904
-5.9645208359
-3.35313121748
-0.299395716466
2.21395229711
3.49851346808
3.38286040757
2.22274318292
0.711553377595
-0.423278629523
-0.71616271455
-0.13987217109
0.899578333545
1.7428614998
1.76082428912
0.632393650893
-1.49096307976
-4.00189519198
-6.03680515869
-6.79150313756
-5.83892239122
-3.32824084347
0.0168773306097
3.11172044969
4.86733070142
4.56566523058
2.11682379626
0.3086224605729626
-2.0015349568870704
-3.62185742209
-5.8425812428
-6.06970335674
-4.5693185651
-2.11529206932
0.307095612515
1.84507198143
2.04593118771
0.961808061603
-0.928689749399
-2.93518367595
-4.41666561874
-4.99335870088
-4.64246661616
-3.65944255778
-2.51443988617
-1.66471980769
-1.39041905739
-1.70536945838
-2.36540535068
-2.96461563682
-3.08435235268
-2.44605661253
-1.01921716042
0.950620035192
3.00502792478
4.60987975359
5.32431187246
4.94617367923
3.58374767678
1.62713666874
-0.372207052306
-1.87171612553
-2.49728120066
-2.13710184907
-0.942212241927
0.756093398077
2.57036455562
4.17015714296
5.3453442714
6.01047396804
6.1707942675
5.88436360338
5.24591866721
4.39343219625
3.51393310638
2.81812655031
2.47085444936
2.49847721909
2.72462943659
2.79076392785
2.28720750777
0.963544289196
-1.06885204097
-3.25197102572
-4.69272179814
-4.46961635153
-2.03624897432
2.44461519819
8.0022570538
13.0812517508
16.0418077946
15.763264654
12.1107682269
6.05902410765
-0.605148169066
-5.90766728838
-8.40282932126
-7.69442436854
-4.5485432767
-0.549547875845
2.55945167514
3.57779693438
2.29967096617
-0.465438620328
-3.30209552567
-4.84331938153
-4.38417133492
-2.19179785379
0.615464490849
2.56042830134
2.45444372003
-0.0771570701169
-4.41018255835
-9.14775789473
-12.6563798695
-13.6884908859
-11.8436127094
-7.6972819104
-2.56750067783
1.96968026495
4.61776165826
4.75181034918
2.54164999301
1.4677386015981
-0.03265465842629567
-0.932226159142
-3.18690653011
-3.98896338798
-3.55968881034
-2.35541314464
-0.869311109625
0.514854706082
1.58108041498
2.25946059423
2.56246717062
2.52403007177
2.17203978659
1.53972489703
0.698156078636
-0.219069660582
-1.02333653699
-1.51784959809
-1.56922876732
-1.17297984118
-0.478968845988
0.243937938902
0.699818794392
0.682715608886
0.170173980674
-0.652323630507
-1.4567043848
-1.9092243161
-1.8242751563
-1.264412739
-0.531665343971
-0.0400585817467
-0.115860395335
-0.814179104738
-1.84520473261
-2.66272854462
-2.6952096448
-1.62689942822
0.400818159397
2.77667789601
4.62766257143
5.17876965061
4.11483266768
1.77659424391
-0.917721540022
-2.81824589987
-3.02639425592
-1.31097236582
1.73247832904
4.8679490177
6.69254438891
6.2103708033
3.26836300281
-1.33275227495
-6.1052810378
-9.41423806768
-10.072697504
-7.75786433112
-3.09521527075
2.59922800475
7.79092320558
11.2135185193
12.1909202569
10.710239682
7.27902471248
2.68276470424
-2.22983092833
-6.66221551147
-9.8988776375
-11.3214397065
-10.4870957977
-7.2861550085
-2.11340300833
4.06521926042
9.85393773536
13.7932854326
14.8484983735
12.8274835267
8.52886359782
3.51324500906
-0.450873628982
-2.06198820341
-1.00349561304
1.92461931602
5.13324855156
6.9058462359
6.11918534102
2.71605740054
-2.27303317125
-7.16640457883
-10.333427148
-10.8562833927
-8.8685405304
-5.43639521887
-2.05316640708
0.015108744439
0.239828457341
-1.01926426346
-2.76607333581
-3.88379883694
-3.66440115669
-2.11090135546
0.110133249129
2.02088076597
2.80721117486
2.18926391121
0.523273673039
-1.39514797461
-2.71654252625
-2.92289224134
-2.03723963912
-0.575788104372
0.7153950016
1.20269260502
0.626748002853
-0.823324737164
-2.6340984941
-4.21049616552
-5.11425214276
-5.19528800981
-4.57856758791
-3.54258047476
-2.37004693123
-1.24843303219
-0.255533583567
0.588532226904
1.2561805839
1.68551250697
1.8097755399
1.6188239347
1.2036256141
0.743073241519
0.428571346596
0.364223707118
0.502681465329
0.663433420244
0.636343906176
0.321801466219
-0.170648214575
-0.531459660631
-0.383240029639
0.515203813651
2.09116223659
3.90569522304
5.27503364872
5.53300199054
4.32849788605
1.82361557143
-1.30837299159
-4.10227762503
-5.6576191801
-5.48728042524
-3.71045309581
-1.0059362117
1.65580158886
3.38826702262
3.71380658415
2.70449115052
0.889333560122
0.3040198195081274
0.20009606702306826
0.7845378435902575
1.8587536845678017
2.9734616729864882
3.69172803955
2.41451096657
0.729777060884
-0.9086155433
-1.97976596977
-2.14036528467
-1.38263712883
-0.0333719999726
1.40003019795
2.45789735736
2.91968514521
2.86893028102
2.60659617281
2.46241000316
2.60251826289
2.93133564749
3.1368975332
2.85673458049
1.88086298177
0.289371078053
-1.54661014622
-3.10549595036
-3.93345067633
-3.83820149961
-2.96758986923
-1.73676794465
-0.639758540092
-0.0352307486192
-0.00684528948625
-0.360711791995
-0.755115182523
-0.893656133794
-0.683395798003
-0.278629926894
0.011067054989
-0.0985386598183
-0.689407845707
-1.56027389469
-2.28844773055
-2.41213681651
-1.65173044851
-0.0673513563818
1.92303206026
3.67847137716
4.56842328337
4.20775410681
2.59807473976
0.123125630443
-2.59126319351
-4.888835896
-6.28133827131
-6.56577580859
-5.83502175529
-4.40138998789
-2.67962739051
-1.07576021657
0.0920321987127
0.638563379968
0.533585418773
-0.0928002235049
-0.968178416836
-1.73454587703
-2.05029331801
-1.71839982098
-0.793002194837
0.395028677024
1.33242812933
1.52617960708
0.743178857283
-0.821646897539
-2.5464086476
-3.58651320623
-3.22279294956
-1.21390406484
2.01113879523
5.43268254491
7.79195561571
8.08746139813
6.00880950476
2.10932262503
-1.3121563781648717
-3.896088370486268
-4.60711300454841
-3.2336249886568282
-0.47039186213672224
2.395807040363408
4.066507836543451
3.8227077554951165
1.8607251112737515
-0.7827089647592089
-2.68759148463
-3.72453859375
-2.47515246893
0.471250711967
3.79723136388
6.01892506031
6.11518138366
3.94659881815
0.287042076261
-3.53207454222
-6.19274459764
-6.91747708995
-5.72776674314
-3.34361197214
-0.801089653915
1.01455639472
1.70285383872
1.41487489056
0.658249112801
-0.0297010999119
-0.361152232835
-0.393898902628
-0.417878525107
-0.71906195892
-1.36668634415
-2.14661596354
-2.67486231053
-2.62160671969
-1.91426196517
-0.800870596964
0.265861200809
0.862524207482
0.818266314356
0.302348482456
-0.275693251845
-0.501456366761
-0.197524556115
0.465365676418
1.0573776329
1.13973611734
0.544895603875
-0.469263368578
-1.28882757297
-1.22054977337
0.15184575579
2.70973493722
5.7786129521
8.37062928295
9.58758665577
8.9993756307
6.82074214941
3.80444176752
0.90449180884
-1.12798602174
-2.02586701059
-2.03957460929
-1.72426556586
-1.60320037244
-1.88585492276
-2.38297886062
-2.65265404108
-2.28855713387
-1.1880092268
0.349321136647
1.74890205428
2.44964054634
2.20005582323
1.20271539135
0.0254345408035
-0.680027269474
-0.508691468319
0.48903826577
1.83130606831
2.85194831675
3.04511314604
2.32924510337
1.09199057802
-0.010305056915
-0.397648619842
0.121394030589
1.23347433696
2.26472136549
2.51692449113
1.62764622905
-0.228289611279
-2.40018184469
-4.05828910208
-4.58057581516
-3.83928629451
-2.24874580864
-0.556609695303
0.511082641573
0.570706554802
-0.28925767462
-1.62298737587
-2.91065275014
-3.84742875737
-4.47624284868
-5.09097885955
-5.96667566696
-7.07519160657
-7.96308435637
-7.89001409841
-6.18828902487
-2.67716683268
2.08355578335
6.85729499028
10.1253011498
10.6653205635
8.06797738642
2.95681653794
1.5251783353948554
0.830193164405
-2.50952537789
-3.08617223644
-1.3231501113
1.59181525835
4.23342528051
5.5112078294
5.04830487985
3.22823976557
0.925606495234
-0.928558446495
-1.740157889
-1.43975499842
-0.412399939202
0.75891376184
1.58838800759
1.87606266055
1.71720675174
1.35931533685
1.00828315142
0.69972799071
0.303346939287
-0.352527096558
-1.31765640633
-2.42019200834
-3.29667349708
-3.5458717532
-2.93169998823
-1.53076175061
0.255367600488
1.83747968157
2.66709353059
2.4533163573
1.27170780491
-0.479761445439
-2.25185912482
-3.56121548694
-4.15759975401
-4.07577502603
-3.56407393551
-2.93772137622
-2.43289194087
-2.12702500493
-1.95091377814
-1.77080105446
-1.48773239946
-1.09997879561
-0.699863823579
-0.413269908687
-0.318953340517
-0.392176238153
-0.501745589794
-0.46137244174
-0.110404205016
0.612536812233
1.63321556619
2.75450526307
3.70969644321
4.23510493099
4.13886062188
3.34927893773
1.93516692789
0.0968684176661
-1.1812193750170081
-2.258519636419379
-2.8482286854907954
-2.7850581730128425
-2.0831220615300623
-0.9491854007948177
0.2637196466541951
1.1582877280370099
1.4236965252305396
0.9517929354174015
-0.10574411529205463
-1.3665297270994046
-2.3300146323130377
-2.5392349391736815
-1.7379515819828413
0.030400698389655645
2.4157648951416633
4.849331744408744
6.6989611895873225
7.446067929096515
6.834818549529189
4.9551032151785535
2.2389854344433218
-0.6299146739747812
-2.876821155872335
-3.83354804483
-3.76478484791
-2.09305176108
0.666997971721
3.64927830507
5.86379402832
6.49312254775
5.16810585111
2.12327579875
-1.8393506429
-5.58692820686
-8.02509108271
-8.47238053291
-6.89803444891
-3.92480078932
-0.587010953916
2.06652300585
3.36779774249
3.26240973695
2.2844777947
1.28697197648
1.04601083303
1.91243940341
3.66243977257
5.60950280183
6.92264144579
7.00369126603
5.75221097215
3.60095335721
1.3124205629
-0.362972528949
-1.00572226955
-0.677849702571
0.155646939744
0.884731972814
1.05851492384
0.58628353257
-0.256691615943
-1.00966349257
-1.29077060648
-1.00354908919
-0.378027469916
0.171818825139
0.294208897447
-0.0869745314584
-0.712153880069
-1.12001443713
-0.911722572784
-0.00735577768751
1.24790522501
2.19970309222
2.18229792987
0.860239214497
-1.55667293514
-4.34353868345
-6.53944612501
-7.35693029845
-6.53355047137
-4.45686223538
-1.99648865428
-0.115031334743
0.562935789436
0.0206590465777
-1.17186416565
-2.16180623263
-2.25551215094
-1.2840566505
0.289724906491
1.58343747495
1.73326879851
0.35132180924
-2.22216773643
-5.00674179906
-6.78806801647
-6.66893640901
-4.51495098353
-1.08210823463
2.25037112195
4.04326103612
3.42186134223
0.491877234234
-3.64081130091
-7.26884113305
-8.74643186359
-7.15067646949
-2.67430846785
3.40721414117
9.17950684563
12.7673198651
12.9842304666
9.71270848885
3.88813754288
-0.7233089016373526
-4.582945057074724
-6.456631845399016
-5.90590481861
-5.34353301963
-3.64937925207
-1.87422807156
-0.809440724091
-0.758577605691
-1.52969727811
-2.6140599491
-3.45093776454
-3.66091329267
-3.16166706005
-2.14154355383
-0.928434036689
0.170808134217
0.984569532552
1.50067205234
1.80459815652
1.97657337749
2.00868208321
1.78926390166
1.16536949001
0.052550922052
-1.46575053484
-3.10644833481
-4.45116028157
-5.09034769897
-4.79026791472
-3.60862567214
-1.90093975532
-0.204058554253
0.962474076796
1.29672214358
0.829938910096
-0.0959737495158
-0.983339644574
-1.40047978557
-1.17239659225
-0.453442343017
0.353337188764
0.795596712049
0.59904846511
-0.183549865655
-1.17430165291
-1.82675987452
-1.66888970036
-0.522724509879
1.39945034293
3.56607825868
5.33139466008
6.18115790191
5.91059707012
4.66293972033
2.82633347398
0.853645760074
-0.900079014827
-2.24817646399
-3.13526414187
-3.54061366355
-3.40296678742
-2.63031911439
-1.19923376787
0.718816094976
2.70108915988
4.16089029891
4.57699139811
3.77335320263
2.10270537027
0.406065002115
-0.285871597183
0.786847374546
3.69039788759
7.62785918055
11.1498641272
12.7051440085
11.3214781358
7.1181426871
1.39400039716
-3.79606518828
-6.43780332382
-5.40702692843
-1.00224612597
5.0936494799
10.4394477827
12.8086434044
11.1069500123
5.84271774545
-1.0573027748
-7.0156727242
-9.83382380676
-8.5514605699
-3.7826055983
2.59343459838
8.22906674254
11.2353933174
10.8457578338
7.56220299353
2.77542435701
-1.91888668999
-5.37027277264
-7.20367867142
-7.72435177185
-7.51002900436
-6.94891880553
-5.98758805982
-4.22158136596
-1.26526361825
2.82113169658
7.30805651933
10.9366262871
12.3923975839
10.9019462781
6.66112567848
0.868149311395
-4.68530831738
-8.30238461675
-9.04905808839
-7.10492759369
-3.64183270714
-0.289771850653
1.56521151479
1.33696243374
-0.588738486735
-3.12044063481
-5.01864889112
-5.47295980834
-4.43374783012
-2.56311532773
-0.855592210629
-0.130614068369
-0.646268904764
-2.01029856066
-3.41158293632
-4.04075624267
-3.48630154573
-1.91764621008
0.019177306772
1.52527313414
2.02364790657
1.40413593089
0.0330950511823
-1.45685211324
-2.47788153056
-2.74203702998
-2.34539522157
-1.66084121617
-1.11480960844
-0.972604902567
-1.23868858312
-1.707534443
-2.11805386075
-2.31412760007
-2.31967714955
-2.29203276867
-2.38937149953
-2.63671600525
-2.87463737021
-2.82694037019
-2.25531383332
-1.1176813682
0.359454010938
1.74240820679
2.56477252845
2.53496848191
1.67736830747
0.337494012411
-0.953859555959
-1.69631616329
-1.61811093229
-0.770318640247
0.518534231631
1.79829980337
2.68681276984
3.00763091954
2.82127036675
2.34862537873
1.83417708503
1.41879704818
1.07984758042
0.659139549346
0.5906009196671391
0.11069643043049382
-0.7642606398041494
-1.860323639573238
-2.89989577954
-4.23779050024
-5.02609569096
-5.20501735292
-4.87128919103
-4.23985900622
-3.57090306955
-3.08566108735
-2.89683362199
-2.97607176954
-3.17221875223
-3.27915617035
-3.1333380864
-2.70429375327
-2.1353459603
-1.70389798837
-1.70130908632
-2.27187162231
-3.28090925683
-4.28529157567
-4.64709725758
-3.77090063383
-1.38153390718
2.27680958962
6.42482278418
9.95403433048
11.798530842
11.3353079853
8.64786883449
4.53146470112
0.220805243237
-3.06022541436
-4.54575158984
-4.18615335832
-2.6096329311
-0.807803532895
0.312601917264
0.311565896623
-0.636230254206
-1.88481731633
-2.67335983513
-2.51907574689
-1.456331089
-0.008668443468
1.08849843659
1.27503552821
0.469928994124
-0.860868697374
-1.91023904102
-1.91325435751
-0.524560858201
1.99237604665
4.85687405229
7.10218534857
7.9913322864
7.32430696679
5.49771592327
3.29768050819
1.53295447226
0.686674737981
0.748543709957
1.29488486953
1.76019263176
1.75229874903
1.24859845756
0.578301806216
0.209561527142
0.461992558486
1.30285814641
2.34022160758
3.02197564845
2.93945095051
2.07506536875
0.856533319756
-0.0245899759835
0.0483614650756
1.2850138991
3.33238062148
5.38704983765
6.53881370371
6.19424900697
4.38232161425
1.79076702594
-0.497970649631
-1.46406047868
-0.601363438187
1.83985620031
4.93129906853
7.43742953748
8.32064512636
7.16356686126
4.32835503991
0.788977073544
-2.28525669017
-4.01110255011
-4.13094261799
-3.07113174272
-1.70559673667
-0.938693612044
-1.29505910402
-2.69405435026
-4.49996068188
-5.81671782566
-5.89191960972
-4.45297545719
-1.83400285539
1.15362382557
3.5440690672
4.59196043372
4.04343090731
2.19882207951
-0.244938980422
-2.49230310259
-3.95482419757
-4.43878489851
-4.14840592785
-3.5220150263
-2.98899179568
-2.76289376817
-2.76145968482
-2.68096623359
-2.18060206817
-1.08436424231
0.496200678746
2.17537551068
3.43578704923
3.83464862914
3.1815935604
1.61181300722
-0.472224381949
-2.55789949982
-4.20444523536
-5.17069013239
-5.44118574705
-5.15522983134
-4.48929971373
-3.56119858078
-2.40594607391
-1.02952068985
0.499625311716
1.98522157712
3.11624669711
3.56850845621
3.15361889479
1.94103248422
0.282643718793
-1.2889080129
-2.25636959681
-2.32651833671
-1.55604317294
-0.331808388144
0.792500511737
1.33416220681
1.0875164664
0.204578179738
-0.886494251282
-1.68625151339
-1.85548771027
-1.36478547279
-0.493361659838
0.318649929589
0.689956514498
0.481772298753
-0.143267521737
-0.812933748226
-1.13935061043
-0.91698388207
-0.226643619779
0.603555076393
1.15667513557
1.12199823291
0.427821971966
0.6432012032525307
0.6777774717848217
0.7967478595815862
1.0973054512677294
1.492405761682008
1.815187747847503
1.983546876710605
2.12701392228
0.676479733618
-0.0193170520232
0.336693433334
1.71223145712
3.68175947215
5.54185292378
6.56762686605
6.29954466196
4.72931456539
2.29715159464
-0.299402145133
-2.3955007392
-3.61202117861
-3.95644813383
-3.73441246938
-3.33088542318
-2.98545449241
-2.6864866526
-2.24280311599
-1.49171969034
-0.52059449332
0.240167159281
0.137210955377
-1.3974145672
-4.48282680764
-8.55525473998
-12.4109633982
-14.5592372917
-13.7753812099
-9.63786630912
-2.81730414228
5.02888410523
11.7465371234
15.3904137827
14.8819696339
10.3684585615
3.14798410038
2.117250733401974
2.31822092225
-1.48706237667
-2.42742481311
-1.15776111237
1.07054814435
2.95099593282
3.60950760748
2.86012886985
1.15989645612
-0.681154268967
-1.88977420445
-2.05239638497
-1.25127146547
0.0176052534591
1.08645398364
1.40375858511
0.750615491891
-0.690457979286
-2.42492053385
-3.84424496375
-4.44949606266
-4.01857963281
-2.66521077765
-0.781052729228
1.1075801631
2.51302669554
3.13092849577
2.9127966499
2.04966502559
0.879079028371
0.3476656052640834
0.09279006411665591
0.15396095386503816
0.373544823279957
0.47072668688269914
0.16548365804595733
-0.6927062397354717
-2.04004587527038
-3.591852295420182
-4.920937223209293
-5.59623314936475
-5.333561794319948
-4.104238809302245
-2.161044433901452
0.029909502878041394
1.9294886279607937
3.0907061686320105
3.2932358233151433
2.603240659849348
1.34088140083594
-0.030733155973564408
-1.0560112197326674
-1.42644453578
-1.58954224055
-1.17905400259
-0.516127975027
0.0382361119177
0.212790922161
-0.0818856618474
-0.729828008536
-1.46179343223
-1.96349145252
-1.99981484308
-1.50824923457
-0.625202562474
0.365961371442
1.1456905743
1.48399108306
1.32996273566
0.82780828499
0.252422882351
-0.107843055889
-0.0703744533935
0.372392941374
1.06266430401
1.75861552627
2.2466842504
2.4302608828
2.35307844036
2.14941162345
1.95126317698
1.80542616225
1.64816415479
1.35383597554
0.831808362103
0.11581278924
-0.61098737967
-1.08068382361
-1.07156031932
-0.540501367597
0.317932451698
1.13048046282
1.50864878638
1.24489524456
0.442703156667
-0.49643506991
-1.04149494584
-0.789871677423
0.304410292964
1.84997423452
3.14202829937
3.45349772074
2.37124201815
0.022979499603
-2.91986100514
-5.48115560846
-6.76764407162
-6.33878991096
-4.39428534481
-1.69260005142
0.766050450688
2.15251382628
2.13475068334
0.976077875244
-0.629153200494
-1.89652203062
-2.30535825161
-1.80285651278
-0.774032623278
0.191425231958
0.608518252471
0.32582100714
-0.433794962164
-1.22731537504
-1.64696367828
-1.53478159045
-1.04202479767
-0.507050046011
-0.226710922954
-0.256615311415
-0.361833258587
-0.157580252558
0.628514621051
1.91703204381
3.20600791479
3.73577641169
2.83450523782
0.286046568963
-2.7240382852216953
-5.927036857194281
-8.106326313188674
-8.34100617073426
-6.416097868844318
-2.948497031481068
0.8437298232478554
3.639185477254827
4.562965929463729
3.5446018646997715
1.3241447195144644
-0.894697932246
-2.68265183017
-2.78134946278
-1.41349848032
0.558162156246
2.05927048612
2.3112080961
1.18106386171
-0.782017506246
-2.62953855887
-3.47197305153
-2.8922487405
-1.12290545052
1.0865174388
2.83688080106
3.49910652562
2.98644727383
1.75782686851
0.563331054138
0.0647930523334
0.517866841131
1.6643164364
2.87631614722
3.47250746801
3.04749915832
1.65780534895
-0.21651899545
-1.90439369386
-2.8498202394
-2.84357786699
-2.07781796789
-1.01280949079
-0.136139737383
0.25972733834
0.175269849596
-0.157909572751
-0.449389109033
-0.529846820554
-0.438462557845
-0.373135852155
-0.536421734966
-0.968608651903
-1.46832972329
-1.65593920778
-1.15888484823
0.169492893618
2.11088615627
4.10370076865
5.43236351727
5.51042022455
4.13526593445
1.59993661617
-1.3921104015
-3.97769464824
-5.44700548431
-5.49057829197
-4.28269766748
-2.37588128208
-0.460998536371
0.900042002615
1.45861218014
1.3142412723
0.802755771299
0.302785732207
0.0546210960757
0.070691397905
0.168526330001
0.0989225381659
-0.299365192804
-0.994703777185
-1.75660302886
-2.250305814
-2.18777604385
-1.4666833786
-0.235515622032
1.14424609768
2.22408576833
2.63158674759
2.20573413931
1.05197286571
-0.05664761569575205
-1.1417984562036025
-1.8373370535925773
-1.9609999458804168
-1.5650010383433113
-0.8958165034111119
-0.28282711776928693
-0.0019212434685158541
-0.1679550920310504
-0.6966337080901752
-1.3475826822963484
-1.8277228661423521
-1.9105756108935736
-1.5221672495043777
-0.759630952554
-0.321274737907
0.0427337189477
0.180089970493
0.0763464415399
-0.155145557331
-0.342252331312
-0.34696954523
-0.136286294509
0.203927469194
0.518801649332
0.672763522304
0.630317540474
0.484986719236
0.416231476645
0.59014813278
1.05050901099
1.65669289758
2.10785932895
2.05466374798
1.25760489783
-0.275567469528
-2.23855643038
-4.09429657232
-5.24564049382
-5.24780051585
-3.98044728921
-1.71021184847
0.983877422999
3.39611337065
4.92228115467
5.24670094705
4.42278924483
2.8244356704
0.994361906951
-0.548810454883
-1.47348781725
-1.71440394332
-1.45006317091
-0.998029118097
-0.674115079171
-0.668594827895
-0.980804188362
-1.42981286814
-1.73258631941
-1.6203300948
-0.953257705595
0.204865373999
1.57951675768
2.75335451215
3.29397195307
2.90473727496
1.54907689322
-0.499564619509
-2.71037532829
-4.4450792077
-5.16231672728
-4.60715451702
-2.91370686241
-0.575069997189
1.71718795951
3.30977928373
3.8126328349
3.22458715994
1.90996298255
0.436524081955
-0.65690881336
-1.06559805542
-0.812323747138
-0.195253819637
0.378113016724
0.589024271884
0.344156723116
0.10976211992577589
-0.1541906487536835
-0.20380223184760382
0.02878166365503887
0.39666699240956405
0.6215066705190395
0.45519690640614385
-0.16570335321284801
-1.0568492471578281
-1.8528884327098325
-2.1759737106732047
-1.8236182928265805
-0.8801689477257497
0.3081862654880041
1.2872360285710158
1.7038482590052269
1.4667074798350939
0.777282607570811
0.014311880022347623
-0.4698615244949167
-0.5358060218052003
-0.3273765867313472
-0.18504160257542424
-0.44284615175301667
-1.2133602228664842
-2.2769725349022423
-3.1438378612032523
-3.2707926783210297
-2.334062686948414
-0.42341939912313364
1.9455016158861724
4.019604661705401
5.118800504260747
4.927318246351774
3.629166393102679
1.8222132811448546
0.24965778373466208
-0.5254661857023706
-0.3504075438347627
0.48788964054877226
1.4414315866578562
1.9943970742441763
1.923468137234849
1.39719957084
0.230191895608
-0.453751421158
-0.406054857383
0.243530317571
1.04480667345
1.45682478229
1.13262173578
0.112630491648
-1.17493015347
-2.11168468729
-2.18970372505
-1.26712261965
0.348153131297
2.0290506778
3.11101164806
3.18775707262
2.27895879917
0.793069596916
-0.688933573182
-1.69548544618
-2.06972500422
-1.99930665889
-1.86452348362
-1.99231395097
-2.45061490798
-2.99403030867
-3.19079043044
-2.66485551503
-1.3256442354
0.537115503443
2.34730052232
3.48235129999
3.54184151307
2.51274466155
0.752311085146
nan
nan
nan
nan
nan
nan
nan
nan
nan
nan
nan
nan
nan
nan
nan
nan
nan
nan
nan
nan
nan
nan
nan
nan
nan
nan
nan
nan
nan
nan
nan
nan
nan
nan
nan
nan
nan
nan
nan
nan
nan
nan
nan
nan
nan
nan
nan
nan
nan
nan
nan
nan
nan
nan
nan
nan
nan
nan
nan
nan
nan
nan
nan
nan
nan
nan
nan
nan
nan
nan
nan
nan
nan
nan
nan
nan
nan
nan
nan
nan
nan
nan
nan
nan
nan
nan
nan
nan
nan
nan
nan
nan
nan
nan
nan
nan
nan
nan
nan
nan
nan
nan
nan
nan
nan
nan
nan
nan
nan
nan
nan
nan
nan
nan
nan
nan
nan
nan
nan
nan
nan
nan
nan
nan
nan
nan
nan
nan
nan
nan
nan
nan
nan
nan
nan
nan
nan
nan
nan
nan
nan
nan
nan
nan
nan
nan
nan
nan
nan
nan
nan
nan
nan
nan
nan
nan
nan
nan
nan
nan
nan
nan
nan
nan
nan
nan
nan
nan
nan
nan
nan
nan
nan
nan
nan
nan
nan
nan
nan
nan
nan
nan
nan
nan
nan
nan
nan
nan
nan
nan
nan
nan
nan
nan
nan
nan
nan
nan
nan
nan
nan
nan
nan
nan
nan
nan
nan
nan
nan
nan
nan
nan
nan
nan
nan
nan
nan
nan
nan
nan
nan
nan
nan
nan
nan
nan
nan
nan
nan
nan
nan
nan
nan
nan
nan
nan
nan
nan
nan
nan
nan
nan
nan
nan
nan
nan
nan
nan
nan
nan
nan
nan
nan
nan
nan
nan
nan
nan
nan
nan
nan
nan
nan
nan
nan
nan
nan
nan
nan
nan
nan
nan
nan
nan
nan
nan
nan
nan
nan
nan
nan
nan
nan
nan
nan
nan
nan
nan
nan
nan
nan
nan
nan
nan
nan
nan
nan
nan
nan
nan
nan
nan
nan
nan
nan
nan
nan
nan
nan
nan
nan
nan
nan
nan
nan
nan
nan
nan
nan
nan
nan
nan
nan
nan
nan
nan
nan
nan
nan
nan
nan
nan
