78.43555542003521
75.68979771615058
76.63140123917893
74.58293247667385
76.62717177654919
75.19916556404945
75.70542697085273
75.27040797426154
77.34760928562736
69.95488958030035
81.4653986198911
75.71528758001294
76.04947863544672
75.3735470288363
74.94885023181635
75.61997595084563
75.66279606377518
76.32034933510171
78.49927540631239
77.33789012648168
78.7755319968109
79.4928130490734
75.77317517449798
73.65902813284976
77.38807244236621
75.80916267506427
75.8904026313999
73.99733877388343
71.31717340261201
72.95555209075246
75.0560658898274
76.22305105459886
73.46387522541318
69.38089334624328
74.43874641574575
73.8784686746182
71.35260378553579
72.0153539044938
69.59155690495027
76.19573930518416
67.9261014749618
75.40465728051151
