79.03577924133788
74.9831018699052
76.96140149870973
81.68163893973968
77.05639480963602
76.59357684867216
75.07399086640011
80.9783238748488
76.59105532467734
70.55688176492686
77.25593729146348
78.94213875712254
74.50236614890005
75.43895237162234
77.83237078284256
76.32183621688378
76.33563913061948
81.14456686100165
78.02133782904275
81.15232732109497
74.77276772737218
80.79814425864927
73.62004432850995
83.56183891944613
75.84804841676919
72.28991087540908
68.69811381661839
77.53620963247408
77.7740002882738
76.14831803036611
70.81797895557202
79.56553332564977
78.82447098565717
75.0780451732137
82.43398300780423
75.38350394480597
76.61516666983914
77.32230994731765
76.90023285473586
73.78976987776878
78.40390095090346
79.87976625531752
74.51770974452484
78.10200747137094
73.38602549928021
75.05588446822662
79.28747559340415
