74.43769263021905
76.72680436956944
72.8719238226433
74.6198316257219
74.92067911335866
71.23478791514547
73.72233775957645
73.9186378384588
73.25693322112767
74.09390197839399
74.67755597829061
71.58244589668743
77.0580821223883
76.5229349482361
72.37648878759015
77.80011533052812
72.15342161390473
78.37911740696677
74.1720332081499
74.79199070640206
74.19025397464486
73.8109470403748
77.41176685298393
74.20537182798267
74.70527616730143
72.34387850017941
77.32422246598246
79.21838466673472
73.47817820500987
72.98093354381126
73.22567452418127
71.79761629479657
72.3058799822263
71.65991101554465
71.65337809098105
72.43301763511533
75.20454462785867
71.32261395750618
70.99963833234932
71.93586070090731
69.56524619187996
74.41060998013606
72.09927298090285
72.73475546694885
71.48685742080124
72.13784025446519
71.21378432895153
71.24744910530274
73.34252972922921
