72.68681841290874
70.96003315918787
71.43158393036936
69.25235364380777
72.37843881334251
71.91314008034716
72.27630592755398
69.15170915366238
74.07287300528958
71.92031867644839
68.51124354468658
73.29102439571491
70.77239354361303
73.2527508272582
72.61649656830835
73.14330995130605
74.71646099516323
73.25169014516376
75.11638353573784
71.98065704793265
71.08893528482685
71.01957143027263
73.35338621356993
76.32234512447263
70.95219103556082
71.47553173188805
70.12279828517586
73.05319375780387
66.73527863068443
73.45001351506201
72.70363861709717
70.50177446523733
71.69301318366774
71.4994726698767
74.63367687392326
