72.2439482461303
76.94775521075589
71.86999115868453
75.51397200961081
72.72354519735416
76.48050546658146
69.93441727329493
74.2741477687783
72.8296797653106
71.4011795680633
73.1914484248014
69.0851449701288
74.31916242215243
71.81216080290693
74.23265888488169
72.10675123350632
74.55191242715672
73.89976550301796
72.27235023876952
68.32345777222565
73.40458484590567
74.07300900891863
71.695788738582
76.37825205177316
71.66376820375211
70.16597026971255
71.73515950722302
72.55252943381669
71.79005336216213
75.25723225931931
68.88729141798854
74.38449606049207
71.91010009242075
74.27139951798601
76.78266212914603
67.3596391342544
73.67658369665378
74.77995101722468
72.97214544065463
68.7834010567201
75.58554749567574
72.27855416541308
73.94088961148896
72.61058440610458
