84.35548607006537
81.22109258418959
85.25762697316341
82.50484958067968
80.47780794141437
84.8140893458206
82.06831280472612
77.41649546780366
84.31455689119227
82.66178107273882
84.06113915076251
81.46652297599496
81.79969466885183
86.39163527041924
81.14885151137983
82.08923718245029
83.32196711694019
82.68871702656989
81.86500964643804
83.14009658198452
82.1112835467465
84.00240839879609
82.74118888134393
85.9324149282356
83.84706813735278
83.90392993756663
84.18731847798401
81.79460354851523
86.1052948162202
85.58489094489431
81.37403101171765
85.49342237451803
79.99431531233586
86.23560812971061
82.69461698361346
84.9701544640672
83.79554874960326
87.05232515055147
83.46908311050595
83.12453623619149
84.02634593036898
82.58091616768428
87.39721210563604
85.39848007204051
82.3153474017164
84.80454232406579
81.84102383640845
