73.15080541111692
69.51414332047335
71.17176561606146
71.20346164806224
71.12911929876512
76.25083567924185
71.29546858819799
74.08189667764924
71.71737231009274
77.69206952343754
73.1318886314831
71.76500850084517
76.00459501028308
79.82734357361329
75.77461719577002
77.5022477530982
74.94157219585838
74.98564081135487
78.1540924784711
74.49077759007821
70.49592514634492
74.04872427460413
74.9292609145879
75.37043454706505
75.45319056385185
73.29453509512183
73.03551636357531
74.94406877515934
75.28708377865414
70.43311100613778
