77.38710352576646
72.62785072871051
72.19627160460661
53.08034575427649
75.71474761137473
75.19896392048847
73.27082962871778
74.8106385525466
71.51547493978998
75.57444765601313
70.09758204861038
76.34994402231077
74.53524918002228
73.04289073184927
76.73648179890063
74.80843610881348
76.9282768150664
74.55160289929654
72.74558030642265
77.93492142092659
73.43911315175842
75.36999195918335
80.05077413341603
75.86373948762261
77.60528605236385
74.33158115490801
79.32340522630672
75.52952078437579
78.01671376970326
74.12759269420572
74.545081272495
74.8312097361287
