71.78916611770231
75.47125823281
72.16468934302137
71.70983952877819
76.32414612377478
72.46138569044666
73.76565321936468
73.01662836195838
69.87166874090326
74.90694009834982
74.63179801501823
71.77724788364037
73.01902142996627
74.1908239475045
74.83836983967909
66.44425170697195
75.36635770244112
77.36299462289797
72.62944584458107
73.20078445534361
71.66605171437311
76.84261871258435
71.09051481375297
76.63207252294
74.33645714882351
69.26737190155785
74.38665057607504
71.81222318660932
71.68249163042071
71.91202316573418
76.66548013919487
75.62111492798815
72.33568927038311
76.47621273289734
71.76872239096559
75.64264079475933
73.9061135290799
73.57524742196574
73.17378357832547
76.75736345414583
74.27305286181002
74.18470120427895
75.92361912164966
75.28657443643988
72.88230309124845
