77.3171094826352
78.80792540522489
77.33991766321657
76.19730879130577
72.17941765835101
80.45898277201329
76.7646258909767
73.84580207407328
78.77594504580205
77.14356848839604
75.473788590708
74.67073866294993
80.38060309176709
75.19422411245824
75.99623596515178
74.36976953133217
74.85431865221113
78.41853377872401
77.06821391115187
75.15336224374289
77.87974675931116
82.26958239192163
88.65390597594438
78.94104154186448
87.51501424853363
83.99168535396103
85.6884864338619
82.8012293481479
88.11371968933365
86.88988686210274
86.98735503719001
86.86897847065569
85.12497722206354
80.82521377978833
87.42494951712428
85.61556487708131
82.36657710397833
85.18773018858138
81.348230294926
80.6769425057247
76.82237460001807
86.01435737632156
80.29354370696228
84.69334094408553
82.13348901640722
79.696837034699
81.62802339314385
