77.7265651659382
76.41917544240965
75.51668923360066
73.69050450608663
73.43169150157397
78.21286832626652
73.8760868147883
79.69261301157346
76.23190998169804
74.27490188111827
77.6862069669584
75.10396468987071
75.1820845669877
75.9545430007597
76.74271318331981
75.8357345609628
74.79430563197818
74.14515081643974
78.47568406953918
74.41385985840738
74.85839842752257
78.99578587231912
77.25760006521973
74.35661136564207
75.94491331535077
75.92267880635205
76.91989461728356
76.41849683545095
77.26610592560245
75.53514703344638
76.93433016740585
81.43392042367489
77.59736890836274
76.93530575987177
79.68838068559579
74.76861797277434
79.53087215840905
79.27043092093565
78.82302120073048
