71.327931040537
70.85273341485173
68.78717845213318
75.55918323291219
73.49429410284601
68.89594840038512
73.23131299633985
72.89534121235367
72.3918911779376
72.84707108784171
64.25705257170796
74.52361469435694
66.83074774583628
76.2625627139201
73.58133458955312
67.1859403612915
75.81229754232012
72.22409438782913
69.26169171763752
76.56241324064328
69.92853137238842
74.83186775908335
72.74066895348452
75.79564301986163
75.60472848028509
70.33111378419585
74.79640324033502
70.15782140831135
74.72822910000988
71.52982065718743
73.29073830854136
67.4081789637861
74.4357301749585
77.2150749270088
76.4175709308638
81.8376453737662
78.63845678903166
75.65752737905314
