73.38725400721246
72.75084893197597
74.44556076313334
75.56474170783892
72.93932764095071
75.54610802502506
71.95716254442338
69.5749094648984
77.86411763715924
72.0934910692597
71.87215448774813
74.0482638022668
73.1169348706324
72.90936429262959
71.1087420953309
70.68169086528678
75.04260397304427
76.39613535371059
73.14010433568674
72.42977025974228
71.59818421455304
69.34802278186902
71.94016877038433
72.91062845361935
75.06897223763954
73.27756471054624
74.92445469588148
71.474366345244
77.50198222380601
75.1682129682268
71.16098813170254
75.24060753029495
76.97534735216946
77.03346035633453
73.62219139384749
77.84833396025748
76.44107578989636
74.4850617544455
77.11895752024797
77.80591458815877
77.87455844041042
75.64474400402929
