77.30873716968937
75.55102287034617
74.66540176424576
69.03108495267838
79.90241780311341
75.10845438543936
75.45209331628006
76.11876972411876
73.86761413951639
79.24573475710162
76.14345187867147
76.32008872032762
75.83672308088475
76.36729029699148
79.07009897514932
77.83226402435527
76.41233465398888
76.72625362504047
80.70142490226299
74.64539462107936
73.75919922833396
73.4185339774632
79.16057534782158
75.31664379429449
73.55542802455136
78.82494897936527
73.10550530699834
76.92465180696517
84.26258219437679
78.48469834796374
76.3531437196651
79.37348604502859
67.72052993867328
