77.29229797719846
73.46322040651125
78.05148957998756
71.14973655902509
75.89188094543908
73.96828108214724
70.54368952650492
75.0085580415164
74.47501959009396
75.32700098087
75.74559842450785
74.01969872687373
75.26822279873392
75.50605948618039
77.06353430094877
77.05843844264555
77.40979318237223
73.24457527219067
78.74922691184749
73.91876074065345
76.02967555182319
75.87610445116827
76.21310501886225
74.032481613344
59.342012297217934
77.41013243601367
73.20564399847129
70.00190881008689
75.25164867444397
74.27528627876079
71.7434357746481
76.5081543281637
88.26303474133726
75.38841981351145
66.5345011047516
74.67600602383096
70.52508536723707
72.52308620854612
69.5559773992652
75.05697970792323
73.79048887030528
74.60653508217858
74.11538788032674
70.38365279751747
72.42906336890258
