77.9444149193542
74.18242035882744
76.08485977789456
75.87673670359382
76.11381149076324
77.26613766059026
74.52232191999866
79.26305214343085
74.1859245923673
76.13162738047419
77.79125465515042
75.2027140966572
73.03683344593216
82.36746282223586
76.84940643419304
71.73314699862215
79.21711996501716
77.64649554022984
72.19033085940441
80.22433019201054
78.24217343531677
77.4338306281739
77.01122906843784
77.36773037469328
76.03145298216032
72.88338685312408
80.2450101787866
73.18649476001531
79.62158437021606
74.23850185926256
71.49326763535373
78.794205551619
77.54089112908444
79.08200694828814
80.24115017172687
76.82160562445483
75.86066581318207
74.9011139887333
67.60950909522126
76.27760102152389
71.28918927021243
67.84201435477189
