78.17197961320662
71.49601433921818
76.09948429240505
76.85461559882741
74.2567387616577
76.85590464403083
73.52356775033076
78.02711024707914
70.50752354265461
73.50329846553508
74.41560351441996
75.26681132353812
73.94088980140488
77.83469935455224
73.79410317229173
78.85517073351498
78.25179176102623
75.23519521081168
74.45419960614845
75.50014303684183
73.81338317677526
70.39986093398727
75.81934637975422
73.45352226904845
72.27409548140807
70.50570047237943
74.49442757845509
73.49438773682229
73.2838466554072
67.42989949790785
73.40101992771054
69.35243866959763
75.20788533956258
69.27081155854921
70.2152791036583
72.66054469460335
69.41254586205423
74.82944917266994
71.61435063033082
73.68048825552592
68.37822336683257
