72.19202632001078
77.5869609251172
75.52262672167498
76.06684301398084
73.86154866191787
72.11563183314058
76.96495431547828
76.10115302269523
74.41536982536871
74.09818905242588
75.65936595284543
76.10351136627335
74.42541298475788
76.04485209302388
73.89577145968876
76.1192599833968
74.89759799831596
78.19720000478252
73.42905702636585
77.61387332873217
74.56045949006511
72.91961594293082
78.5549376463796
74.01000164943338
72.04210273277158
75.22249050868459
75.16552864791817
78.63076593167396
76.56903436035427
74.61392551227993
75.58330951248558
76.19821257784493
76.47073818282786
76.46447288353468
