76.19879347258914
67.67937279874222
74.31709962821391
68.88297832366979
77.22941221999523
74.01666405330127
69.38635646457956
73.21037927051174
71.68217536415924
71.6353073685155
77.43835998131888
74.33969443044278
72.73796813533484
76.87611862648855
73.42989620055371
73.7751900901334
74.97948149146762
73.45054544360308
72.58735492903703
74.70346583361098
74.33466955825783
75.37985763360635
73.56930857754122
72.22364395692753
74.29367594047417
75.17847262154498
74.30858616407932
78.43065194230485
72.70588637517329
76.9935193391195
71.07468436376024
76.75425946186886
74.66646386090646
73.06683209441297
68.96353025971734
76.13513347588915
72.61106064993618
73.87789536161159
72.19687348916378
76.89938439067417
72.85458013251008
71.95362586576903
74.12136475561772
74.61422694617085
72.90847391730648
72.79011977223922
75.93983428312279
73.68282788774161
69.26082086497763
