74.19396564057489
71.23649202187612
71.6811714094205
72.98421628909085
72.04807769061807
76.30972583352552
73.74976611175822
75.70162017193661
73.20144424381058
77.66543289023895
74.83552620923568
69.78799447206512
73.23443321119123
76.57067737916736
75.1991006174228
73.2973339633973
71.33700044114744
71.82996103405424
74.37606594976158
71.23591724424708
73.65460708530716
73.90432586762779
72.44702938256381
73.90067581358551
67.70215036209856
72.64084957207098
74.1923204694184
76.98097862901696
73.36437131081425
72.7014115009315
76.864650397996
72.98222641771417
75.79408050387605
72.36600983246413
73.41800459129303
75.0175078479457
72.83943576567106
71.41002175668183
75.7213533480712
75.74337111239785
74.80118075918182
74.307091557094
73.98377260661186
69.95660665130549
80.3379198147044
76.59389027185723
73.25423979985311
74.40674050390521
75.83742473430118
73.14009061224971
75.33195962719599
74.80085576266526
73.51447792547754
