74.71564993562943
74.02183624161397
76.582930748232
70.83112241623479
74.9200344704688
73.04502614095271
75.52012341810027
72.93206258140434
72.19675594759997
77.73679950678643
75.48180366191339
73.63789427050615
73.50370633915412
74.24158636762593
78.30459889966056
73.36253077241979
76.51682538692853
74.92518932377294
73.0447429456969
75.21362207835212
73.74218164777487
74.11993274373738
75.87456138602877
76.36575859503301
74.21330872264008
75.33389911946938
73.6231224796353
78.66128065276096
74.15397521170428
75.84620507058878
74.57381664986528
72.80539068289698
73.12399453679865
75.44887348977733
74.41983838784677
74.64475589012119
74.9333600993044
