77.24493474023144
72.02367848018423
72.69432514604642
70.98344267771135
76.8276282031961
67.31494062175
73.32079509097022
71.85397180336817
73.63975935256491
71.71765718172749
72.12966538110607
72.62818929394733
74.58035386237293
72.1428710450336
75.55592641497446
72.65638396071941
74.35253807945008
74.37630164402867
73.81540277209432
74.58527619437668
70.52518774068358
76.11407952985948
69.16530124793462
75.84055596096673
72.90144930855445
73.96083569578494
75.45784356501804
73.92845084245236
73.20772541454312
72.29427817728765
76.59922297827892
72.50210599747408
73.87211213711191
71.82874566252053
71.25126476910214
77.18919673587173
74.54894278075648
73.45124051145763
71.05358547456649
77.43561593641475
66.25182832175051
76.21099268603545
74.9768959813895
71.02221694354944
77.241520541433
