73.63077853962857
70.09667374401046
71.20564718339813
68.56059233385463
70.23869145468514
69.83648618767607
73.29026307296246
70.33072666949951
71.0401213432599
72.54095081650995
70.34575734279923
71.09239198691023
74.857007109099
69.8532670809314
69.85471950960351
72.59784436725793
72.53454990883603
67.20571154896345
75.74022199013012
71.3896316600098
73.47296539860741
71.44136086112326
74.479996526972
74.17766508351528
69.27743716738291
72.65642100953329
75.19089964967235
75.88107288905282
74.78578747397711
74.50893593987666
74.50912503464511
71.6675642984157
71.0583155363255
72.09638081858213
70.86123837756816
75.16756590895017
75.02161726255679
68.51882312727048
76.04750776421395
71.76667698912377
73.47343658241272
72.72079096896175
70.33756141392632
