72.17926156475583
69.11524768917417
69.02828850507788
73.83378144270377
77.11576853466742
67.52946766830837
70.69916601599203
72.85640614236814
74.58072559211604
72.1395754993906
69.84621049611646
72.53124645984033
73.6710315257056
69.3474425780064
74.21053196388186
68.6025747903443
77.02939348410099
73.08639092380675
75.2729831094476
70.94469341647869
76.24505602329845
71.69427833589816
70.96942809892039
69.03975570084276
70.78281446570793
69.24597237570003
71.81064767686536
70.12992837452748
71.8713351551632
73.40918649426555
75.83131644695453
74.10182044542307
70.25419955329949
70.49816972400413
73.6193667339796
74.45913554517594
71.07435264234493
75.85157815778541
73.22453673850492
69.41934743135926
73.71332436991474
69.55328060410261
73.26709259843432
71.6427979037719
76.70152306146213
77.23146390117896
69.45624732024066
74.81273171815167
