72.4350180654035
72.0775970955852
73.61477942367185
71.52636038760355
75.0042588988603
70.24251616958227
71.18341246536403
71.0012968679974
72.25831218686122
70.43510036585118
70.74932132244435
71.13584943339352
71.89304118179831
71.63257099535669
70.73890293894301
70.22942968533255
72.24440877117355
72.60734718268833
72.5189371560806
73.85114259373262
74.98296709948784
72.77281670984803
70.81606564141316
75.42469689928772
70.84911580721314
68.46180697334535
74.73298772956709
68.23237146518636
74.83835920041814
70.85071232515025
73.8907856063116
68.20452845302066
74.38686498273589
69.17768254125781
74.87852144400277
73.26897138827348
72.66588201173215
