73.1715790459935
75.10010135658383
68.28560284044613
74.04972215719768
70.28710421570526
76.15086055134898
74.73883611703971
72.82779344257564
73.03780928914924
73.79974455004358
74.18417579851494
71.26452195626501
72.69950666850177
71.17498815758009
68.213019230707
75.35763326729366
72.86399838711952
71.96079894718318
71.59053112265829
75.80712555061271
74.87435204718165
71.58107508074136
76.67553731599648
73.3333617425173
74.96963712932563
76.47969275248204
71.9954091333218
72.86198233365576
75.30451587172655
75.1407761836831
76.32367129578702
73.77926492257541
80.07414071528937
74.24661238331237
80.25003988108399
74.75154246482134
74.81354346102262
76.76321086416834
80.63953700075841
77.12326659483779
