0.13394558477339324
0.06313940568127765
0.0710801620549749
0.036101035088941136
0.03614343505067011
0.054173684902303225
0.0575418042376986
0.013318570865932352
0.08049083122681136
0.21453299516007562
0.033195984160746886
0.03011282909617434
0.07994301530113182
0.10120826570736677
0.05737892021090934
0.10881294469702094
0.045699017918455286
0.1483325567337633
0.3265978226749492
0.15077457224626648
0.010979302534407459
0.10223497229685584
0.002339258611219499
0.08181182255547371
0.2701086776601472
0.029416576822319993
0.08688892430917597
0.023134564390669254
0.0628051635358083
0.07570355354194122
0.18142780793740879
0.03839881182851572
0.017763844052280698
0.02604490422949259
0.06926043708040391
0.044052046553643046
0.05816872875035772
0.09051986464604793
0.014883696946448623
0.23425406894380926
0.10356662893821776
0.3199123078044389
0.038988517347553334
0.23004554381782716
0.037429391035225114
0.04588681940791382
0.07849926286125879
