0.0018693415396173908
0.05565899715634834
0.10460213455400863
0.08104684842139809
0.07982689698119205
0.04937845616905038
0.14426107946843927
0.08187594355953719
0.15123669980175072
0.05035516794231963
0.10057385517863096
0.012645785550082821
0.09461481857821173
0.06939047881462179
0.10402610664549441
0.048402690253108074
0.34085654071305443
0.02373312350826009
0.15144619253632802
0.08026767644957045
0.08045741415196198
0.06538000234708229
0.07256743910844439
0.09210068411720658
0.08382840333720536
0.051409009090750066
0.03859387580089387
0.09149936587775326
0.07380762606706864
0.06885769246177718
0.10544346823528418
0.08671589677896907
0.09718808901394722
0.04699346003339838
0.35368066851518815
0.03658611167034959
0.12052284769994724
0.2654936703073387
0.01864679894606389
0.07925093561060352
0.02626822511577132
0.12740570602134
0.07488401621303956
0.1382492462908576
0.09267427406007982
0.2975162223901614
0.008490169404788748
0.023233093882730413
0.09277324798668883
0.0846906174509453
0.04939854908365536
0.06056612064611434
0.09453205540762459
0.06483498982801783
