0.03247929092357458
0.09520570837228404
0.09686160744762545
0.06808622435013022
0.06487915332688578
0.08416112042846996
0.07419206115859096
0.10064533308915263
0.06421680806124089
0.08918928693138999
0.0911955828741045
0.05582329462979134
0.13779004977887857
0.024467852654601566
0.2933571650752174
0.04907287478670617
0.11191278651816657
0.07933350677490131
0.07781803929704455
0.3317914896658582
0.034045296090466755
0.1335625466059715
0.1522335526125236
0.029996150698743236
0.018147601945892676
0.010397974992881727
0.05926185963153104
0.07560638969226759
0.01173409408375049
0.06908154234649357
0.26411938186457323
0.016034134029715548
0.11710316382649211
0.08575498869774652
0.04143648411491678
0.05614837581226788
0.10000503751502425
0.06268478881858211
0.026126564649676984
0.07015649790704005
0.017874442695320104
0.08088281392280273
0.017621561492068703
0.09083071572077792
0.04144676484426972
0.025603018365640672
0.27732340359991575
0.39947899434347117
0.4728013998066751
0.015890575908617158
0.0753677270461533
0.01458578740802661
