0.026846947630968968
0.16392513509289783
0.15291296805907714
0.06562974344038178
0.09108736628796346
0.03624874934119218
0.09464039888027231
0.06893499297124851
0.24375538496842647
0.024564124341704945
0.1016182128621933
0.08687542559424244
0.029962148465800777
0.2706716609545037
0.2529341844449228
0.03964067848391698
0.08787171410642816
0.020532413105586164
0.050830623374557106
0.04922873194456145
0.29015241438046896
0.011473720879664143
0.04289468118336785
0.10642166165304222
0.06016456739812423
0.06299874369882
0.12323000848588501
0.013409171181490681
0.0447608302757958
0.02699442570026331
0.09287367986620815
0.060934587089072866
0.29280252183321326
0.05892829007606719
0.04876036210915861
0.10458189426591549
0.22303969174827898
0.01267126033984096
0.0919914056118622
0.058431644562470034
0.032698176616320074
0.02920405113229847
0.01651145889087685
0.07037020817049007
0.07784804712899514
0.028073944890578323
0.05725722922256064
0.2948994061337044
0.031387768976963014
0.0637295132117335
0.05428716629124401
0.0716915197731473
0.04322222262319432
