0.12074687745805071
0.011931877161701252
0.12351974608992565
0.06080304163659517
0.36328426975185896
0.0986975826990118
0.1717446841467485
0.0393870220162917
0.017549438139133205
0.08929516418178321
0.05790703366283816
0.17116958059603615
0.05660735204460212
0.23432911150209776
0.07939632340683446
0.1040119830749662
0.06891660583272158
0.1240245854423471
0.053703421538307476
0.05498532621075961
0.008289891128991951
0.14836860733066543
0.02139251056371126
0.09400709179066168
0.05392790592622949
0.0773837502520525
0.06491697061674818
0.0022516766360773676
0.07671169445899868
0.10128962973773764
0.06285155395107506
0.06266046637409246
0.18045643545813564
0.006822402647994644
0.02580161695673445
0.059937945659949685
0.06766129948300013
0.04509860683232644
0.05172540315815073
0.09735794704565191
0.09740953162367263
0.05383192892986323
0.010100866182905299
0.09033694384193927
0.04594093294760193
0.08985236333585704
0.1062062687793396
0.0645870003181673
0.047321449152798345
0.02953382012503591
0.015911530418857452
0.0798044033605329
0.09653395486511723
0.0272570380247557
