0.04528049386028726
0.08502888162507034
0.08521107861221115
0.10020107668569526
0.11042063270087515
0.0223544823062641
0.036300221878851215
0.048127283968468805
0.07531712721227321
0.038129234101283875
0.06725198785517736
0.04045498758756432
0.051397899963461904
0.10096001108421239
0.08803192282179692
0.08429777082329333
0.07485405251011407
0.09646419959787643
0.02049771783522656
0.12454340082209134
0.08103092645249259
0.07338458056012476
0.49137609065335514
0.10441303767888707
0.10567104330515717
0.10623000699580128
0.0642051503655937
0.11856366890159588
0.04241307740337024
0.049921790303126365
0.06363117860194645
0.10048813577250877
0.06487935952145388
0.06662731511699399
0.07177715662694566
0.090210279905018
0.09089722873772856
0.10450326272985407
0.06878470284682843
0.08576216957656804
0.056021129992024965
0.07572203922854606
0.07669738760332481
0.07151058688471439
0.10175637578663861
0.091867072169698
0.023083166077506812
0.06736336571052398
0.07750880792380266
0.0020439629279316554
0.07130373359767715
0.09669550367183324
0.045082387609549246
0.05939549745969341
