0.08256706683225376
0.022936715870128452
0.005123681184559874
0.1103722301686179
0.11784121713348318
0.41786533009666854
0.030123220439564762
0.04958193462570043
0.041186221315792054
0.09617414143748065
0.054884861816948835
0.09728966791583413
0.09756916321949333
0.12853882391239813
0.10372831151592408
0.6596101588041343
0.3238459454285817
0.15760334911352816
0.0339426378859125
0.026104462295190478
0.3806755802608521
0.42442105457799584
0.031696012972218614
0.19113908525267342
0.09293865270872192
0.2960708109530601
0.10976967918055024
1.142669371161951
0.055832737307499
0.20399179584962915
0.38971337753094476
0.01115244808484014
0.27338032313113675
0.019287812612029144
0.020800156369355515
0.12665146835358282
0.14566316515625452
0.12279701346739262
0.29727192873560715
0.041129317309056085
0.019262828276819088
0.019523691070703026
0.10113979167883182
0.09238250659996441
0.08820652978896781
0.06020578009506235
0.13360555486806508
0.10993816810727244
0.0395349769844568
0.05514694761710129
0.1404977965915485
0.05415054182385533
0.08324429361533146
0.10757956485386057
0.05149588644245473
