0.1435731085513384
0.007762338673626141
0.041563860985129646
0.1003716175024794
0.028113017602360898
0.07384480465780649
0.09801339884042184
0.034876130400706765
0.09962604867010709
0.05931204265846503
0.08748415529248535
0.045017148722951
0.14484291312854297
0.02144306779438923
0.014529719851872383
0.036970025880785275
0.09735112349269472
0.0578437430246983
0.06528153126806349
0.09754386731165571
0.07878417409494448
0.10031643968380101
0.06166591569997663
0.04048755872677224
0.040087536200124015
0.09738016875056728
0.08816910965905407
0.05655371366464215
0.019373285408958912
0.0625504676809107
0.13153694860712947
0.05196284594971601
0.06654392698981441
0.11410912947594386
0.09627078086817284
0.057396679326364025
0.0886458292880443
0.058012614444462124
0.029138153318298776
0.1426232158915153
0.05734749800122243
0.06409376767323309
0.05252769553154685
0.03830914233347131
0.024256388830232106
0.05804552822716992
0.07363241480392509
0.07633732346398744
0.09077470380056205
0.010772238846923745
0.017886557462056293
