0.06557443891609088
0.04809904565022109
0.08008760302972764
0.04945736395428757
0.08341430126761523
0.04969252655011792
0.3322685220241909
0.0533739433241564
0.023086989593839292
0.09578060578176055
0.09875139837665801
0.08542909313144478
0.07125049226770146
0.09620258962749867
0.04270076531587093
0.010612152297316659
0.09469517850294139
0.0836063052420599
0.07575327171215611
0.06826171288777945
0.07448215293166516
0.08467260155428584
0.16606151311880005
0.08312234513439694
0.10843439873929907
0.02285147871279303
0.044804945841014195
0.15237639776718678
0.4129778181903434
0.008449705349957988
0.037871254493411735
0.10210310427231083
0.11873941278596822
0.05569417988412872
0.37259753385975897
0.12413976388303034
0.053551522115697185
0.11918764749636471
0.07331885290943446
0.03701790253678439
0.09952082400039426
0.09098652161628852
0.06833276820170417
0.06499937230591386
0.3378953341296104
0.02047117983010853
0.13898190600934404
0.06996155521815714
0.03507381743750017
0.043753136204923
0.117275705460255
0.08042646393674306
0.053930852019779305
0.14119384889760658
0.022692554183647705
0.0524053223215221
