0.14320549381088488
0.060683678460831204
0.13305659469953043
0.11464982035382149
0.049880061192398004
0.09341747104902512
0.2783784677099479
0.3901559343883722
0.3891526540159989
0.04529468801418085
0.07427010502871921
0.07756698103350865
0.03712154561279999
0.08731511210479982
0.052812426429499154
0.04768983466437621
0.0539411292461412
0.0917808094248609
0.062362421034760855
0.0985639012061935
0.04441563225126057
0.014983315347020925
0.09417444284834066
0.0922353466324863
0.06399613174835425
0.06245344294619493
0.11345089711475179
0.6719086828900889
0.050582470417440524
0.023330248077811797
0.08879541386856275
0.026024790218481593
0.22133161178143262
0.11928320755460861
0.042018638099496214
0.019132159141193317
0.17747255279329183
0.07882917364782749
0.08982439934041246
0.0612320414021016
0.047200658220117014
0.14567826950047932
0.068966046113451
0.09323488538748237
0.1106825778183054
0.049497265425781395
0.27240432975410833
0.02414022283331376
0.04475708453525291
0.06930049955660965
0.008606466774934641
0.053893413643099006
0.07485666061304148
0.07402644572640928
0.06409024297020288
0.05747495293462927
0.11208819515865125
