0.11651993381514832
0.07953449358944986
0.04279104408401103
0.11409363575658048
0.059044524400399145
0.2206426871105673
0.03815596991492346
0.09485218201012631
0.09080467578440524
0.08854956058021651
0.05932452969249382
0.08073147371190721
0.07800577925688598
0.07691483387748994
0.06573871787481032
0.05019079925849507
0.054310131073917946
0.07262458355365345
0.08897919069873478
0.07757081439947498
0.09747901918999928
0.08022814028626547
0.04398814651030914
0.05527103482153025
0.09271679607725758
0.06071085120581836
0.07137924577001627
0.03202480030882439
0.09147153255372487
0.10388061979166509
0.14716584292606127
0.07294938119555633
0.15990012968968598
0.030009679539041215
0.09051451337852424
0.028621948334614875
0.04192002526351946
0.06285145931972008
0.05229793586619832
0.0658467296700625
0.10862904923090962
0.0747821420057829
0.06515657277451048
0.13366591372875242
0.09432153942925033
0.07899237067274034
0.06100724648578833
0.010354598676299712
0.022083270383241236
0.09063370455489748
0.08008719087785666
0.08344168883302766
0.08894766886462999
0.060608786495659664
0.062071698295260144
0.05828538330143789
0.12727108435107948
0.048824735289190985
