0.0030743430334471585
0.056685494164031174
0.11260697491078346
0.128377680730069
0.0722344560338068
0.08433891923952862
0.12496905753654756
0.10997962971959502
0.08294505830249448
0.07850416708012933
0.06230650067969302
0.10230731967813446
0.07060049295404751
0.07153609570600293
0.11950164250360844
0.024799574909914874
0.1188524566865577
0.1054340895626673
0.07498385249202545
0.08253579105949661
0.05108698248581965
0.10384840971655748
0.07900152701545117
0.0498458571345845
0.009259534316163854
0.04729136754097636
0.30567260900811816
0.03159595388518332
0.15353945885708511
0.017756495830009305
0.013710468379597256
0.12223912856059632
0.05881593172624326
0.07323494727629344
0.048098178782364526
0.03848604185875651
0.500246090783227
0.03049102937710738
0.18848454394470665
0.030316411443025465
0.12754393808809827
0.09000815115420421
0.029171369945470597
0.16244660768980262
0.314938248527579
0.024928897718836017
0.013571143845784289
0.11130161788206358
0.08132303482019772
0.053263117763592334
0.10625535722384767
0.0800607329177493
0.03422813258764961
0.09463780721375804
0.039301033411912906
