0.013985043400987858
0.021107343984366093
0.1003946862482711
0.1290597556279942
0.03724941967513875
0.11164841921885232
0.08830536414228622
0.08351017202305536
0.07943354374606693
0.07583920374448577
0.08610384401209872
0.059261657778023356
0.07554638476414334
0.06495019998553052
0.09147297959263813
0.17013418269921943
0.062057230338591
0.07459053197413261
0.09400670650594695
0.10422250580525856
0.07904360443761752
0.09048677428951042
0.08188897769736131
0.048208157809551955
0.09283927890107514
0.04258694566785988
0.008458624055513855
0.0946417825547751
0.09231455353752734
0.062051698460086034
0.0787214124839243
0.0691580327528825
0.05678615221702211
0.05417688741679271
0.040390595155767386
0.035401316112696965
0.04568293145103028
0.018361697017678886
0.12418786848311508
0.01688034760777182
0.10326811086713286
0.07777010755806867
0.05576234722690374
0.06481435768615106
0.10511061537614752
0.023961394842154864
0.07151978161024355
0.06798222792418383
0.2706042247446149
0.021921145540976593
0.10203688529979588
0.09866135041078913
0.0032165590785473708
