0.011217705849123318
0.08571113011782878
0.09405456035520239
0.0769229838930246
0.07227495649393129
0.07875771905366324
0.0777549729974114
0.11292354656438734
0.05614264908679813
0.07125470032026607
0.06379193452549183
0.08163892215346208
0.06600818621051349
0.050591318692542325
0.07867973928183689
0.052149339291643185
0.0995497443296848
0.0637299724235239
0.03035299697419171
0.017821123306425303
0.1449520803065772
0.09858107841753411
0.04385114776968485
0.025588683519718203
0.032595283379049406
0.4882308421086183
0.030932254800335228
0.004549086406441621
0.0904291363797483
0.2602882960522008
0.25129357744778014
0.01995407069662831
0.23418284801503592
0.0349564591278122
0.09651555125335544
0.036396183472650286
0.0804754884064889
0.031747005996614806
0.0892437554118778
0.10051967402757464
0.06434763370171767
