0.15039943386624638
0.0656502549872975
0.046752198043135886
0.09056298987744497
0.0831299893949974
0.04417323506757527
0.10258462727596879
0.0602508166651431
0.027333134073047105
0.09003224740861408
0.06995445261432628
0.02152250789883179
0.10849389958072207
0.10270913083156212
0.10246348116102137
0.03788129996901144
0.0910311808966641
0.07839263900657865
0.0642718607329702
0.02397793737829721
0.08265310579199266
0.07134444131006883
0.09596342368057789
0.0465804721420372
0.01861543600623646
0.07006656092424252
0.06476132904033507
0.3901960294027976
0.061266731826450094
0.05410271869662186
0.07197058376641528
0.07970917031608978
0.06920754307735748
0.08990073785601635
0.07650016183331221
