0.044466644725176314
0.03347074906376853
0.07822013297415689
0.023621872369837694
0.07730258031757808
0.08741885658118496
0.09123581132575641
0.08081482079973332
0.11843277215549314
0.0778666609076102
0.05625269108234964
0.1433568224690429
0.019441086050656607
0.017007018442391744
0.11472434192258234
0.0939284662390754
0.10972263389230465
0.09230997088800388
0.069086185852925
0.11987400948125765
0.02558677123089971
0.08037506648378509
0.07056828571692099
0.029864785058615673
0.10244721213617931
0.051679760800973314
0.02261999943135804
0.018210415346860874
0.016252552412583828
0.027284891039283866
0.022811311055343744
0.252309976040024
0.02881441562453899
0.1503133127255543
0.01611816071737825
0.03539339666779192
0.3327199098188361
0.016307380969490325
0.34902573391489805
0.18584290489385433
0.028425006762664476
0.0032724393546876003
0.027658370992562013
0.11644152635309402
0.10706528555408873
0.10712091416938913
0.09284258550986595
0.0007015534002707314
