0.05931463913075192
0.0691484210313645
0.08382533011191887
0.23811404028816727
0.10610294901893355
0.0701601833976527
0.16746753476787066
0.18440778005416014
0.08888226771985076
0.058704373480192064
0.09271737322015487
0.07335019514734499
0.07311209102590957
0.10664886531053698
0.0604530844630479
0.10014256707119115
0.010128900637740999
0.05188283401570107
0.009028672713392676
0.06699438529561828
0.09020754539114068
0.09919195266160691
0.07011242027216381
0.08723809281334825
0.02313323772666273
0.05311624325631957
0.009522020651190082
0.0978759562787093
0.11171670295861844
0.0597485507666291
0.09490945908235501
0.11259067647706464
0.0468972563909735
0.0737633486230668
0.03508903997229885
0.10129046877079498
0.04820936258948504
0.0988562141833344
0.12115553533970772
0.0664714116111264
0.06998933067846871
0.09312311418381357
0.04044257094777072
0.0811231510131442
0.020345943194417737
0.07032810023985626
0.09656977849727238
0.025835885338513342
0.011637154989588606
0.11743511058453937
0.07112583662950327
0.05376228804646932
0.09260175418212373
0.07245147151564656
0.10016105821474508
0.02819877756486756
