0.03585841755658449
0.0813111057454032
0.10032634248823763
0.3685678506203362
0.43060167433261876
0.08807144080695209
0.035082660326527515
0.08297844913816545
0.03965565351718233
0.07685459571328726
0.0514602166331493
0.04986413176690689
0.0724817866461266
0.06196613480705466
0.06803722795392773
0.06363569341090185
0.060670794349686606
0.09000805553811111
0.08205893573799361
0.07676143354192079
0.06109032690243012
0.10812268486484271
0.06643336739096246
0.1262345147859181
0.06766048187520611
0.04374206280526439
0.09745231235808462
0.01005056835451696
0.06293552293220192
0.07730780055754495
0.09319148145173871
0.06612992728951465
0.04757117982563359
0.10833771097042409
0.09605989397788933
0.041307370185089225
0.17755444801907458
0.06361885471742211
0.07498546961595348
0.08653112340346283
0.07302864603721788
0.08211979320490033
0.016150117547913026
0.16430562621640138
0.11861454385188136
0.008078778979341667
0.039112398446779745
0.024003523751750005
0.22877200420448882
0.012249976606761245
0.08195537817984576
0.06533069887342578
0.017542397364821737
0.07235760595090408
0.04155828062926408
