0.023289190137011945
0.010588610205687413
0.08308939321981039
0.08370896358240762
0.03312257356273306
0.08347479168386633
0.06666154515085508
0.09313544329098282
0.05538607123551326
0.023333147388006126
0.08523419455900019
0.02130190236649624
0.040668747900887287
0.06077861357466198
0.10689716498401962
0.12032836625183635
0.015949688046094573
0.07185695010665061
0.08238074339875094
0.07204209873229574
0.13561360126083524
0.08431242188373064
0.08741007891519575
0.010153456410663363
0.09121725894093147
0.07631076260741917
0.04050246106790034
0.051895172329318943
0.0587002626558357
0.09571988231742429
0.0685548232600323
0.0690871638351056
0.1182574069095051
0.027272284665022108
0.23062784653534762
0.028860683182065066
0.06977168716274351
0.07477845919568225
0.08776852423520431
0.0930416782756258
0.04819627961635649
0.04900884961944226
0.0773406698918684
0.06924069761510075
0.08656625094283528
0.08934862255875348
0.047112964922512525
0.04442393805591256
0.04325417419735842
0.08719089790401306
0.0513410970822915
0.04030548970695184
0.08924740915628199
