0.0363712809158223
0.08683088992682618
0.16151349201484855
0.5628313163769327
0.25820029689833685
0.019723365377378996
0.0848229935629749
0.07047165420810785
0.39232496539046025
0.06752292076529814
0.06832687212225255
0.06608648280633211
0.017223949217888248
0.14564570564930399
0.0765025922511328
0.47119027290875437
0.028776395751682227
0.09036403272616786
0.42983052966529883
0.2088002267595222
0.09744357051241385
0.1348918435489565
0.3046467324064863
0.12036676214646717
0.4438478308228099
0.0337704149637166
0.027189698668558204
0.6934553199315657
0.1282893309184747
0.19956742799233126
0.033466955612319764
0.08789873899934937
0.07039445820669817
0.45672490314505104
0.04422451015368437
0.04145761674223677
0.15072908541742144
0.19705967610892078
0.14025285246787722
0.05217531688033554
0.12951808726186254
0.18061721190052937
0.1137504819288229
0.046760074200465636
0.3261392172319013
0.06682205659495993
0.5109215623898351
0.21223215962095202
0.12169882938899512
0.012047648672941386
0.07305163417643463
0.11000023211437962
0.050113487098346524
0.03213753911779489
0.06708238908808746
0.13229664887385434
0.025223687512324355
