0.08048256449515924
0.08628906004828425
0.07167788398929145
0.10064585299247597
0.06607559191620835
0.08172300333963915
0.08485535945920704
0.05999583536660545
0.04422849643932589
0.02091521664509048
0.207687678745944
0.03257812688167438
0.09186001192821609
0.0674078331140618
0.11158144218329798
0.06344010860638233
0.04450593145770848
0.09372814705838539
0.28206062145752814
0.021692033472516876
0.008021212335559398
0.1463529006686727
0.22590153452848677
0.026422268441384296
0.020743534197959726
0.07671389217926185
0.08763141257577295
0.00972287337357392
0.01711844376217318
0.0740374736267694
0.0713125653831986
0.2251309671186903
0.023633280028776994
0.030363771498960544
0.027376367944440018
0.1157211368308713
0.041351039747109256
