0.10180482069102564
0.04176536372396319
0.06770549457853156
0.08343368860022038
0.0799410397920389
0.027755863222281577
0.05657268880077898
0.14074886749884788
0.038437893168594806
0.06979675844915781
0.0805534095274112
0.08575582957250553
0.016427992830526494
0.05920926097138712
0.07441850229383046
0.08387961114202641
0.09004910220403621
0.0808775947042608
0.10941003468679962
0.05879411180924238
0.07839179910688618
0.08148523682044148
0.05920549335208092
0.08288294576958687
0.05638222740419873
0.10043631833340097
0.025465779406908452
0.07664559953703298
0.08422402070306403
0.08983823946641672
0.05983919684121905
0.0984292284929423
0.05261230423202037
0.03896210078926312
0.06970314541403555
0.09991320015762692
0.07074085068314971
0.12135936530303039
0.07585551668654489
0.026138218830075423
0.05481177563209204
0.06942874393789354
0.12177634384278523
0.052772781175853385
0.12518666163443007
0.06044773384103738
0.054790384720219014
0.0341689083729669
0.07607052898775045
0.08361297648168348
0.0212769649556359
0.024396402612403726
