0.0032701185270241503
0.09535112258701024
0.06106309133266843
0.03393551762210976
0.07347883211062375
0.08879876494833644
0.08325161495001508
0.3261637013426019
0.11230239108438526
0.22009365601988012
0.10351273930708488
0.05951742174330089
0.0428511215370738
0.06150466321896792
0.054860000486395735
0.07466671671276924
0.05599660331692028
0.09414328100065801
0.053661567417862606
0.07408177455096912
0.03955989504526776
0.01289512146994784
0.08393800977986376
0.0916877085004783
0.07428269474456387
0.08303084444377816
0.0667578721248989
0.09992770857207323
0.02616142094210732
0.1175095967507471
0.05600023383414095
0.06759828009754
0.07412986318512178
0.06163444528332279
0.09539884697062871
0.050728167221503306
0.08935045566157665
0.06699771853580551
0.05239999032403646
0.06470983722889743
0.08598255438845044
0.077446416689749
0.026330307703831164
0.11789817353814719
0.048811735135972374
0.06910649949753273
0.09358907335921113
0.11487541607574125
0.15093684046641787
0.4090097597827532
0.15611320089668143
0.0821498077450846
0.022316399142416402
0.31586751546501257
0.13684136708232514
0.06731871716650545
0.12116274809421489
0.03910742812604599
