0.026478252720655338
0.05505666521914012
0.07737079670919653
0.0901343523650183
0.0767038616574723
0.10226664323147683
0.030614269122941563
0.024690956103129224
0.07735110079262171
0.11336994886362538
0.02785496413191414
0.10543592263923618
0.0850748589786718
0.08208008398056903
0.09156424664851257
0.07076908939289167
0.05497528309187416
0.02038809593724142
0.0679177418425132
0.09369475531469813
0.06049924571102367
0.06052463813813422
0.0721137483912382
0.07881646251190653
0.024966968026349796
0.034083005140206686
0.021150521136070403
0.0216218300803943
0.06038909715812835
0.08972174616701571
0.06185131218737425
0.1090177986210186
0.02712601331198186
0.013249491046066606
0.033883616590584184
0.08471840867753969
0.03773083759327527
0.5781626142558658
0.016103288047353906
0.07836589600456056
0.09990740427489878
0.010217839406348244
0.1343316770517095
0.04191636050911373
0.10816100084610872
0.03789169513508457
0.05778223380639796
0.066502113168173
0.10297582216572937
