0.18114088193220515
0.10902357567525597
0.08328231775220803
0.2048762824305665
0.09070883881388354
0.05022224283833715
0.13212535114877927
0.08952149899555481
0.11281607460096106
0.11093298781267542
0.2746282142278102
0.26102070840001695
0.11439779979991989
0.06773999374252374
0.05746660663306895
0.22187632438512644
0.03612504404950887
0.3446394938073279
0.14201497079847636
0.17182039906178725
0.037452465033670154
0.11682692630335843
0.0644221784055217
0.0681546930744823
0.10256514770911933
0.0320796044658979
0.07014477491564207
0.10263855938245002
0.05303447627362541
0.17906814919443506
0.11665749128064634
0.18402714941848305
0.062327250815626484
0.16572790294954137
0.0496542554052745
0.1338126317450725
0.2842649186836397
0.0392157528998461
0.044792797903655646
0.3786953510835289
0.13254656141434162
0.07447500866741244
0.10798686049818018
0.2393468379498077
0.03103456211610233
0.022601449302886534
0.13763179879490592
0.028159950192293982
0.017659761130851964
0.5273217362323491
1.024279965896314
0.06609874684442003
0.12782446361619343
0.09233285026430428
0.02871552101593387
0.028849333344847915
0.08936508919238043
0.06315045771690835
0.08630041903777799
