0.10248752264491978
0.11227400766647347
0.09166331044854828
0.10382458365789352
0.07403858615640316
0.10085668989534916
-0.24789919680177733
0.019108030918090248
0.08941785652146049
0.057542432713913225
0.04824476594690036
0.06470455382706773
0.09193703435663249
0.012292357281753154
0.03267784929843156
0.07542430237505401
0.08641074533692088
0.09824041430754735
0.07595615764230794
0.04978455860238386
0.11117200909298036
0.0674436884268733
0.053565835460676656
0.08082102872311471
0.10683885156853974
0.09514420213419587
0.050588090445653114
0.07573715087189772
0.1460063218241058
0.10483204228693602
0.08337101794139831
0.1572724558629592
0.096785270708701
0.08053585561694408
0.03894710961808703
0.044880834227991204
0.15557253714028166
0.0842856136803075
0.00612510710455148
0.08356449453172281
0.5420745982355498
0.041075458501783325
0.17676440706429858
0.04390262187425054
0.06586669978873926
0.17284327528612747
0.08557412091338755
0.10441142383720581
0.03496424208683384
0.055660426661670745
0.07584671413194186
0.08531858823848304
0.06540088543342568
0.035465437897334924
0.14106055995782818
