0.09454100659139032
0.07967087255926861
0.08345414074320563
0.05989838730071174
0.05531065107300906
0.47496216579756284
0.010898755087161097
0.1824660362679332
0.12916335913020302
0.05109481714145521
0.05418772105437733
0.41404993207065804
0.042711558021870655
0.31301462363127214
0.033767340779054175
0.10230784040973379
0.09340776267044285
0.3073861004835518
0.032823998936659195
0.4493665623568697
0.014908554987488989
0.09237560422809182
0.199915470456624
0.036071361556840695
0.06578149617145047
0.011603328721975822
0.04555523872069667
0.03848376811083052
0.04424367727599991
0.029627862682022398
0.07376308741545383
0.08030216003584346
0.0877476926202835
0.09199764321513346
0.06430682250524472
0.07379090578812934
0.05102212937889131
0.0810197126535932
0.06934204064838884
0.06259699207213254
0.12238471186555355
0.08267785722638636
0.05296482994309674
0.023796830926247414
0.6630463170995339
0.023189861462276543
0.08968341510405793
0.060790915246676354
0.43152505881161835
0.4664346226575122
0.008613917272883995
0.1289975237770467
0.06814899041618412
