0.03389318742898472
0.033902197156014516
0.13053816248455072
0.047939661616470064
0.20426180702002075
0.04673919914674611
0.14857193240658845
0.04188702902315462
0.07792675808053036
0.06358326202881172
0.046755996319999826
0.17578979825305718
0.039207877428583796
0.0749224696548036
0.0425561522982979
0.05595192717007731
0.11419640355746338
0.08994774800256229
0.19511780173279072
0.09804978691186078
0.08174671981307763
0.07679572455995366
0.14592716915299947
0.06348961396226852
0.041186943423747416
0.04170283429617246
0.09539960595453865
0.06426859746550154
0.11052126315579916
0.09535101062382946
0.07131845181987848
0.09405367288575586
0.08361930910551396
0.14858571461754036
0.06332646714300685
0.05589892938086575
0.027377366466006428
0.027589783872021826
0.08060510115924326
0.07413358642895364
0.006147284416070808
0.03449258029630951
0.10583537603932032
0.0794568088561889
0.0772334999488901
0.08109843516275125
0.09927345597339082
0.06878947906291588
0.06988186808549804
0.011339569534954528
0.09812522418143732
