0.12476486781955923
0.0345063125835292
0.03849743170697329
0.13828004512042874
0.07765134431801456
0.20486741324241964
0.027257852345432414
0.04259547563141041
0.07620188652805134
0.07324171060157546
0.08148341599176498
0.10274827716566748
0.2705663151718162
0.08077067562066748
0.12265555902390426
0.014132602836380402
0.018840700252019532
0.07605040432919283
0.013480817714099709
0.10388107508702887
0.06301553064126322
0.13163779882010457
0.06320462175920104
0.07012339969647852
0.057286797622705686
0.40596870964287246
0.025898649758987233
0.07299407552302581
0.049146915489829086
0.01619510912352442
0.26194940688470264
0.0450757100946021
0.036425494198828935
0.013773476326248904
0.1361503001223454
0.08160681771924172
0.06529038060455143
0.09608111049690908
0.06450825924694017
0.12121995419289837
0.05713944778679121
0.08858879044805593
0.06743021979049264
0.1125874157348214
0.04353163609298174
0.11828373259857329
0.0799814987736249
0.09556771313840907
0.07003736569145669
0.08790284383528751
0.1295922247570724
0.05941960374756307
0.1127347466030585
0.07377458596436534
0.0831193411137779
