0.020804508711587656
0.06168825985969401
0.0901498148814373
0.12493976710303353
0.06179634968958317
0.07494373400119528
0.13401696703795776
0.04454556230474328
0.08242186793425227
0.08872952330121231
0.07759395111442045
0.4758562558550058
-0.2496524240142501
0.06268997979507628
0.05869814515478304
0.0821342492687402
0.09981652860738875
0.045822178965968435
0.10157272404692085
0.06891430240515084
0.10342437444862429
0.08199382062440479
0.10384051128940452
0.06880075838849598
0.07857512966622122
0.10727111116282988
0.0734556957703145
0.07607425987635816
0.07753791890742222
0.0645569431361236
0.08206711936388188
0.03161239783385056
0.07116127181293024
0.08814557291567814
0.07543118182238329
0.00960411107019309
0.06105642286228588
0.10670538884964975
0.1252545609373678
0.09126434745904023
0.07573041885053663
0.07351099679452543
0.08580202192058517
0.06310699086155731
0.06671908440152688
0.05451799707019895
0.05797759469805672
0.09446994227273203
0.07205974360498354
0.09186761905937577
0.07843339507156237
0.13336033034108258
0.04198792507371735
0.0830660209052752
0.08186412973271336
0.06863183396488694
0.08213322172668176
