0.01
0.01
0.01
0.01
0.01
0.01
0.01
0.01
0.01
0.01
0.01
0.01
0.01
0.01
0.01
0.01
0.01
0.10130147611593365
0.01
0.01
0.01
0.01
0.01
0.01
0.1735448850961112
0.01
0.01
0.33872402580653954
0.01
0.01
0.01
0.01
0.01
0.01
0.369139609261811
0.042633185268235445
0.016351459788421858
0.01
0.01
0.10828071097527481
0.01
0.01
0.01
0.06935751916528565
0.01
0.01
0.05915618531068199
0.19820939737350873
0.01
0.01
0.01
0.01
0.01
0.01
0.01
0.01
0.01
0.01
0.01
0.01
0.01
0.01
0.01
0.01
0.01
0.01
0.01
0.01
0.01
0.01
0.01
0.07334017179118671
0.01
0.01
0.01
0.01
0.4054146799297238
0.01
0.01
0.01
0.3466554693300159
0.07897595011363973
0.01
0.01
0.01
0.01
0.01
0.3181073747415569
0.01
0.01
0.01
0.01
0.01
0.01
0.01
0.01
0.07985076148067177
0.01